change_percent,mean_change,max_change,num_components,largest_component_percent,city,tile,year_from,year_to,false_alarm_class,spatial_status,change_detected,first_supported_interval,supported_change_intervals,persistence_status,evidence_level,cloud_haze_frac_before,cloud_haze_frac_after,shadow_frac_before,shadow_frac_after,valid_frac_before,valid_frac_after,shift_px,misaligned,ndvi_delta,ndbi_delta,mndwi_delta,aspect_ratio,seasonal_likely,false_alarm_reason,mask_path,change_category,confidence_score,tile_id,lat_c,lon_c
7.00836181640625,0.28232863545417786,0.7838598489761353,35,1.2054443359375,Ahmedabad,Ahmedabad_r00_c00.tif,2020,2021,REVIEW_REQUIRED,SCATTERED_CHANGE,True,2020 -> 2021,6,PERSISTENT_CHANGE_SIGNAL,TEMPORAL_ONLY_EVIDENCE,0.00360107421875,0.0022735595703125,1.52587890625e-05,0.0,1.0,1.0,0.04382641036614282,False,-0.14733105897903442,0.10109248757362366,0.027061372995376587,1.0,False,NONE_DETECTED,/content/drive/MyDrive/satellite_change_detection/masks/Ahmedabad/Ahmedabad_r00_c00_2020_2021.png,CONSTRUCTION,0.721,Ahmedabad_r00_c00,23.10195514029,72.48250871548521
6.09588623046875,0.27020344138145447,0.6931871175765991,46,0.7568359375,Ahmedabad,Ahmedabad_r00_c00.tif,2021,2022,LOW_PRIORITY_REVIEW,SCATTERED_CHANGE,True,2020 -> 2021,6,PERSISTENT_CHANGE_SIGNAL,TEMPORAL_ONLY_EVIDENCE,0.0022735595703125,0.00555419921875,0.0,6.103515625e-05,1.0,1.0,0.056899963968867893,False,0.04577672481536865,-0.009795613586902618,-0.029381155967712402,1.0,False,NONE_DETECTED,/content/drive/MyDrive/satellite_change_detection/masks/Ahmedabad/Ahmedabad_r00_c00_2021_2022.png,UNKNOWN,0.704,Ahmedabad_r00_c00,23.10195514029,72.48250871548521
13.89007568359375,0.31193044781684875,0.7993316650390625,21,10.51025390625,Ahmedabad,Ahmedabad_r00_c00.tif,2022,2023,MODERATE_STRUCTURED_CHANGE,SPATIALLY_CONNECTED,True,2020 -> 2021,6,PERSISTENT_CHANGE_SIGNAL,STRONG_EVIDENCE,0.00555419921875,0.0035247802734375,6.103515625e-05,0.00048828125,1.0,1.0,0.05090838328226996,False,-0.1416502147912979,0.015962257981300354,0.1064225435256958,1.0,False,NONE_DETECTED,/content/drive/MyDrive/satellite_change_detection/masks/Ahmedabad/Ahmedabad_r00_c00_2022_2023.png,UNKNOWN,0.956,Ahmedabad_r00_c00,23.10195514029,72.48250871548521
2.32391357421875,0.32591724395751953,0.775587797164917,25,0.23040771484375,Ahmedabad,Ahmedabad_r00_c00.tif,2023,2024,LOW_PRIORITY_REVIEW,SCATTERED_CHANGE,True,2020 -> 2021,6,PERSISTENT_CHANGE_SIGNAL,TEMPORAL_ONLY_EVIDENCE,0.0035247802734375,0.0078277587890625,0.00048828125,0.0013275146484375,1.0,1.0,0.06400669206664139,False,0.014762520790100098,0.015847764909267426,-0.01034855842590332,1.1770334928229664,False,NONE_DETECTED,/content/drive/MyDrive/satellite_change_detection/masks/Ahmedabad/Ahmedabad_r00_c00_2023_2024.png,VEHICLE_OR_ACTIVITY,0.334,Ahmedabad_r00_c00,23.10195514029,72.48250871548521
2.899169921875,0.2851558029651642,0.8510631322860718,27,0.79193115234375,Ahmedabad,Ahmedabad_r00_c00.tif,2024,2025,LOW_PRIORITY_REVIEW,SCATTERED_CHANGE,True,2020 -> 2021,6,PERSISTENT_CHANGE_SIGNAL,TEMPORAL_ONLY_EVIDENCE,0.0078277587890625,0.0019989013671875,0.0013275146484375,0.0001068115234375,1.0,1.0,0.04151507526310247,False,-0.15307846665382385,0.1082809716463089,0.0280207097530365,1.0164609053497942,False,NONE_DETECTED,/content/drive/MyDrive/satellite_change_detection/masks/Ahmedabad/Ahmedabad_r00_c00_2024_2025.png,CONSTRUCTION,0.413,Ahmedabad_r00_c00,23.10195514029,72.48250871548521
4.400634765625,0.286001056432724,0.8695101737976074,23,0.70648193359375,Ahmedabad,Ahmedabad_r00_c00.tif,2025,2026,LOW_PRIORITY_REVIEW,SCATTERED_CHANGE,True,2020 -> 2021,6,PERSISTENT_CHANGE_SIGNAL,TEMPORAL_ONLY_EVIDENCE,0.0019989013671875,0.0012969970703125,0.0001068115234375,0.0,1.0,1.0,0.05201760874767246,False,-0.017055004835128784,-0.004154093563556671,0.0371985137462616,1.0534979423868314,False,NONE_DETECTED,/content/drive/MyDrive/satellite_change_detection/masks/Ahmedabad/Ahmedabad_r00_c00_2025_2026.png,UNKNOWN,0.625,Ahmedabad_r00_c00,23.10195514029,72.48250871548521
7.60650634765625,0.31757852435112,0.7396553754806519,53,0.64849853515625,Ahmedabad,Ahmedabad_r00_c01.tif,2020,2021,LOW_PRIORITY_REVIEW,SCATTERED_CHANGE,True,2020 -> 2021,6,PERSISTENT_CHANGE_SIGNAL,TEMPORAL_ONLY_EVIDENCE,0.000701904296875,0.000335693359375,0.0,0.0,1.0,1.0,0.03184206322883251,False,-0.10580506920814514,0.060507189482450485,0.02695026993751526,1.0118577075098814,False,NONE_DETECTED,/content/drive/MyDrive/satellite_change_detection/masks/Ahmedabad/Ahmedabad_r00_c01_2020_2021.png,UNKNOWN,0.725,Ahmedabad_r00_c01,23.102351724058632,72.5074836743236
12.41455078125,0.29621344804763794,0.8607617616653442,59,2.581787109375,Ahmedabad,Ahmedabad_r00_c01.tif,2021,2022,REVIEW_REQUIRED,MODERATELY_CONNECTED,True,2020 -> 2021,6,PERSISTENT_CHANGE_SIGNAL,MODERATE_EVIDENCE,0.000335693359375,0.000640869140625,0.0,1.52587890625e-05,1.0,1.0,0.15086923517903286,False,-0.03432026505470276,0.023677770048379898,0.002196013927459717,1.0,False,NONE_DETECTED,/content/drive/MyDrive/satellite_change_detection/masks/Ahmedabad/Ahmedabad_r00_c01_2021_2022.png,UNKNOWN,0.763,Ahmedabad_r00_c01,23.102351724058632,72.5074836743236
9.5916748046875,0.32927897572517395,0.9464640617370605,51,3.631591796875,Ahmedabad,Ahmedabad_r00_c01.tif,2022,2023,REVIEW_REQUIRED,MODERATELY_CONNECTED,True,2020 -> 2021,6,PERSISTENT_CHANGE_SIGNAL,MODERATE_EVIDENCE,0.000640869140625,0.000732421875,1.52587890625e-05,1.52587890625e-05,1.0,1.0,0.03289732315307269,False,-0.04029400646686554,-0.057195864617824554,0.11148694157600403,1.0,False,NONE_DETECTED,/content/drive/MyDrive/satellite_change_detection/masks/Ahmedabad/Ahmedabad_r00_c01_2022_2023.png,UNKNOWN,0.805,Ahmedabad_r00_c01,23.102351724058632,72.5074836743236
7.70111083984375,0.350517213344574,0.9100987911224365,47,1.422119140625,Ahmedabad,Ahmedabad_r00_c01.tif,2023,2024,REVIEW_REQUIRED,SCATTERED_CHANGE,True,2020 -> 2021,6,PERSISTENT_CHANGE_SIGNAL,TEMPORAL_ONLY_EVIDENCE,0.000732421875,0.001556396484375,1.52587890625e-05,0.0,1.0,1.0,0.1428067526534195,False,-0.039467453956604004,0.028236178681254387,0.008185058832168579,1.0281124497991967,False,NONE_DETECTED,/content/drive/MyDrive/satellite_change_detection/masks/Ahmedabad/Ahmedabad_r00_c01_2023_2024.png,UNKNOWN,0.761,Ahmedabad_r00_c01,23.102351724058632,72.5074836743236
6.94732666015625,0.329596608877182,0.9685598611831665,48,0.90179443359375,Ahmedabad,Ahmedabad_r00_c01.tif,2024,2025,LOW_PRIORITY_REVIEW,SCATTERED_CHANGE,True,2020 -> 2021,6,PERSISTENT_CHANGE_SIGNAL,TEMPORAL_ONLY_EVIDENCE,0.001556396484375,0.0006256103515625,0.0,0.0,1.0,1.0,0.046528846542725565,False,-0.10588130354881287,0.034260332584381104,0.04396557807922363,1.0,False,NONE_DETECTED,/content/drive/MyDrive/satellite_change_detection/masks/Ahmedabad/Ahmedabad_r00_c01_2024_2025.png,UNKNOWN,0.737,Ahmedabad_r00_c01,23.102351724058632,72.5074836743236
8.25653076171875,0.32026687264442444,0.9879422187805176,39,0.6927490234375,Ahmedabad,Ahmedabad_r00_c01.tif,2025,2026,LOW_PRIORITY_REVIEW,SCATTERED_CHANGE,True,2020 -> 2021,6,PERSISTENT_CHANGE_SIGNAL,TEMPORAL_ONLY_EVIDENCE,0.0006256103515625,0.00091552734375,0.0,0.0,1.0,1.0,0.11635023657110463,False,-0.06064733862876892,0.03625214472413063,0.02555602788925171,1.0118577075098814,False,NONE_DETECTED,/content/drive/MyDrive/satellite_change_detection/masks/Ahmedabad/Ahmedabad_r00_c01_2025_2026.png,UNKNOWN,0.727,Ahmedabad_r00_c01,23.102351724058632,72.5074836743236
3.680419921875,0.28068211674690247,0.7433556318283081,24,1.84783935546875,Ahmedabad,Ahmedabad_r00_c02.tif,2020,2021,REVIEW_REQUIRED,SCATTERED_CHANGE,True,2020 -> 2021,6,PERSISTENT_CHANGE_SIGNAL,TEMPORAL_ONLY_EVIDENCE,0.010955810546875,0.0080413818359375,0.0,0.0,1.0,1.0,0.05670910042320694,False,-0.12290355563163757,0.050252653658390045,0.041943907737731934,1.0285714285714285,False,NONE_DETECTED,/content/drive/MyDrive/satellite_change_detection/masks/Ahmedabad/Ahmedabad_r00_c02_2020_2021.png,UNKNOWN,0.542,Ahmedabad_r00_c02,23.102744362597736,72.53245918231286
3.6041259765625,0.32245326042175293,0.889392614364624,31,0.714111328125,Ahmedabad,Ahmedabad_r00_c02.tif,2021,2022,LOW_PRIORITY_REVIEW,SCATTERED_CHANGE,True,2020 -> 2021,6,PERSISTENT_CHANGE_SIGNAL,TEMPORAL_ONLY_EVIDENCE,0.0080413818359375,0.0112457275390625,0.0,0.0,1.0,1.0,0.02592444116390785,False,-0.06906589865684509,0.029337933287024498,0.041880011558532715,1.0364372469635628,False,NONE_DETECTED,/content/drive/MyDrive/satellite_change_detection/masks/Ahmedabad/Ahmedabad_r00_c02_2021_2022.png,UNKNOWN,0.526,Ahmedabad_r00_c02,23.102744362597736,72.53245918231286
1.959228515625,0.29644933342933655,0.8412084579467773,17,0.5096435546875,Ahmedabad,Ahmedabad_r00_c02.tif,2022,2023,LOW_PRIORITY_REVIEW,SCATTERED_CHANGE,False,2020 -> 2021,6,PERSISTENT_CHANGE_SIGNAL,TEMPORAL_ONLY_EVIDENCE,0.0112457275390625,0.010345458984375,0.0,1.52587890625e-05,1.0,1.0,0.09583211570975926,False,0.004121273756027222,-0.03269466757774353,0.03479266166687012,1.1201923076923077,False,NONE_DETECTED,/content/drive/MyDrive/satellite_change_detection/masks/Ahmedabad/Ahmedabad_r00_c02_2022_2023.png,UNKNOWN,0.279,Ahmedabad_r00_c02,23.102744362597736,72.53245918231286
3.0609130859375,0.2938816547393799,0.8930290937423706,24,0.60577392578125,Ahmedabad,Ahmedabad_r00_c02.tif,2023,2024,LOW_PRIORITY_REVIEW,SCATTERED_CHANGE,True,2020 -> 2021,6,PERSISTENT_CHANGE_SIGNAL,TEMPORAL_ONLY_EVIDENCE,0.010345458984375,0.014801025390625,1.52587890625e-05,0.0,1.0,1.0,0.18736756897291665,False,-0.1083655059337616,0.06550556421279907,0.029474854469299316,1.0384615384615385,False,NONE_DETECTED,/content/drive/MyDrive/satellite_change_detection/masks/Ahmedabad/Ahmedabad_r00_c02_2023_2024.png,UNKNOWN,0.436,Ahmedabad_r00_c02,23.102744362597736,72.53245918231286
2.72979736328125,0.3074750006198883,0.951300323009491,20,0.62713623046875,Ahmedabad,Ahmedabad_r00_c02.tif,2024,2025,LOW_PRIORITY_REVIEW,SCATTERED_CHANGE,True,2020 -> 2021,6,PERSISTENT_CHANGE_SIGNAL,TEMPORAL_ONLY_EVIDENCE,0.014801025390625,0.0108642578125,0.0,0.000244140625,1.0,1.0,0.027309946024430983,False,-0.233878493309021,0.11529969424009323,0.05779314041137695,1.0905172413793103,False,NONE_DETECTED,/content/drive/MyDrive/satellite_change_detection/masks/Ahmedabad/Ahmedabad_r00_c02_2024_2025.png,CONSTRUCTION,0.393,Ahmedabad_r00_c02,23.102744362597736,72.53245918231286
1.513671875,0.3284502923488617,0.8023220300674438,17,0.2349853515625,Ahmedabad,Ahmedabad_r00_c02.tif,2025,2026,LOW_PRIORITY_REVIEW,SCATTERED_CHANGE,False,2020 -> 2021,6,PERSISTENT_CHANGE_SIGNAL,TEMPORAL_ONLY_EVIDENCE,0.0108642578125,0.00677490234375,0.000244140625,4.57763671875e-05,1.0,1.0,0.05169610900463974,False,-0.18674908578395844,0.10721354931592941,0.056697458028793335,1.0044247787610618,False,NONE_DETECTED,/content/drive/MyDrive/satellite_change_detection/masks/Ahmedabad/Ahmedabad_r00_c02_2025_2026.png,CONSTRUCTION,0.218,Ahmedabad_r00_c02,23.102744362597736,72.53245918231286
1.3916015625,0.30045783519744873,0.6932216882705688,15,0.2777099609375,Ahmedabad,Ahmedabad_r00_c03.tif,2020,2021,LOW_PRIORITY_REVIEW,SCATTERED_CHANGE,False,2020 -> 2022,5,PERSISTENT_CHANGE_SIGNAL,TEMPORAL_ONLY_EVIDENCE,0.0143890380859375,0.0109405517578125,0.0,0.0,1.0,1.0,0.062320114397799053,False,0.013612598180770874,-0.061837874352931976,0.06641542911529541,1.1194690265486726,False,NONE_DETECTED,/content/drive/MyDrive/satellite_change_detection/masks/Ahmedabad/Ahmedabad_r00_c03_2020_2021.png,UNKNOWN,0.197,Ahmedabad_r00_c03,23.10313305555759,72.55743523396953
4.88128662109375,0.3087383806705475,0.8696620464324951,21,2.91748046875,Ahmedabad,Ahmedabad_r00_c03.tif,2021,2022,REVIEW_REQUIRED,MODERATELY_CONNECTED,True,2020 -> 2022,5,PERSISTENT_CHANGE_SIGNAL,MODERATE_EVIDENCE,0.0109405517578125,0.0128631591796875,0.0,7.62939453125e-05,1.0,1.0,0.013336225515328709,False,-0.17082886397838593,0.08949561417102814,0.05160436034202576,1.0987124463519313,False,NONE_DETECTED,/content/drive/MyDrive/satellite_change_detection/masks/Ahmedabad/Ahmedabad_r00_c03_2021_2022.png,VEGETATION_LOSS,0.759,Ahmedabad_r00_c03,23.10313305555759,72.55743523396953
9.03778076171875,0.41651883721351624,0.7996528148651123,17,6.9427490234375,Ahmedabad,Ahmedabad_r00_c03.tif,2022,2023,MODERATE_STRUCTURED_CHANGE,MODERATELY_CONNECTED,True,2020 -> 2022,5,PERSISTENT_CHANGE_SIGNAL,MODERATE_EVIDENCE,0.0128631591796875,0.0115814208984375,7.62939453125e-05,0.0001068115234375,1.0,1.0,0.025420674871100755,False,-0.1215425357222557,0.007262885570526123,0.08914828300476074,1.0118577075098814,False,NONE_DETECTED,/content/drive/MyDrive/satellite_change_detection/masks/Ahmedabad/Ahmedabad_r00_c03_2022_2023.png,UNKNOWN,0.924,Ahmedabad_r00_c03,23.10313305555759,72.55743523396953
2.99835205078125,0.322691947221756,0.7266097664833069,23,0.8331298828125,Ahmedabad,Ahmedabad_r00_c03.tif,2023,2024,LOW_PRIORITY_REVIEW,SCATTERED_CHANGE,True,2020 -> 2022,5,PERSISTENT_CHANGE_SIGNAL,TEMPORAL_ONLY_EVIDENCE,0.0115814208984375,0.0169677734375,0.0001068115234375,0.0001220703125,1.0,1.0,0.15662008880671807,False,-0.05820822715759277,0.010915182530879974,0.04976397752761841,1.0292887029288702,False,NONE_DETECTED,/content/drive/MyDrive/satellite_change_detection/masks/Ahmedabad/Ahmedabad_r00_c03_2023_2024.png,VEHICLE_OR_ACTIVITY,0.439,Ahmedabad_r00_c03,23.10313305555759,72.55743523396953
3.9794921875,0.3237841725349426,0.7769028544425964,21,1.8096923828125,Ahmedabad,Ahmedabad_r00_c03.tif,2024,2025,REVIEW_REQUIRED,SCATTERED_CHANGE,True,2020 -> 2022,5,PERSISTENT_CHANGE_SIGNAL,TEMPORAL_ONLY_EVIDENCE,0.0169677734375,0.0108642578125,0.0001220703125,6.103515625e-05,1.0,1.0,0.0303364920820575,False,-0.11345270276069641,0.06489109992980957,0.028829634189605713,1.0593607305936072,False,NONE_DETECTED,/content/drive/MyDrive/satellite_change_detection/masks/Ahmedabad/Ahmedabad_r00_c03_2024_2025.png,UNKNOWN,0.603,Ahmedabad_r00_c03,23.10313305555759,72.55743523396953
2.58636474609375,0.316810667514801,0.7644689083099365,19,0.677490234375,Ahmedabad,Ahmedabad_r00_c03.tif,2025,2026,LOW_PRIORITY_REVIEW,SCATTERED_CHANGE,True,2020 -> 2022,5,PERSISTENT_CHANGE_SIGNAL,TEMPORAL_ONLY_EVIDENCE,0.0108642578125,0.0074615478515625,6.103515625e-05,7.62939453125e-05,1.0,1.0,0.034147407630515624,False,-0.10754761099815369,0.04913709685206413,0.055809974670410156,1.1320754716981132,False,NONE_DETECTED,/content/drive/MyDrive/satellite_change_detection/masks/Ahmedabad/Ahmedabad_r00_c03_2025_2026.png,UNKNOWN,0.375,Ahmedabad_r00_c03,23.10313305555759,72.55743523396953
0.03814697265625,0.3454471826553345,0.5057408809661865,1,0.03814697265625,Ahmedabad,Ahmedabad_r00_c04.tif,2020,2021,LIKELY_NO_CHANGE,SCATTERED_CHANGE,False,2020 -> 2023,4,PERSISTENT_CHANGE_SIGNAL,TEMPORAL_ONLY_EVIDENCE,0.01519775390625,0.00836181640625,6.103515625e-05,1.52587890625e-05,1.0,1.0,0.0377845511873273,False,-0.04232422262430191,-0.012616585940122604,0.08825816214084625,1.0,False,NONE_DETECTED,/content/drive/MyDrive/satellite_change_detection/masks/Ahmedabad/Ahmedabad_r00_c04_2020_2021.png,UNKNOWN,0.006,Ahmedabad_r00_c04,23.10351780259193,72.58241182380942
0.78277587890625,0.24918851256370544,0.5460408329963684,6,0.42266845703125,Ahmedabad,Ahmedabad_r00_c04.tif,2021,2022,LIKELY_NO_CHANGE,SCATTERED_CHANGE,False,2020 -> 2023,4,PERSISTENT_CHANGE_SIGNAL,TEMPORAL_ONLY_EVIDENCE,0.00836181640625,0.0136871337890625,1.52587890625e-05,3.0517578125e-05,1.0,1.0,0.020586265969423253,False,-0.24471737444400787,0.15235154330730438,0.04364430904388428,2.4615384615384617,False,NONE_DETECTED,/content/drive/MyDrive/satellite_change_detection/masks/Ahmedabad/Ahmedabad_r00_c04_2021_2022.png,CONSTRUCTION,0.107,Ahmedabad_r00_c04,23.10351780259193,72.58241182380942
1.71051025390625,0.3627273738384247,0.7243585586547852,4,1.4251708984375,Ahmedabad,Ahmedabad_r00_c04.tif,2022,2023,REVIEW_REQUIRED,SCATTERED_CHANGE,False,2020 -> 2023,4,PERSISTENT_CHANGE_SIGNAL,TEMPORAL_ONLY_EVIDENCE,0.0136871337890625,0.0115814208984375,3.0517578125e-05,0.0,1.0,1.0,0.015913199547742233,False,-0.058088451623916626,-0.013551361858844757,0.058309465646743774,2.0842105263157893,False,NONE_DETECTED,/content/drive/MyDrive/satellite_change_detection/masks/Ahmedabad/Ahmedabad_r00_c04_2022_2023.png,UNKNOWN,0.262,Ahmedabad_r00_c04,23.10351780259193,72.58241182380942
0.76141357421875,0.30117252469062805,0.5879863500595093,7,0.34637451171875,Ahmedabad,Ahmedabad_r00_c04.tif,2023,2024,LIKELY_NO_CHANGE,SCATTERED_CHANGE,False,2020 -> 2023,4,PERSISTENT_CHANGE_SIGNAL,TEMPORAL_ONLY_EVIDENCE,0.0115814208984375,0.0195770263671875,0.0,1.52587890625e-05,1.0,1.0,0.11131730693792646,False,-0.06343446671962738,-0.002581670880317688,0.05265417695045471,2.1512605042016806,False,NONE_DETECTED,/content/drive/MyDrive/satellite_change_detection/masks/Ahmedabad/Ahmedabad_r00_c04_2023_2024.png,UNKNOWN,0.108,Ahmedabad_r00_c04,23.10351780259193,72.58241182380942
0.7843017578125,0.3046420216560364,0.6574838757514954,8,0.26702880859375,Ahmedabad,Ahmedabad_r00_c04.tif,2024,2025,LIKELY_NO_CHANGE,SCATTERED_CHANGE,False,2020 -> 2023,4,PERSISTENT_CHANGE_SIGNAL,TEMPORAL_ONLY_EVIDENCE,0.0195770263671875,0.010650634765625,1.52587890625e-05,1.52587890625e-05,1.0,1.0,0.03684001192981016,False,-0.19640755653381348,0.08759546279907227,0.05198073387145996,1.1401869158878504,False,NONE_DETECTED,/content/drive/MyDrive/satellite_change_detection/masks/Ahmedabad/Ahmedabad_r00_c04_2024_2025.png,VEGETATION_LOSS,0.111,Ahmedabad_r00_c04,23.10351780259193,72.58241182380942
0.6378173828125,0.38113781809806824,0.7857639193534851,7,0.2685546875,Ahmedabad,Ahmedabad_r00_c04.tif,2025,2026,LIKELY_NO_CHANGE,SCATTERED_CHANGE,False,2020 -> 2023,4,PERSISTENT_CHANGE_SIGNAL,TEMPORAL_ONLY_EVIDENCE,0.010650634765625,0.0064697265625,1.52587890625e-05,0.0,1.0,1.0,0.0303137181314563,False,-0.052433744072914124,0.025403451174497604,-0.0019266903400421143,1.1886792452830188,False,NONE_DETECTED,/content/drive/MyDrive/satellite_change_detection/masks/Ahmedabad/Ahmedabad_r00_c04_2025_2026.png,UNKNOWN,0.095,Ahmedabad_r00_c04,23.10351780259193,72.58241182380942
2.33001708984375,0.28531554341316223,0.6125191450119019,19,0.62713623046875,Ahmedabad,Ahmedabad_r00_c05.tif,2020,2021,LOW_PRIORITY_REVIEW,SCATTERED_CHANGE,True,2020 -> 2021,6,PERSISTENT_CHANGE_SIGNAL,TEMPORAL_ONLY_EVIDENCE,0.010955810546875,0.0075531005859375,3.0517578125e-05,1.52587890625e-05,1.0,1.0,0.011161146733774135,False,0.004844695329666138,-8.957087993621826e-05,0.00064048171043396,1.2195121951219512,False,NONE_DETECTED,/content/drive/MyDrive/satellite_change_detection/masks/Ahmedabad/Ahmedabad_r00_c05_2020_2021.png,UNKNOWN,0.33,Ahmedabad_r00_c05,23.10389860335805,72.60738894634775
2.14691162109375,0.2776680886745453,0.5716193318367004,19,0.54779052734375,Ahmedabad,Ahmedabad_r00_c05.tif,2021,2022,LOW_PRIORITY_REVIEW,SCATTERED_CHANGE,True,2020 -> 2021,6,PERSISTENT_CHANGE_SIGNAL,TEMPORAL_ONLY_EVIDENCE,0.0075531005859375,0.0103607177734375,1.52587890625e-05,7.62939453125e-05,1.0,1.0,0.0742765935945572,False,0.0037306547164916992,-0.018558034673333168,0.03767383098602295,1.2018779342723005,False,NONE_DETECTED,/content/drive/MyDrive/satellite_change_detection/masks/Ahmedabad/Ahmedabad_r00_c05_2021_2022.png,UNKNOWN,0.302,Ahmedabad_r00_c05,23.10389860335805,72.60738894634775
3.39813232421875,0.3415431082248688,0.7557911276817322,15,1.4129638671875,Ahmedabad,Ahmedabad_r00_c05.tif,2022,2023,REVIEW_REQUIRED,SCATTERED_CHANGE,True,2020 -> 2021,6,PERSISTENT_CHANGE_SIGNAL,TEMPORAL_ONLY_EVIDENCE,0.0103607177734375,0.0092315673828125,7.62939453125e-05,0.000335693359375,1.0,1.0,0.03642396522736407,False,-0.24349810183048248,0.09928551316261292,0.11960706114768982,1.1407766990291262,False,NONE_DETECTED,/content/drive/MyDrive/satellite_change_detection/masks/Ahmedabad/Ahmedabad_r00_c05_2022_2023.png,VEGETATION_LOSS,0.514,Ahmedabad_r00_c05,23.10389860335805,72.60738894634775
2.98614501953125,0.31267863512039185,0.7540721893310547,20,0.55389404296875,Ahmedabad,Ahmedabad_r00_c05.tif,2023,2024,LOW_PRIORITY_REVIEW,SCATTERED_CHANGE,True,2020 -> 2021,6,PERSISTENT_CHANGE_SIGNAL,TEMPORAL_ONLY_EVIDENCE,0.0092315673828125,0.0109100341796875,0.000335693359375,0.0001373291015625,1.0,1.0,0.09415993941041355,False,-0.1255754977464676,0.07400807738304138,0.04654484987258911,1.2549019607843137,False,NONE_DETECTED,/content/drive/MyDrive/satellite_change_detection/masks/Ahmedabad/Ahmedabad_r00_c05_2023_2024.png,UNKNOWN,0.43,Ahmedabad_r00_c05,23.10389860335805,72.60738894634775
3.18756103515625,0.2922970950603485,0.7303775548934937,16,0.99029541015625,Ahmedabad,Ahmedabad_r00_c05.tif,2024,2025,LOW_PRIORITY_REVIEW,SCATTERED_CHANGE,True,2020 -> 2021,6,PERSISTENT_CHANGE_SIGNAL,TEMPORAL_ONLY_EVIDENCE,0.0109100341796875,0.0080108642578125,0.0001373291015625,0.0004730224609375,1.0,1.0,0.020332833511703206,False,-0.1580079197883606,0.07638993859291077,0.13551543653011322,1.4382022471910112,False,NONE_DETECTED,/content/drive/MyDrive/satellite_change_detection/masks/Ahmedabad/Ahmedabad_r00_c05_2024_2025.png,VEGETATION_LOSS,0.46,Ahmedabad_r00_c05,23.10389860335805,72.60738894634775
3.18145751953125,0.3020849823951721,0.7940722703933716,24,0.58441162109375,Ahmedabad,Ahmedabad_r00_c05.tif,2025,2026,LOW_PRIORITY_REVIEW,SCATTERED_CHANGE,True,2020 -> 2021,6,PERSISTENT_CHANGE_SIGNAL,TEMPORAL_ONLY_EVIDENCE,0.0080108642578125,0.005523681640625,0.0004730224609375,0.000152587890625,1.0,1.0,0.03828131116852938,False,-0.05970211327075958,0.040399037301540375,-0.00010949373245239258,1.0666666666666667,False,NONE_DETECTED,/content/drive/MyDrive/satellite_change_detection/masks/Ahmedabad/Ahmedabad_r00_c05_2025_2026.png,UNKNOWN,0.455,Ahmedabad_r00_c05,23.10389860335805,72.60738894634775
2.35595703125,0.290005624294281,0.6930091977119446,21,0.2838134765625,Ahmedabad,Ahmedabad_r00_c06.tif,2020,2021,LOW_PRIORITY_REVIEW,SCATTERED_CHANGE,True,2020 -> 2021,6,PERSISTENT_CHANGE_SIGNAL,TEMPORAL_ONLY_EVIDENCE,0.0037384033203125,0.00286865234375,0.0091705322265625,0.0134735107421875,1.0,1.0,0.017253440727246456,False,-0.0691150426864624,0.028820525854825974,0.017567068338394165,1.0,False,NONE_DETECTED,/content/drive/MyDrive/satellite_change_detection/masks/Ahmedabad/Ahmedabad_r00_c06_2020_2021.png,VEHICLE_OR_ACTIVITY,0.331,Ahmedabad_r00_c06,23.10427545751668,72.63236659609893
2.1575927734375,0.2850388288497925,0.6423236131668091,22,0.33111572265625,Ahmedabad,Ahmedabad_r00_c06.tif,2021,2022,LOW_PRIORITY_REVIEW,SCATTERED_CHANGE,True,2020 -> 2021,6,PERSISTENT_CHANGE_SIGNAL,TEMPORAL_ONLY_EVIDENCE,0.00286865234375,0.0039520263671875,0.0134735107421875,0.014556884765625,1.0,1.0,0.04249739356157412,False,-0.13911300897598267,0.0867667943239212,0.022227108478546143,1.0329218106995885,False,NONE_DETECTED,/content/drive/MyDrive/satellite_change_detection/masks/Ahmedabad/Ahmedabad_r00_c06_2021_2022.png,VEHICLE_OR_ACTIVITY,0.302,Ahmedabad_r00_c06,23.10427545751668,72.63236659609893
5.76171875,0.2991349995136261,0.7092005014419556,19,1.5228271484375,Ahmedabad,Ahmedabad_r00_c06.tif,2022,2023,REVIEW_REQUIRED,SCATTERED_CHANGE,True,2020 -> 2021,6,PERSISTENT_CHANGE_SIGNAL,TEMPORAL_ONLY_EVIDENCE,0.0039520263671875,0.003021240234375,0.014556884765625,0.0026092529296875,1.0,1.0,0.04657977504469205,False,-0.11856859922409058,0.046344853937625885,0.025095343589782715,1.0,False,NONE_DETECTED,/content/drive/MyDrive/satellite_change_detection/masks/Ahmedabad/Ahmedabad_r00_c06_2022_2023.png,UNKNOWN,0.738,Ahmedabad_r00_c06,23.10427545751668,72.63236659609893
2.630615234375,0.2840585708618164,0.8713029623031616,26,0.41961669921875,Ahmedabad,Ahmedabad_r00_c06.tif,2023,2024,LOW_PRIORITY_REVIEW,SCATTERED_CHANGE,True,2020 -> 2021,6,PERSISTENT_CHANGE_SIGNAL,TEMPORAL_ONLY_EVIDENCE,0.003021240234375,0.0042266845703125,0.0026092529296875,0.01513671875,1.0,1.0,0.08695698997468561,False,-0.11124047636985779,0.0912143811583519,0.006014436483383179,1.0,False,NONE_DETECTED,/content/drive/MyDrive/satellite_change_detection/masks/Ahmedabad/Ahmedabad_r00_c06_2023_2024.png,VEHICLE_OR_ACTIVITY,0.37,Ahmedabad_r00_c06,23.10427545751668,72.63236659609893
2.2247314453125,0.2677592933177948,0.547013521194458,15,0.5218505859375,Ahmedabad,Ahmedabad_r00_c06.tif,2024,2025,LOW_PRIORITY_REVIEW,SCATTERED_CHANGE,True,2020 -> 2021,6,PERSISTENT_CHANGE_SIGNAL,TEMPORAL_ONLY_EVIDENCE,0.0042266845703125,0.0033111572265625,0.01513671875,0.01202392578125,1.0,1.0,0.033652884363066404,False,0.11486467719078064,-0.15450984239578247,0.04366329312324524,1.0,False,NONE_DETECTED,/content/drive/MyDrive/satellite_change_detection/masks/Ahmedabad/Ahmedabad_r00_c06_2024_2025.png,UNKNOWN,0.31,Ahmedabad_r00_c06,23.10427545751668,72.63236659609893
3.80096435546875,0.3661498427391052,0.7572587132453918,16,1.2237548828125,Ahmedabad,Ahmedabad_r00_c06.tif,2025,2026,REVIEW_REQUIRED,SCATTERED_CHANGE,True,2020 -> 2021,6,PERSISTENT_CHANGE_SIGNAL,TEMPORAL_ONLY_EVIDENCE,0.0033111572265625,0.0029296875,0.01202392578125,0.0011138916015625,1.0,1.0,0.011248687762980073,False,-0.20270337164402008,0.16594570875167847,-0.002095162868499756,1.0534979423868314,False,NONE_DETECTED,/content/drive/MyDrive/satellite_change_detection/masks/Ahmedabad/Ahmedabad_r00_c06_2025_2026.png,CONSTRUCTION,0.581,Ahmedabad_r00_c06,23.10427545751668,72.63236659609893
0.84381103515625,0.2764819860458374,0.60728919506073,9,0.2685546875,Ahmedabad,Ahmedabad_r00_c07.tif,2020,2021,LIKELY_NO_CHANGE,SCATTERED_CHANGE,False,2020 -> 2022,5,PERSISTENT_CHANGE_SIGNAL,TEMPORAL_ONLY_EVIDENCE,0.007354736328125,0.005157470703125,0.018646240234375,0.0477142333984375,1.0,1.0,0.07697909704588686,False,-0.22003434598445892,0.12253162264823914,0.04906389117240906,1.0476190476190477,False,NONE_DETECTED,/content/drive/MyDrive/satellite_change_detection/masks/Ahmedabad/Ahmedabad_r00_c07_2020_2021.png,CONSTRUCTION,0.117,Ahmedabad_r00_c07,23.10464836473209,72.65734476757675
1.9287109375,0.4117186367511749,0.9127714037895203,11,1.0345458984375,Ahmedabad,Ahmedabad_r00_c07.tif,2021,2022,REVIEW_REQUIRED,SCATTERED_CHANGE,False,2020 -> 2022,5,PERSISTENT_CHANGE_SIGNAL,TEMPORAL_ONLY_EVIDENCE,0.005157470703125,0.0077056884765625,0.0477142333984375,0.0313568115234375,1.0,1.0,0.06418655592780795,False,-0.19959193468093872,0.1490979641675949,-0.08776256442070007,1.0135135135135136,False,NONE_DETECTED,/content/drive/MyDrive/satellite_change_detection/masks/Ahmedabad/Ahmedabad_r00_c07_2021_2022.png,CONSTRUCTION,0.299,Ahmedabad_r00_c07,23.10464836473209,72.65734476757675
3.2928466796875,0.3711800277233124,0.8822038173675537,13,1.18865966796875,Ahmedabad,Ahmedabad_r00_c07.tif,2022,2023,REVIEW_REQUIRED,SCATTERED_CHANGE,True,2020 -> 2022,5,PERSISTENT_CHANGE_SIGNAL,TEMPORAL_ONLY_EVIDENCE,0.0077056884765625,0.0082855224609375,0.0313568115234375,0.0056915283203125,1.0,1.0,0.05854583858366954,False,-0.1997087448835373,0.004276841878890991,0.18163537979125977,1.0844444444444445,True,SEASONAL_VARIATION_LIKELY,/content/drive/MyDrive/satellite_change_detection/masks/Ahmedabad/Ahmedabad_r00_c07_2022_2023.png,UNKNOWN,0.3,Ahmedabad_r00_c07,23.10464836473209,72.65734476757675
0.76141357421875,0.3122178912162781,0.8603568077087402,11,0.1129150390625,Ahmedabad,Ahmedabad_r00_c07.tif,2023,2024,LIKELY_NO_CHANGE,SCATTERED_CHANGE,False,2020 -> 2022,5,PERSISTENT_CHANGE_SIGNAL,TEMPORAL_ONLY_EVIDENCE,0.0082855224609375,0.010528564453125,0.0056915283203125,0.0359954833984375,1.0,1.0,0.10941850113775316,False,-0.12607818841934204,0.06926348805427551,0.03867623209953308,1.1961722488038278,False,NONE_DETECTED,/content/drive/MyDrive/satellite_change_detection/masks/Ahmedabad/Ahmedabad_r00_c07_2023_2024.png,UNKNOWN,0.108,Ahmedabad_r00_c07,23.10464836473209,72.65734476757675
3.02581787109375,0.32752904295921326,0.718672513961792,14,1.4617919921875,Ahmedabad,Ahmedabad_r00_c07.tif,2024,2025,REVIEW_REQUIRED,SCATTERED_CHANGE,True,2020 -> 2022,5,PERSISTENT_CHANGE_SIGNAL,TEMPORAL_ONLY_EVIDENCE,0.010528564453125,0.0073089599609375,0.0359954833984375,0.0311279296875,1.0,1.0,0.023612762338271854,False,-0.24616584181785583,0.13923493027687073,0.05491974949836731,1.0711297071129706,False,NONE_DETECTED,/content/drive/MyDrive/satellite_change_detection/masks/Ahmedabad/Ahmedabad_r00_c07_2024_2025.png,CONSTRUCTION,0.454,Ahmedabad_r00_c07,23.10464836473209,72.65734476757675
2.74810791015625,0.32393142580986023,0.6353310346603394,18,1.03912353515625,Ahmedabad,Ahmedabad_r00_c07.tif,2025,2026,REVIEW_REQUIRED,SCATTERED_CHANGE,True,2020 -> 2022,5,PERSISTENT_CHANGE_SIGNAL,TEMPORAL_ONLY_EVIDENCE,0.0073089599609375,0.00579833984375,0.0311279296875,0.0051422119140625,1.0,1.0,0.026645676384428708,False,-0.3092402219772339,0.20421700179576874,0.043129026889801025,1.1339712918660287,False,NONE_DETECTED,/content/drive/MyDrive/satellite_change_detection/masks/Ahmedabad/Ahmedabad_r00_c07_2025_2026.png,CONSTRUCTION,0.406,Ahmedabad_r00_c07,23.10464836473209,72.65734476757675
7.84149169921875,0.33140960335731506,0.9796956181526184,44,1.6815185546875,Ahmedabad,Ahmedabad_r01_c00.tif,2020,2021,REVIEW_REQUIRED,SCATTERED_CHANGE,True,2020 -> 2021,6,PERSISTENT_CHANGE_SIGNAL,TEMPORAL_ONLY_EVIDENCE,0.0019378662109375,0.001373291015625,0.0,0.0,1.0,1.0,0.026780933326841085,False,-0.10766604542732239,0.05472003296017647,0.026884734630584717,1.0,False,NONE_DETECTED,/content/drive/MyDrive/satellite_change_detection/masks/Ahmedabad/Ahmedabad_r01_c00_2020_2021.png,UNKNOWN,0.758,Ahmedabad_r01_c00,23.07885220298212,72.48293928531551
6.9793701171875,0.3230050504207611,0.9932259321212769,50,0.68511962890625,Ahmedabad,Ahmedabad_r01_c00.tif,2021,2022,LOW_PRIORITY_REVIEW,SCATTERED_CHANGE,True,2020 -> 2021,6,PERSISTENT_CHANGE_SIGNAL,TEMPORAL_ONLY_EVIDENCE,0.001373291015625,0.0021209716796875,0.0,0.0,1.0,1.0,0.05339093538653777,False,-0.007451862096786499,0.020887168124318123,-0.013666272163391113,1.0199203187250996,False,NONE_DETECTED,/content/drive/MyDrive/satellite_change_detection/masks/Ahmedabad/Ahmedabad_r01_c00_2021_2022.png,UNKNOWN,0.729,Ahmedabad_r01_c00,23.07885220298212,72.48293928531551
5.9173583984375,0.322611540555954,0.9984626770019531,47,0.5706787109375,Ahmedabad,Ahmedabad_r01_c00.tif,2022,2023,LOW_PRIORITY_REVIEW,SCATTERED_CHANGE,True,2020 -> 2021,6,PERSISTENT_CHANGE_SIGNAL,TEMPORAL_ONLY_EVIDENCE,0.0021209716796875,0.0015869140625,0.0,0.0,1.0,1.0,0.03595833032802716,False,-0.09365624189376831,0.030607692897319794,0.04361957311630249,1.0,False,NONE_DETECTED,/content/drive/MyDrive/satellite_change_detection/masks/Ahmedabad/Ahmedabad_r01_c00_2022_2023.png,UNKNOWN,0.726,Ahmedabad_r01_c00,23.07885220298212,72.48293928531551
7.82470703125,0.33229342103004456,0.9723189473152161,45,1.52435302734375,Ahmedabad,Ahmedabad_r01_c00.tif,2023,2024,REVIEW_REQUIRED,SCATTERED_CHANGE,True,2020 -> 2021,6,PERSISTENT_CHANGE_SIGNAL,TEMPORAL_ONLY_EVIDENCE,0.0015869140625,0.0030059814453125,0.0,0.0002899169921875,1.0,1.0,0.14399081836194566,False,-0.04828143119812012,0.027370106428861618,0.022126585245132446,1.0,False,NONE_DETECTED,/content/drive/MyDrive/satellite_change_detection/masks/Ahmedabad/Ahmedabad_r01_c00_2023_2024.png,UNKNOWN,0.754,Ahmedabad_r01_c00,23.07885220298212,72.48293928531551
7.061767578125,0.3425725996494293,0.9138410091400146,43,1.1871337890625,Ahmedabad,Ahmedabad_r01_c00.tif,2024,2025,REVIEW_REQUIRED,SCATTERED_CHANGE,True,2020 -> 2021,6,PERSISTENT_CHANGE_SIGNAL,TEMPORAL_ONLY_EVIDENCE,0.0030059814453125,0.002044677734375,0.0002899169921875,0.000274658203125,1.0,1.0,0.07591560730827165,False,-0.1982940137386322,0.09790543466806412,0.051136314868927,1.0534979423868314,False,NONE_DETECTED,/content/drive/MyDrive/satellite_change_detection/masks/Ahmedabad/Ahmedabad_r01_c00_2024_2025.png,VEGETATION_LOSS,0.751,Ahmedabad_r01_c00,23.07885220298212,72.48293928531551
7.7484130859375,0.30647391080856323,0.7824026942253113,39,1.043701171875,Ahmedabad,Ahmedabad_r01_c00.tif,2025,2026,REVIEW_REQUIRED,SCATTERED_CHANGE,True,2020 -> 2021,6,PERSISTENT_CHANGE_SIGNAL,TEMPORAL_ONLY_EVIDENCE,0.002044677734375,0.001373291015625,0.000274658203125,0.0,1.0,1.0,0.021110665916834644,False,-0.18613284826278687,0.13077762722969055,0.027946680784225464,1.0,False,NONE_DETECTED,/content/drive/MyDrive/satellite_change_detection/masks/Ahmedabad/Ahmedabad_r01_c00_2025_2026.png,CONSTRUCTION,0.729,Ahmedabad_r01_c00,23.07885220298212,72.48293928531551
2.5299072265625,0.2906029522418976,0.7056087851524353,30,0.2166748046875,Ahmedabad,Ahmedabad_r01_c01.tif,2020,2021,LOW_PRIORITY_REVIEW,SCATTERED_CHANGE,True,2020 -> 2021,6,PERSISTENT_CHANGE_SIGNAL,TEMPORAL_ONLY_EVIDENCE,0.010284423828125,0.0081329345703125,0.0,0.0,1.0,1.0,0.012624848717778567,False,-0.04142078757286072,-0.0057517364621162415,0.03449532389640808,1.049792531120332,False,NONE_DETECTED,/content/drive/MyDrive/satellite_change_detection/masks/Ahmedabad/Ahmedabad_r01_c01_2020_2021.png,VEHICLE_OR_ACTIVITY,0.355,Ahmedabad_r01_c01,23.07924834528423,72.50790998348886
1.9195556640625,0.31333088874816895,0.6942734718322754,17,0.31280517578125,Ahmedabad,Ahmedabad_r01_c01.tif,2021,2022,LOW_PRIORITY_REVIEW,SCATTERED_CHANGE,False,2020 -> 2021,6,PERSISTENT_CHANGE_SIGNAL,TEMPORAL_ONLY_EVIDENCE,0.0081329345703125,0.0103759765625,0.0,0.0,1.0,1.0,0.038219701506675266,False,-0.04061174392700195,0.022679928690195084,0.007038593292236328,1.2032085561497325,False,NONE_DETECTED,/content/drive/MyDrive/satellite_change_detection/masks/Ahmedabad/Ahmedabad_r01_c01_2021_2022.png,UNKNOWN,0.274,Ahmedabad_r01_c01,23.07924834528423,72.50790998348886
1.28936767578125,0.30148446559906006,0.8033826351165771,14,0.28228759765625,Ahmedabad,Ahmedabad_r01_c01.tif,2022,2023,LOW_PRIORITY_REVIEW,SCATTERED_CHANGE,False,2020 -> 2021,6,PERSISTENT_CHANGE_SIGNAL,TEMPORAL_ONLY_EVIDENCE,0.0103759765625,0.0091705322265625,0.0,0.0,1.0,1.0,0.012003879409937942,False,-0.12772734463214874,0.03674175590276718,0.056913793087005615,1.029535864978903,False,NONE_DETECTED,/content/drive/MyDrive/satellite_change_detection/masks/Ahmedabad/Ahmedabad_r01_c01_2022_2023.png,UNKNOWN,0.183,Ahmedabad_r01_c01,23.07924834528423,72.50790998348886
1.5350341796875,0.3112351894378662,0.7609868049621582,19,0.2471923828125,Ahmedabad,Ahmedabad_r01_c01.tif,2023,2024,LOW_PRIORITY_REVIEW,SCATTERED_CHANGE,False,2020 -> 2021,6,PERSISTENT_CHANGE_SIGNAL,TEMPORAL_ONLY_EVIDENCE,0.0091705322265625,0.011474609375,0.0,6.103515625e-05,1.0,1.0,0.1616626826294767,False,-0.02261883020401001,0.010711818933486938,0.022090405225753784,1.0376569037656904,False,NONE_DETECTED,/content/drive/MyDrive/satellite_change_detection/masks/Ahmedabad/Ahmedabad_r01_c01_2023_2024.png,UNKNOWN,0.219,Ahmedabad_r01_c01,23.07924834528423,72.50790998348886
2.69775390625,0.3479442894458771,0.7392798662185669,26,0.433349609375,Ahmedabad,Ahmedabad_r01_c01.tif,2024,2025,LOW_PRIORITY_REVIEW,SCATTERED_CHANGE,True,2020 -> 2021,6,PERSISTENT_CHANGE_SIGNAL,TEMPORAL_ONLY_EVIDENCE,0.011474609375,0.0072021484375,6.103515625e-05,0.001129150390625,1.0,1.0,0.04159385512664198,False,-0.17423303425312042,0.06511974334716797,0.06298309564590454,1.0281124497991967,False,NONE_DETECTED,/content/drive/MyDrive/satellite_change_detection/masks/Ahmedabad/Ahmedabad_r01_c01_2024_2025.png,VEGETATION_LOSS,0.396,Ahmedabad_r01_c01,23.07924834528423,72.50790998348886
2.9510498046875,0.3384864330291748,0.8400401473045349,17,0.89111328125,Ahmedabad,Ahmedabad_r01_c01.tif,2025,2026,LOW_PRIORITY_REVIEW,SCATTERED_CHANGE,True,2020 -> 2021,6,PERSISTENT_CHANGE_SIGNAL,TEMPORAL_ONLY_EVIDENCE,0.0072021484375,0.0036468505859375,0.001129150390625,1.52587890625e-05,1.0,1.0,0.027124089866032375,False,-0.23361293971538544,0.11775057017803192,0.0708189606666565,1.0,False,NONE_DETECTED,/content/drive/MyDrive/satellite_change_detection/masks/Ahmedabad/Ahmedabad_r01_c01_2025_2026.png,CONSTRUCTION,0.438,Ahmedabad_r01_c01,23.07924834528423,72.50790998348886
0.11444091796875,0.3037169277667999,0.546256422996521,2,0.05950927734375,Ahmedabad,Ahmedabad_r01_c02.tif,2020,2021,LIKELY_NO_CHANGE,SCATTERED_CHANGE,False,2020 -> 2023,4,PERSISTENT_CHANGE_SIGNAL,TEMPORAL_ONLY_EVIDENCE,0.0121307373046875,0.008880615234375,0.0,0.0,1.0,1.0,0.026182475043364833,False,-0.080754354596138,0.05927013233304024,0.009203791618347168,4.627450980392157,False,NONE_DETECTED,/content/drive/MyDrive/satellite_change_detection/masks/Ahmedabad/Ahmedabad_r01_c02_2020_2021.png,UNKNOWN,0.016,Ahmedabad_r01_c02,23.07964054674605,72.53288123039547
1.37786865234375,0.2981680929660797,0.6983129382133484,8,0.45013427734375,Ahmedabad,Ahmedabad_r01_c02.tif,2021,2022,LOW_PRIORITY_REVIEW,SCATTERED_CHANGE,False,2020 -> 2023,4,PERSISTENT_CHANGE_SIGNAL,TEMPORAL_ONLY_EVIDENCE,0.008880615234375,0.0113525390625,0.0,0.0,1.0,1.0,0.0075010666680273876,False,-0.11323504149913788,0.06354691088199615,0.027964502573013306,1.217616580310881,False,NONE_DETECTED,/content/drive/MyDrive/satellite_change_detection/masks/Ahmedabad/Ahmedabad_r01_c02_2021_2022.png,UNKNOWN,0.196,Ahmedabad_r01_c02,23.07964054674605,72.53288123039547
0.93994140625,0.34415122866630554,0.6821030974388123,8,0.3631591796875,Ahmedabad,Ahmedabad_r01_c02.tif,2022,2023,LIKELY_NO_CHANGE,SCATTERED_CHANGE,False,2020 -> 2023,4,PERSISTENT_CHANGE_SIGNAL,TEMPORAL_ONLY_EVIDENCE,0.0113525390625,0.0113983154296875,0.0,4.57763671875e-05,1.0,1.0,0.06583161582298734,False,-0.0717715471982956,-0.03998102992773056,0.10960695147514343,1.0637254901960784,False,NONE_DETECTED,/content/drive/MyDrive/satellite_change_detection/masks/Ahmedabad/Ahmedabad_r01_c02_2022_2023.png,UNKNOWN,0.137,Ahmedabad_r01_c02,23.07964054674605,72.53288123039547
1.29547119140625,0.3250114917755127,0.7659937143325806,16,0.286865234375,Ahmedabad,Ahmedabad_r01_c02.tif,2023,2024,LOW_PRIORITY_REVIEW,SCATTERED_CHANGE,False,2020 -> 2023,4,PERSISTENT_CHANGE_SIGNAL,TEMPORAL_ONLY_EVIDENCE,0.0113983154296875,0.015228271484375,4.57763671875e-05,0.0,1.0,1.0,0.06960171300476709,False,-0.013919666409492493,0.014238109812140465,0.013595253229141235,1.0161943319838056,False,NONE_DETECTED,/content/drive/MyDrive/satellite_change_detection/masks/Ahmedabad/Ahmedabad_r01_c02_2023_2024.png,UNKNOWN,0.186,Ahmedabad_r01_c02,23.07964054674605,72.53288123039547
0.37384033203125,0.2963857054710388,0.5159639120101929,7,0.0762939453125,Ahmedabad,Ahmedabad_r01_c02.tif,2024,2025,LIKELY_NO_CHANGE,SCATTERED_CHANGE,False,2020 -> 2023,4,PERSISTENT_CHANGE_SIGNAL,TEMPORAL_ONLY_EVIDENCE,0.015228271484375,0.00994873046875,0.0,4.57763671875e-05,1.0,1.0,0.01886025332297601,False,-0.021265774965286255,0.034605998545885086,-0.01387670636177063,1.0546218487394958,False,NONE_DETECTED,/content/drive/MyDrive/satellite_change_detection/masks/Ahmedabad/Ahmedabad_r01_c02_2024_2025.png,UNKNOWN,0.052,Ahmedabad_r01_c02,23.07964054674605,72.53288123039547
0.89569091796875,0.31041041016578674,0.7034518122673035,14,0.1953125,Ahmedabad,Ahmedabad_r01_c02.tif,2025,2026,LIKELY_NO_CHANGE,SCATTERED_CHANGE,False,2020 -> 2023,4,PERSISTENT_CHANGE_SIGNAL,TEMPORAL_ONLY_EVIDENCE,0.00994873046875,0.00604248046875,4.57763671875e-05,0.0,1.0,1.0,0.020661756877539492,False,-0.007187753915786743,0.009655673056840897,0.007288992404937744,1.0301724137931034,False,NONE_DETECTED,/content/drive/MyDrive/satellite_change_detection/masks/Ahmedabad/Ahmedabad_r01_c02_2025_2026.png,UNKNOWN,0.127,Ahmedabad_r01_c02,23.07964054674605,72.53288123039547
0.52337646484375,0.34123295545578003,0.8848163485527039,8,0.09918212890625,Ahmedabad,Ahmedabad_r01_c03.tif,2020,2021,LIKELY_NO_CHANGE,SCATTERED_CHANGE,False,2020 -> 2023,4,PERSISTENT_CHANGE_SIGNAL,TEMPORAL_ONLY_EVIDENCE,0.03179931640625,0.017852783203125,0.0,0.0,1.0,1.0,0.018840899435127647,False,-0.11217813193798065,0.05614720284938812,0.05652570724487305,1.1194690265486726,False,NONE_DETECTED,/content/drive/MyDrive/satellite_change_detection/masks/Ahmedabad/Ahmedabad_r01_c03_2020_2021.png,UNKNOWN,0.076,Ahmedabad_r01_c03,23.080028807018305,72.55785302055604
0.732421875,0.3565572202205658,0.7504541277885437,5,0.26702880859375,Ahmedabad,Ahmedabad_r01_c03.tif,2021,2022,LIKELY_NO_CHANGE,SCATTERED_CHANGE,False,2020 -> 2023,4,PERSISTENT_CHANGE_SIGNAL,TEMPORAL_ONLY_EVIDENCE,0.017852783203125,0.023468017578125,0.0,4.57763671875e-05,1.0,1.0,0.022922612539141712,False,-0.21087314188480377,0.09409067779779434,0.0870445966720581,1.335164835164835,False,NONE_DETECTED,/content/drive/MyDrive/satellite_change_detection/masks/Ahmedabad/Ahmedabad_r01_c03_2021_2022.png,VEGETATION_LOSS,0.108,Ahmedabad_r01_c03,23.080028807018305,72.55785302055604
0.8880615234375,0.3068801462650299,0.8644082546234131,10,0.2227783203125,Ahmedabad,Ahmedabad_r01_c03.tif,2022,2023,LIKELY_NO_CHANGE,SCATTERED_CHANGE,False,2020 -> 2023,4,PERSISTENT_CHANGE_SIGNAL,TEMPORAL_ONLY_EVIDENCE,0.023468017578125,0.023345947265625,4.57763671875e-05,0.0,1.0,1.0,0.0416443588199405,False,-0.09787192940711975,0.0033329948782920837,0.10133901238441467,1.6258064516129032,False,NONE_DETECTED,/content/drive/MyDrive/satellite_change_detection/masks/Ahmedabad/Ahmedabad_r01_c03_2022_2023.png,UNKNOWN,0.126,Ahmedabad_r01_c03,23.080028807018305,72.55785302055604
0.8514404296875,0.3988794684410095,0.8582351207733154,7,0.2593994140625,Ahmedabad,Ahmedabad_r01_c03.tif,2023,2024,LIKELY_NO_CHANGE,SCATTERED_CHANGE,False,2020 -> 2023,4,PERSISTENT_CHANGE_SIGNAL,TEMPORAL_ONLY_EVIDENCE,0.023345947265625,0.0361175537109375,0.0,0.0,1.0,1.0,0.09786363229595682,False,-0.14254356920719147,0.06691721826791763,0.08481892943382263,1.611842105263158,False,NONE_DETECTED,/content/drive/MyDrive/satellite_change_detection/masks/Ahmedabad/Ahmedabad_r01_c03_2023_2024.png,UNKNOWN,0.129,Ahmedabad_r01_c03,23.080028807018305,72.55785302055604
0.7080078125,0.40779662132263184,0.9895545244216919,5,0.47607421875,Ahmedabad,Ahmedabad_r01_c03.tif,2024,2025,LIKELY_NO_CHANGE,SCATTERED_CHANGE,False,2020 -> 2023,4,PERSISTENT_CHANGE_SIGNAL,TEMPORAL_ONLY_EVIDENCE,0.0361175537109375,0.0200042724609375,0.0,3.0517578125e-05,1.0,1.0,0.02719751671047276,False,-0.028693988919258118,-0.023629609495401382,0.08412249386310577,1.7185185185185186,False,NONE_DETECTED,/content/drive/MyDrive/satellite_change_detection/masks/Ahmedabad/Ahmedabad_r01_c03_2024_2025.png,UNKNOWN,0.108,Ahmedabad_r01_c03,23.080028807018305,72.55785302055604
0.7232666015625,0.3474419116973877,0.8113723993301392,5,0.32501220703125,Ahmedabad,Ahmedabad_r01_c03.tif,2025,2026,LIKELY_NO_CHANGE,SCATTERED_CHANGE,False,2020 -> 2023,4,PERSISTENT_CHANGE_SIGNAL,TEMPORAL_ONLY_EVIDENCE,0.0200042724609375,0.0090179443359375,3.0517578125e-05,0.0,1.0,1.0,0.04438827850767198,False,-0.14360283315181732,0.112333744764328,0.008909255266189575,1.0811965811965811,False,NONE_DETECTED,/content/drive/MyDrive/satellite_change_detection/masks/Ahmedabad/Ahmedabad_r01_c03_2025_2026.png,CONSTRUCTION,0.106,Ahmedabad_r01_c03,23.080028807018305,72.55785302055604
0.152587890625,0.3305550515651703,0.586846113204956,2,0.091552734375,Ahmedabad,Ahmedabad_r01_c04.tif,2020,2021,LIKELY_NO_CHANGE,SCATTERED_CHANGE,False,2020 -> 2024,3,PERSISTENT_CHANGE_SIGNAL,TEMPORAL_ONLY_EVIDENCE,0.0125274658203125,0.00592041015625,1.52587890625e-05,0.0,1.0,1.0,0.026546596663058135,False,-0.24553386867046356,0.12946817278862,0.03630521893501282,1.9722222222222223,False,NONE_DETECTED,/content/drive/MyDrive/satellite_change_detection/masks/Ahmedabad/Ahmedabad_r01_c04_2020_2021.png,CONSTRUCTION,0.022,Ahmedabad_r01_c04,23.08041312575521,72.58282534849057
0.5157470703125,0.2877977788448334,0.6893168687820435,3,0.3662109375,Ahmedabad,Ahmedabad_r01_c04.tif,2021,2022,LIKELY_NO_CHANGE,SCATTERED_CHANGE,False,2020 -> 2024,3,PERSISTENT_CHANGE_SIGNAL,TEMPORAL_ONLY_EVIDENCE,0.00592041015625,0.009185791015625,0.0,1.52587890625e-05,1.0,1.0,0.006061213196267521,False,0.12747757136821747,-0.04053095355629921,-0.04838380217552185,1.3131868131868132,False,NONE_DETECTED,/content/drive/MyDrive/satellite_change_detection/masks/Ahmedabad/Ahmedabad_r01_c04_2021_2022.png,UNKNOWN,0.073,Ahmedabad_r01_c04,23.08041312575521,72.58282534849057
0.5889892578125,0.4178885519504547,0.8806116580963135,4,0.244140625,Ahmedabad,Ahmedabad_r01_c04.tif,2022,2023,LIKELY_NO_CHANGE,SCATTERED_CHANGE,False,2020 -> 2024,3,PERSISTENT_CHANGE_SIGNAL,TEMPORAL_ONLY_EVIDENCE,0.009185791015625,0.0102691650390625,1.52587890625e-05,0.000274658203125,1.0,1.0,0.029698654167185447,False,-0.20087949931621552,0.09080716967582703,0.07224127650260925,1.246031746031746,False,NONE_DETECTED,/content/drive/MyDrive/satellite_change_detection/masks/Ahmedabad/Ahmedabad_r01_c04_2022_2023.png,VEGETATION_LOSS,0.089,Ahmedabad_r01_c04,23.08041312575521,72.58282534849057
0.7171630859375,0.36581936478614807,0.7028791904449463,4,0.39825439453125,Ahmedabad,Ahmedabad_r01_c04.tif,2023,2024,LIKELY_NO_CHANGE,SCATTERED_CHANGE,False,2020 -> 2024,3,PERSISTENT_CHANGE_SIGNAL,TEMPORAL_ONLY_EVIDENCE,0.0102691650390625,0.015960693359375,0.000274658203125,0.0002593994140625,1.0,1.0,0.05109250286502227,False,-0.28427746891975403,0.18202003836631775,0.05058416724205017,1.2425742574257426,False,NONE_DETECTED,/content/drive/MyDrive/satellite_change_detection/masks/Ahmedabad/Ahmedabad_r01_c04_2023_2024.png,CONSTRUCTION,0.107,Ahmedabad_r01_c04,23.08041312575521,72.58282534849057
1.507568359375,0.35230734944343567,0.9331991076469421,7,1.16119384765625,Ahmedabad,Ahmedabad_r01_c04.tif,2024,2025,REVIEW_REQUIRED,SCATTERED_CHANGE,False,2020 -> 2024,3,PERSISTENT_CHANGE_SIGNAL,TEMPORAL_ONLY_EVIDENCE,0.015960693359375,0.007781982421875,0.0002593994140625,0.0003662109375,1.0,1.0,0.061425231430992565,False,-0.4141618609428406,0.24096471071243286,0.10213220119476318,1.0711111111111111,False,NONE_DETECTED,/content/drive/MyDrive/satellite_change_detection/masks/Ahmedabad/Ahmedabad_r01_c04_2024_2025.png,CONSTRUCTION,0.228,Ahmedabad_r01_c04,23.08041312575521,72.58282534849057
1.0223388671875,0.35867929458618164,0.8368993401527405,9,0.3143310546875,Ahmedabad,Ahmedabad_r01_c04.tif,2025,2026,LOW_PRIORITY_REVIEW,SCATTERED_CHANGE,False,2020 -> 2024,3,PERSISTENT_CHANGE_SIGNAL,TEMPORAL_ONLY_EVIDENCE,0.007781982421875,0.0046844482421875,0.0003662109375,0.0,1.0,1.0,0.015186413209974504,False,-0.22194036841392517,0.15368768572807312,0.052210330963134766,1.016260162601626,False,NONE_DETECTED,/content/drive/MyDrive/satellite_change_detection/masks/Ahmedabad/Ahmedabad_r01_c04_2025_2026.png,CONSTRUCTION,0.151,Ahmedabad_r01_c04,23.08041312575521,72.58282534849057
1.12762451171875,0.298011839389801,0.6355165243148804,7,0.34332275390625,Ahmedabad,Ahmedabad_r01_c05.tif,2020,2021,LOW_PRIORITY_REVIEW,SCATTERED_CHANGE,False,2020 -> 2022,5,PERSISTENT_CHANGE_SIGNAL,TEMPORAL_ONLY_EVIDENCE,0.0033721923828125,0.002777099609375,0.001861572265625,0.0835418701171875,1.0,1.0,0.05543564307912903,False,-0.2751197814941406,0.1518094539642334,0.06499767303466797,1.0494505494505495,False,NONE_DETECTED,/content/drive/MyDrive/satellite_change_detection/masks/Ahmedabad/Ahmedabad_r01_c05_2020_2021.png,CONSTRUCTION,0.16,Ahmedabad_r01_c05,23.08079350261449,72.60779820871835
2.11334228515625,0.4121450185775757,0.9818102121353149,11,1.0101318359375,Ahmedabad,Ahmedabad_r01_c05.tif,2021,2022,REVIEW_REQUIRED,SCATTERED_CHANGE,True,2020 -> 2022,5,PERSISTENT_CHANGE_SIGNAL,TEMPORAL_ONLY_EVIDENCE,0.002777099609375,0.003265380859375,0.0835418701171875,0.124359130859375,1.0,1.0,0.13630292700983046,False,-0.17701897025108337,0.09375065565109253,0.021250396966934204,1.1327433628318584,False,NONE_DETECTED,/content/drive/MyDrive/satellite_change_detection/masks/Ahmedabad/Ahmedabad_r01_c05_2021_2022.png,VEGETATION_LOSS,0.328,Ahmedabad_r01_c05,23.08079350261449,72.60779820871835
7.647705078125,0.42814335227012634,0.9846950769424438,13,2.7130126953125,Ahmedabad,Ahmedabad_r01_c05.tif,2022,2023,REVIEW_REQUIRED,MODERATELY_CONNECTED,True,2020 -> 2022,5,PERSISTENT_CHANGE_SIGNAL,MODERATE_EVIDENCE,0.003265380859375,0.00372314453125,0.124359130859375,9.1552734375e-05,1.0,1.0,0.02578303723721113,False,-0.35048890113830566,0.20092734694480896,0.07440125942230225,1.1691542288557213,False,NONE_DETECTED,/content/drive/MyDrive/satellite_change_detection/masks/Ahmedabad/Ahmedabad_r01_c05_2022_2023.png,CONSTRUCTION,0.818,Ahmedabad_r01_c05,23.08079350261449,72.60779820871835
8.0841064453125,0.37238895893096924,0.930404007434845,12,5.1605224609375,Ahmedabad,Ahmedabad_r01_c05.tif,2023,2024,MODERATE_STRUCTURED_CHANGE,MODERATELY_CONNECTED,True,2020 -> 2022,5,PERSISTENT_CHANGE_SIGNAL,MODERATE_EVIDENCE,0.00372314453125,0.0045928955078125,9.1552734375e-05,0.0032501220703125,1.0,1.0,0.13289719471886363,False,-0.1524372398853302,0.03925067186355591,0.19703304767608643,1.0406504065040652,False,NONE_DETECTED,/content/drive/MyDrive/satellite_change_detection/masks/Ahmedabad/Ahmedabad_r01_c05_2023_2024.png,WATER,0.865,Ahmedabad_r01_c05,23.08079350261449,72.60779820871835
1.6082763671875,0.3682538568973541,0.8886748552322388,12,0.3448486328125,Ahmedabad,Ahmedabad_r01_c05.tif,2024,2025,LOW_PRIORITY_REVIEW,SCATTERED_CHANGE,False,2020 -> 2022,5,PERSISTENT_CHANGE_SIGNAL,TEMPORAL_ONLY_EVIDENCE,0.0045928955078125,0.003387451171875,0.0032501220703125,0.0012664794921875,1.0,1.0,0.058328209193181095,False,-0.03173908591270447,0.020048916339874268,-0.10508906841278076,1.021097046413502,False,NONE_DETECTED,/content/drive/MyDrive/satellite_change_detection/masks/Ahmedabad/Ahmedabad_r01_c05_2024_2025.png,UNKNOWN,0.239,Ahmedabad_r01_c05,23.08079350261449,72.60779820871835
2.166748046875,0.304132342338562,0.7591801881790161,9,0.8087158203125,Ahmedabad,Ahmedabad_r01_c05.tif,2025,2026,LOW_PRIORITY_REVIEW,SCATTERED_CHANGE,True,2020 -> 2022,5,PERSISTENT_CHANGE_SIGNAL,TEMPORAL_ONLY_EVIDENCE,0.003387451171875,0.0031890869140625,0.0012664794921875,0.0,1.0,1.0,0.0358001314737242,False,-0.2663534879684448,0.1824764907360077,0.09464800357818604,1.0721153846153846,False,NONE_DETECTED,/content/drive/MyDrive/satellite_change_detection/masks/Ahmedabad/Ahmedabad_r01_c05_2025_2026.png,CONSTRUCTION,0.313,Ahmedabad_r01_c05,23.08079350261449,72.60779820871835
0.58441162109375,0.26045307517051697,0.6833683848381042,5,0.24871826171875,Ahmedabad,Ahmedabad_r01_c06.tif,2020,2021,LIKELY_NO_CHANGE,SCATTERED_CHANGE,False,2020 -> 2023,4,PERSISTENT_CHANGE_SIGNAL,TEMPORAL_ONLY_EVIDENCE,0.0086669921875,0.0056304931640625,0.02593994140625,0.0406951904296875,1.0,1.0,0.035456057202631126,False,-0.048896968364715576,0.018068760633468628,-0.1291097104549408,1.1386138613861385,False,NONE_DETECTED,/content/drive/MyDrive/satellite_change_detection/masks/Ahmedabad/Ahmedabad_r01_c06_2020_2021.png,UNKNOWN,0.08,Ahmedabad_r01_c06,23.081169937257357,72.63277159575802
2.5146484375,0.24444320797920227,0.48972514271736145,9,1.66015625,Ahmedabad,Ahmedabad_r01_c06.tif,2021,2022,REVIEW_REQUIRED,SCATTERED_CHANGE,True,2020 -> 2023,4,PERSISTENT_CHANGE_SIGNAL,TEMPORAL_ONLY_EVIDENCE,0.0056304931640625,0.007904052734375,0.0406951904296875,0.038299560546875,1.0,1.0,0.04163646078521456,False,-0.127372145652771,0.014201059937477112,0.07469651103019714,1.1428571428571428,False,NONE_DETECTED,/content/drive/MyDrive/satellite_change_detection/masks/Ahmedabad/Ahmedabad_r01_c06_2021_2022.png,UNKNOWN,0.359,Ahmedabad_r01_c06,23.081169937257357,72.63277159575802
2.99224853515625,0.3280719220638275,0.794266939163208,17,0.5218505859375,Ahmedabad,Ahmedabad_r01_c06.tif,2022,2023,LOW_PRIORITY_REVIEW,SCATTERED_CHANGE,True,2020 -> 2023,4,PERSISTENT_CHANGE_SIGNAL,TEMPORAL_ONLY_EVIDENCE,0.007904052734375,0.0106353759765625,0.038299560546875,7.62939453125e-05,1.0,1.0,0.05770233686084968,False,-0.23130711913108826,0.07470131665468216,0.1496848165988922,1.7310344827586206,False,NONE_DETECTED,/content/drive/MyDrive/satellite_change_detection/masks/Ahmedabad/Ahmedabad_r01_c06_2022_2023.png,VEGETATION_LOSS,0.435,Ahmedabad_r01_c06,23.081169937257357,72.63277159575802
0.7476806640625,0.35175585746765137,0.7634584307670593,4,0.592041015625,Ahmedabad,Ahmedabad_r01_c06.tif,2023,2024,LIKELY_NO_CHANGE,SCATTERED_CHANGE,False,2020 -> 2023,4,PERSISTENT_CHANGE_SIGNAL,TEMPORAL_ONLY_EVIDENCE,0.0106353759765625,0.0150604248046875,7.62939453125e-05,0.023773193359375,1.0,1.0,0.04631143483658217,False,-0.10846885293722153,0.08202201128005981,-0.020252197980880737,1.0055555555555555,False,NONE_DETECTED,/content/drive/MyDrive/satellite_change_detection/masks/Ahmedabad/Ahmedabad_r01_c06_2023_2024.png,UNKNOWN,0.111,Ahmedabad_r01_c06,23.081169937257357,72.63277159575802
0.60882568359375,0.40963029861450195,0.7798157930374146,9,0.238037109375,Ahmedabad,Ahmedabad_r01_c06.tif,2024,2025,LIKELY_NO_CHANGE,SCATTERED_CHANGE,False,2020 -> 2023,4,PERSISTENT_CHANGE_SIGNAL,TEMPORAL_ONLY_EVIDENCE,0.0150604248046875,0.0078887939453125,0.023773193359375,0.006927490234375,1.0,1.0,0.032002915516216854,False,-0.05378486216068268,0.026317253708839417,0.01370576024055481,1.0378151260504203,False,NONE_DETECTED,/content/drive/MyDrive/satellite_change_detection/masks/Ahmedabad/Ahmedabad_r01_c06_2024_2025.png,UNKNOWN,0.092,Ahmedabad_r01_c06,23.081169937257357,72.63277159575802
1.14593505859375,0.3392384648323059,0.569286048412323,8,0.54473876953125,Ahmedabad,Ahmedabad_r01_c06.tif,2025,2026,LOW_PRIORITY_REVIEW,SCATTERED_CHANGE,False,2020 -> 2023,4,PERSISTENT_CHANGE_SIGNAL,TEMPORAL_ONLY_EVIDENCE,0.0078887939453125,0.0039520263671875,0.006927490234375,4.57763671875e-05,1.0,1.0,0.01736776989745301,False,-0.3329453468322754,0.19934841990470886,0.10083773732185364,1.0346320346320346,False,NONE_DETECTED,/content/drive/MyDrive/satellite_change_detection/masks/Ahmedabad/Ahmedabad_r01_c06_2025_2026.png,CONSTRUCTION,0.168,Ahmedabad_r01_c06,23.081169937257357,72.63277159575802
0.46234130859375,0.32715272903442383,0.8153122663497925,6,0.17852783203125,Ahmedabad,Ahmedabad_r01_c07.tif,2020,2021,LIKELY_NO_CHANGE,SCATTERED_CHANGE,False,2020 -> 2025,2,PERSISTENT_CHANGE_SIGNAL,TEMPORAL_ONLY_EVIDENCE,0.0085601806640625,0.0057373046875,0.0040130615234375,0.0045013427734375,1.0,1.0,0.02060935949541332,False,-0.053530141711235046,0.014513179659843445,0.04586794972419739,1.3227513227513228,False,NONE_DETECTED,/content/drive/MyDrive/satellite_change_detection/masks/Ahmedabad/Ahmedabad_r01_c07_2020_2021.png,UNKNOWN,0.056,Ahmedabad_r01_c07,23.081542429348488,72.65774550412745
0.360107421875,0.28580474853515625,0.663322925567627,3,0.15106201171875,Ahmedabad,Ahmedabad_r01_c07.tif,2021,2022,LIKELY_NO_CHANGE,SCATTERED_CHANGE,False,2020 -> 2025,2,PERSISTENT_CHANGE_SIGNAL,TEMPORAL_ONLY_EVIDENCE,0.0057373046875,0.008941650390625,0.0045013427734375,0.0045166015625,1.0,1.0,0.003045264511981913,False,-0.012389585375785828,-0.023577861487865448,0.047717928886413574,1.2407407407407407,False,NONE_DETECTED,/content/drive/MyDrive/satellite_change_detection/masks/Ahmedabad/Ahmedabad_r01_c07_2021_2022.png,UNKNOWN,0.042,Ahmedabad_r01_c07,23.081542429348488,72.65774550412745
0.99945068359375,0.2711751461029053,0.6306055784225464,6,0.469970703125,Ahmedabad,Ahmedabad_r01_c07.tif,2022,2023,LIKELY_NO_CHANGE,SCATTERED_CHANGE,False,2020 -> 2025,2,PERSISTENT_CHANGE_SIGNAL,TEMPORAL_ONLY_EVIDENCE,0.008941650390625,0.009979248046875,0.0045166015625,0.0005645751953125,1.0,1.0,0.016610218917164965,False,-0.1732148379087448,0.05504404008388519,0.0641474723815918,1.0746268656716418,False,NONE_DETECTED,/content/drive/MyDrive/satellite_change_detection/masks/Ahmedabad/Ahmedabad_r01_c07_2022_2023.png,VEGETATION_LOSS,0.116,Ahmedabad_r01_c07,23.081542429348488,72.65774550412745
1.08489990234375,0.25336208939552307,0.623870849609375,7,0.3265380859375,Ahmedabad,Ahmedabad_r01_c07.tif,2023,2024,LOW_PRIORITY_REVIEW,SCATTERED_CHANGE,False,2020 -> 2025,2,PERSISTENT_CHANGE_SIGNAL,TEMPORAL_ONLY_EVIDENCE,0.009979248046875,0.0123138427734375,0.0005645751953125,0.0002288818359375,1.0,1.0,0.04871329536984557,False,0.03864116966724396,0.03041539341211319,-0.03676691651344299,1.0829268292682928,False,NONE_DETECTED,/content/drive/MyDrive/satellite_change_detection/masks/Ahmedabad/Ahmedabad_r01_c07_2023_2024.png,UNKNOWN,0.123,Ahmedabad_r01_c07,23.081542429348488,72.65774550412745
1.21002197265625,0.3013419806957245,0.6861518621444702,3,0.57220458984375,Ahmedabad,Ahmedabad_r01_c07.tif,2024,2025,LOW_PRIORITY_REVIEW,SCATTERED_CHANGE,False,2020 -> 2025,2,PERSISTENT_CHANGE_SIGNAL,TEMPORAL_ONLY_EVIDENCE,0.0123138427734375,0.00592041015625,0.0002288818359375,0.00054931640625,1.0,1.0,0.028308686195928842,False,-0.13425830006599426,-0.0020419806241989136,0.09018632769584656,1.0348837209302326,False,NONE_DETECTED,/content/drive/MyDrive/satellite_change_detection/masks/Ahmedabad/Ahmedabad_r01_c07_2024_2025.png,UNKNOWN,0.145,Ahmedabad_r01_c07,23.081542429348488,72.65774550412745
0.34027099609375,0.26752346754074097,0.6712260246276855,5,0.1129150390625,Ahmedabad,Ahmedabad_r01_c07.tif,2025,2026,LIKELY_NO_CHANGE,SCATTERED_CHANGE,False,2020 -> 2025,2,PERSISTENT_CHANGE_SIGNAL,TEMPORAL_ONLY_EVIDENCE,0.00592041015625,0.003173828125,0.00054931640625,0.0019989013671875,1.0,1.0,0.045756085144518996,False,-0.028824523091316223,0.024704329669475555,0.003976196050643921,1.2,False,NONE_DETECTED,/content/drive/MyDrive/satellite_change_detection/masks/Ahmedabad/Ahmedabad_r01_c07_2025_2026.png,UNKNOWN,0.039,Ahmedabad_r01_c07,23.081542429348488,72.65774550412745
4.6661376953125,0.2918471693992615,0.813322126865387,28,0.811767578125,Ahmedabad,Ahmedabad_r02_c00.tif,2020,2021,LOW_PRIORITY_REVIEW,SCATTERED_CHANGE,True,2020 -> 2021,6,PERSISTENT_CHANGE_SIGNAL,TEMPORAL_ONLY_EVIDENCE,0.002410888671875,0.002166748046875,0.0,0.0,1.0,1.0,0.0933176367453482,False,-0.14989623427391052,0.05500389635562897,0.05907180905342102,1.0491803278688525,False,NONE_DETECTED,/content/drive/MyDrive/satellite_change_detection/masks/Ahmedabad/Ahmedabad_r02_c00_2020_2021.png,UNKNOWN,0.668,Ahmedabad_r02_c00,23.05574919054648,72.48336930093376
4.2877197265625,0.31845521926879883,0.7455304861068726,34,0.6622314453125,Ahmedabad,Ahmedabad_r02_c00.tif,2021,2022,LOW_PRIORITY_REVIEW,SCATTERED_CHANGE,True,2020 -> 2021,6,PERSISTENT_CHANGE_SIGNAL,TEMPORAL_ONLY_EVIDENCE,0.002166748046875,0.003143310546875,0.0,1.52587890625e-05,1.0,1.0,0.02008758807207433,False,-0.10223549604415894,0.0626203790307045,0.027927905321121216,1.0987124463519313,False,NONE_DETECTED,/content/drive/MyDrive/satellite_change_detection/masks/Ahmedabad/Ahmedabad_r02_c00_2021_2022.png,UNKNOWN,0.622,Ahmedabad_r02_c00,23.05574919054648,72.48336930093376
3.23486328125,0.33695510029792786,0.7212737798690796,27,0.48980712890625,Ahmedabad,Ahmedabad_r02_c00.tif,2022,2023,LOW_PRIORITY_REVIEW,SCATTERED_CHANGE,True,2020 -> 2021,6,PERSISTENT_CHANGE_SIGNAL,TEMPORAL_ONLY_EVIDENCE,0.003143310546875,0.002960205078125,1.52587890625e-05,0.0041046142578125,1.0,1.0,0.08456041934569596,False,-0.16675135493278503,0.061419252306222916,0.06992125511169434,1.1179039301310043,False,NONE_DETECTED,/content/drive/MyDrive/satellite_change_detection/masks/Ahmedabad/Ahmedabad_r02_c00_2022_2023.png,VEGETATION_LOSS,0.473,Ahmedabad_r02_c00,23.05574919054648,72.48336930093376
4.7698974609375,0.33431535959243774,0.7697838544845581,27,1.39617919921875,Ahmedabad,Ahmedabad_r02_c00.tif,2023,2024,REVIEW_REQUIRED,SCATTERED_CHANGE,True,2020 -> 2021,6,PERSISTENT_CHANGE_SIGNAL,TEMPORAL_ONLY_EVIDENCE,0.002960205078125,0.00347900390625,0.0041046142578125,1.52587890625e-05,1.0,1.0,0.08093773976355026,False,-0.12148790061473846,0.05510503426194191,0.05491986870765686,1.0448979591836736,False,NONE_DETECTED,/content/drive/MyDrive/satellite_change_detection/masks/Ahmedabad/Ahmedabad_r02_c00_2023_2024.png,UNKNOWN,0.717,Ahmedabad_r02_c00,23.05574919054648,72.48336930093376
4.15191650390625,0.3297303020954132,0.9193693399429321,38,0.38299560546875,Ahmedabad,Ahmedabad_r02_c00.tif,2024,2025,LOW_PRIORITY_REVIEW,SCATTERED_CHANGE,True,2020 -> 2021,6,PERSISTENT_CHANGE_SIGNAL,TEMPORAL_ONLY_EVIDENCE,0.00347900390625,0.0026397705078125,1.52587890625e-05,0.0003814697265625,1.0,1.0,0.06516834637636128,False,-0.08009323477745056,0.015932295471429825,0.0425703227519989,1.024,False,NONE_DETECTED,/content/drive/MyDrive/satellite_change_detection/masks/Ahmedabad/Ahmedabad_r02_c00_2024_2025.png,UNKNOWN,0.602,Ahmedabad_r02_c00,23.05574919054648,72.48336930093376
4.0771484375,0.31325116753578186,0.9137834310531616,32,1.05133056640625,Ahmedabad,Ahmedabad_r02_c00.tif,2025,2026,REVIEW_REQUIRED,SCATTERED_CHANGE,True,2020 -> 2021,6,PERSISTENT_CHANGE_SIGNAL,TEMPORAL_ONLY_EVIDENCE,0.0026397705078125,0.0020599365234375,0.0003814697265625,0.000152587890625,1.0,1.0,0.035653050920378536,False,-0.14287836849689484,0.08752419799566269,0.03724268078804016,1.012,False,NONE_DETECTED,/content/drive/MyDrive/satellite_change_detection/masks/Ahmedabad/Ahmedabad_r02_c00_2025_2026.png,UNKNOWN,0.598,Ahmedabad_r02_c00,23.05574919054648,72.48336930093376
0.19378662109375,0.25834885239601135,0.43440040946006775,4,0.0640869140625,Ahmedabad,Ahmedabad_r02_c01.tif,2020,2021,LIKELY_NO_CHANGE,SCATTERED_CHANGE,False,2020 -> 2022,5,PERSISTENT_CHANGE_SIGNAL,TEMPORAL_ONLY_EVIDENCE,0.009002685546875,0.0058746337890625,7.62939453125e-05,1.52587890625e-05,1.0,1.0,0.01712493069781443,False,-0.1844642162322998,0.05917240306735039,0.0944238007068634,1.2732919254658386,False,NONE_DETECTED,/content/drive/MyDrive/satellite_change_detection/masks/Ahmedabad/Ahmedabad_r02_c01_2020_2021.png,VEGETATION_LOSS,0.026,Ahmedabad_r02_c01,23.0561448915282,72.50833574392071
1.99737548828125,0.26906874775886536,0.9106495380401611,20,0.63934326171875,Ahmedabad,Ahmedabad_r02_c01.tif,2021,2022,LOW_PRIORITY_REVIEW,SCATTERED_CHANGE,False,2020 -> 2022,5,PERSISTENT_CHANGE_SIGNAL,TEMPORAL_ONLY_EVIDENCE,0.0058746337890625,0.0075836181640625,1.52587890625e-05,4.57763671875e-05,1.0,1.0,0.031191505624655034,False,-0.12917160987854004,0.08827383071184158,0.024702906608581543,1.0,False,NONE_DETECTED,/content/drive/MyDrive/satellite_change_detection/masks/Ahmedabad/Ahmedabad_r02_c01_2021_2022.png,UNKNOWN,0.28,Ahmedabad_r02_c01,23.0561448915282,72.50833574392071
1.8646240234375,0.29196175932884216,0.6371528506278992,16,0.42724609375,Ahmedabad,Ahmedabad_r02_c01.tif,2022,2023,LOW_PRIORITY_REVIEW,SCATTERED_CHANGE,False,2020 -> 2022,5,PERSISTENT_CHANGE_SIGNAL,TEMPORAL_ONLY_EVIDENCE,0.0075836181640625,0.0076751708984375,4.57763671875e-05,9.1552734375e-05,1.0,1.0,0.010931597064360457,False,-0.02716699242591858,-0.005634751170873642,0.01751658320426941,1.091703056768559,False,NONE_DETECTED,/content/drive/MyDrive/satellite_change_detection/masks/Ahmedabad/Ahmedabad_r02_c01_2022_2023.png,UNKNOWN,0.264,Ahmedabad_r02_c01,23.0561448915282,72.50833574392071
1.80206298828125,0.3034527897834778,0.9203806519508362,19,0.1739501953125,Ahmedabad,Ahmedabad_r02_c01.tif,2023,2024,LOW_PRIORITY_REVIEW,SCATTERED_CHANGE,False,2020 -> 2022,5,PERSISTENT_CHANGE_SIGNAL,TEMPORAL_ONLY_EVIDENCE,0.0076751708984375,0.0100250244140625,9.1552734375e-05,1.52587890625e-05,1.0,1.0,0.06832234005193712,False,-0.1409330666065216,0.1250072568655014,-0.007712304592132568,1.1101321585903083,False,NONE_DETECTED,/content/drive/MyDrive/satellite_change_detection/masks/Ahmedabad/Ahmedabad_r02_c01_2023_2024.png,CONSTRUCTION,0.254,Ahmedabad_r02_c01,23.0561448915282,72.50833574392071
2.63824462890625,0.2885829210281372,0.6665237545967102,14,0.9307861328125,Ahmedabad,Ahmedabad_r02_c01.tif,2024,2025,LOW_PRIORITY_REVIEW,SCATTERED_CHANGE,True,2020 -> 2022,5,PERSISTENT_CHANGE_SIGNAL,TEMPORAL_ONLY_EVIDENCE,0.0100250244140625,0.0067291259765625,1.52587890625e-05,0.000396728515625,1.0,1.0,0.044684093331165575,False,-0.18787282705307007,0.07745286822319031,0.05846765637397766,1.0845070422535212,False,NONE_DETECTED,/content/drive/MyDrive/satellite_change_detection/masks/Ahmedabad/Ahmedabad_r02_c01_2024_2025.png,VEGETATION_LOSS,0.379,Ahmedabad_r02_c01,23.0561448915282,72.50833574392071
2.23388671875,0.3302663266658783,0.6869162321090698,19,0.57373046875,Ahmedabad,Ahmedabad_r02_c01.tif,2025,2026,LOW_PRIORITY_REVIEW,SCATTERED_CHANGE,True,2020 -> 2022,5,PERSISTENT_CHANGE_SIGNAL,TEMPORAL_ONLY_EVIDENCE,0.0067291259765625,0.0044097900390625,0.000396728515625,3.0517578125e-05,1.0,1.0,0.04768251154849903,False,-0.08251984417438507,0.06099794805049896,0.016312450170516968,1.016597510373444,False,NONE_DETECTED,/content/drive/MyDrive/satellite_change_detection/masks/Ahmedabad/Ahmedabad_r02_c01_2025_2026.png,UNKNOWN,0.326,Ahmedabad_r02_c01,23.0561448915282,72.50833574392071
0.16021728515625,0.363920122385025,0.7169983386993408,3,0.0762939453125,Ahmedabad,Ahmedabad_r02_c02.tif,2020,2021,LIKELY_NO_CHANGE,SCATTERED_CHANGE,False,2020 -> 2025,2,PERSISTENT_CHANGE_SIGNAL,TEMPORAL_ONLY_EVIDENCE,0.0113677978515625,0.0063934326171875,0.0,0.0,1.0,1.0,0.028893942994884722,False,-0.09115288406610489,0.020774750038981438,0.07440213859081268,5.0,False,NONE_DETECTED,/content/drive/MyDrive/satellite_change_detection/masks/Ahmedabad/Ahmedabad_r02_c02_2020_2021.png,UNKNOWN,0.02,Ahmedabad_r02_c02,23.05653665605741,72.53330273522398
0.30364990234375,0.45015519857406616,0.9817073345184326,3,0.1373291015625,Ahmedabad,Ahmedabad_r02_c02.tif,2021,2022,LIKELY_NO_CHANGE,SCATTERED_CHANGE,False,2020 -> 2025,2,PERSISTENT_CHANGE_SIGNAL,TEMPORAL_ONLY_EVIDENCE,0.0063934326171875,0.008819580078125,0.0,1.52587890625e-05,1.0,1.0,0.030161527209674792,False,-0.02061907947063446,0.0142907053232193,0.0479532927274704,2.0987654320987654,False,NONE_DETECTED,/content/drive/MyDrive/satellite_change_detection/masks/Ahmedabad/Ahmedabad_r02_c02_2021_2022.png,UNKNOWN,0.039,Ahmedabad_r02_c02,23.05653665605741,72.53330273522398
0.6256103515625,0.300102174282074,0.8966109752655029,6,0.384521484375,Ahmedabad,Ahmedabad_r02_c02.tif,2022,2023,LIKELY_NO_CHANGE,SCATTERED_CHANGE,False,2020 -> 2025,2,PERSISTENT_CHANGE_SIGNAL,TEMPORAL_ONLY_EVIDENCE,0.008819580078125,0.0088043212890625,1.52587890625e-05,9.1552734375e-05,1.0,1.0,0.019933172780059804,False,-0.09756830334663391,-0.00018953904509544373,0.08403924107551575,1.4596273291925466,False,NONE_DETECTED,/content/drive/MyDrive/satellite_change_detection/masks/Ahmedabad/Ahmedabad_r02_c02_2022_2023.png,UNKNOWN,0.074,Ahmedabad_r02_c02,23.05653665605741,72.53330273522398
1.36566162109375,0.3269205391407013,0.8404473066329956,9,0.35247802734375,Ahmedabad,Ahmedabad_r02_c02.tif,2023,2024,LOW_PRIORITY_REVIEW,SCATTERED_CHANGE,False,2020 -> 2025,2,PERSISTENT_CHANGE_SIGNAL,TEMPORAL_ONLY_EVIDENCE,0.0088043212890625,0.015594482421875,9.1552734375e-05,6.103515625e-05,1.0,1.0,0.09432999855896634,False,-0.002055332064628601,0.025433409959077835,-0.011543989181518555,1.1327433628318584,False,NONE_DETECTED,/content/drive/MyDrive/satellite_change_detection/masks/Ahmedabad/Ahmedabad_r02_c02_2023_2024.png,UNKNOWN,0.165,Ahmedabad_r02_c02,23.05653665605741,72.53330273522398
0.80718994140625,0.33119383454322815,0.8439897894859314,10,0.24871826171875,Ahmedabad,Ahmedabad_r02_c02.tif,2024,2025,LIKELY_NO_CHANGE,SCATTERED_CHANGE,False,2020 -> 2025,2,PERSISTENT_CHANGE_SIGNAL,TEMPORAL_ONLY_EVIDENCE,0.015594482421875,0.0083770751953125,6.103515625e-05,0.0003814697265625,1.0,1.0,0.00908254398921023,False,-0.09189271926879883,0.007316261529922485,0.07367551326751709,1.4382022471910112,False,NONE_DETECTED,/content/drive/MyDrive/satellite_change_detection/masks/Ahmedabad/Ahmedabad_r02_c02_2024_2025.png,UNKNOWN,0.098,Ahmedabad_r02_c02,23.05653665605741,72.53330273522398
0.65155029296875,0.3052843511104584,0.6912679672241211,6,0.39520263671875,Ahmedabad,Ahmedabad_r02_c02.tif,2025,2026,LIKELY_NO_CHANGE,SCATTERED_CHANGE,False,2020 -> 2025,2,PERSISTENT_CHANGE_SIGNAL,TEMPORAL_ONLY_EVIDENCE,0.0083770751953125,0.0035247802734375,0.0003814697265625,0.0,1.0,1.0,0.03380467323721673,False,0.03915901482105255,0.033840738236904144,-0.03183022141456604,1.505952380952381,False,NONE_DETECTED,/content/drive/MyDrive/satellite_change_detection/masks/Ahmedabad/Ahmedabad_r02_c02_2025_2026.png,UNKNOWN,0.078,Ahmedabad_r02_c02,23.05653665605741,72.53330273522398
0.152587890625,0.2693991959095001,0.37634384632110596,3,0.06103515625,Ahmedabad,Ahmedabad_r02_c03.tif,2020,2021,LIKELY_NO_CHANGE,SCATTERED_CHANGE,False,No supported change interval,0,NO_SIGNIFICANT_CHANGE,LOW_PRIORITY_REVIEW,0.008819580078125,0.0050201416015625,0.0,1.52587890625e-05,1.0,1.0,0.014683992966318768,False,-0.006642788648605347,0.029506277292966843,-0.005890011787414551,1.5391304347826087,False,NONE_DETECTED,/content/drive/MyDrive/satellite_change_detection/masks/Ahmedabad/Ahmedabad_r02_c03_2020_2021.png,UNKNOWN,0.01,Ahmedabad_r02_c03,23.05692448378532,72.55827026936849
0.15106201171875,0.35558855533599854,0.7895625233650208,3,0.067138671875,Ahmedabad,Ahmedabad_r02_c03.tif,2021,2022,LIKELY_NO_CHANGE,SCATTERED_CHANGE,False,No supported change interval,0,NO_SIGNIFICANT_CHANGE,LOW_PRIORITY_REVIEW,0.0050201416015625,0.0066986083984375,1.52587890625e-05,0.0,1.0,1.0,0.01779840570821967,False,-0.08460263907909393,-0.04001936689019203,0.10700947046279907,1.1242937853107344,False,NONE_DETECTED,/content/drive/MyDrive/satellite_change_detection/masks/Ahmedabad/Ahmedabad_r02_c03_2021_2022.png,UNKNOWN,0.011,Ahmedabad_r02_c03,23.05692448378532,72.55827026936849
0.51116943359375,0.3501484990119934,0.7374164462089539,4,0.21820068359375,Ahmedabad,Ahmedabad_r02_c03.tif,2022,2023,LIKELY_NO_CHANGE,SCATTERED_CHANGE,False,No supported change interval,0,NO_SIGNIFICANT_CHANGE,LOW_PRIORITY_REVIEW,0.0066986083984375,0.0077362060546875,0.0,3.0517578125e-05,1.0,1.0,0.00864410161630663,False,0.006973177194595337,0.0072596147656440735,-0.0010661780834197998,1.0,False,NONE_DETECTED,/content/drive/MyDrive/satellite_change_detection/masks/Ahmedabad/Ahmedabad_r02_c03_2022_2023.png,UNKNOWN,0.039,Ahmedabad_r02_c03,23.05692448378532,72.55827026936849
0.37689208984375,0.3819998800754547,0.86321622133255,4,0.1922607421875,Ahmedabad,Ahmedabad_r02_c03.tif,2023,2024,LIKELY_NO_CHANGE,SCATTERED_CHANGE,False,No supported change interval,0,NO_SIGNIFICANT_CHANGE,LOW_PRIORITY_REVIEW,0.0077362060546875,0.01177978515625,3.0517578125e-05,3.0517578125e-05,1.0,1.0,0.11536010863709513,False,-0.021028481423854828,0.02404426783323288,0.0283525288105011,1.0833333333333333,False,NONE_DETECTED,/content/drive/MyDrive/satellite_change_detection/masks/Ahmedabad/Ahmedabad_r02_c03_2023_2024.png,UNKNOWN,0.03,Ahmedabad_r02_c03,23.05692448378532,72.55827026936849
0.433349609375,0.347738116979599,0.7965025305747986,5,0.11749267578125,Ahmedabad,Ahmedabad_r02_c03.tif,2024,2025,LIKELY_NO_CHANGE,SCATTERED_CHANGE,False,No supported change interval,0,NO_SIGNIFICANT_CHANGE,LOW_PRIORITY_REVIEW,0.01177978515625,0.0073699951171875,3.0517578125e-05,4.57763671875e-05,1.0,1.0,0.017741921594922435,False,-0.10209935903549194,0.048779651522636414,-0.0054919421672821045,3.546875,False,NONE_DETECTED,/content/drive/MyDrive/satellite_change_detection/masks/Ahmedabad/Ahmedabad_r02_c03_2024_2025.png,UNKNOWN,0.033,Ahmedabad_r02_c03,23.05692448378532,72.55827026936849
0.49591064453125,0.3595671057701111,0.7124384641647339,7,0.1190185546875,Ahmedabad,Ahmedabad_r02_c03.tif,2025,2026,LIKELY_NO_CHANGE,SCATTERED_CHANGE,False,No supported change interval,0,NO_SIGNIFICANT_CHANGE,LOW_PRIORITY_REVIEW,0.0073699951171875,0.00335693359375,4.57763671875e-05,0.0,1.0,1.0,0.04386793578927475,False,-0.02890908718109131,0.0030441880226135254,0.02148890495300293,1.0714285714285714,False,NONE_DETECTED,/content/drive/MyDrive/satellite_change_detection/masks/Ahmedabad/Ahmedabad_r02_c03_2025_2026.png,UNKNOWN,0.038,Ahmedabad_r02_c03,23.05692448378532,72.55827026936849
0.38604736328125,0.29750964045524597,0.6026042699813843,5,0.152587890625,Ahmedabad,Ahmedabad_r02_c04.tif,2020,2021,LIKELY_NO_CHANGE,SCATTERED_CHANGE,False,2020 -> 2023,4,PERSISTENT_CHANGE_SIGNAL,TEMPORAL_ONLY_EVIDENCE,0.0042877197265625,0.0033416748046875,0.01556396484375,0.0609130859375,1.0,1.0,0.015178606470503923,False,-0.16194002330303192,0.07021588087081909,0.04771354794502258,1.5891472868217054,False,NONE_DETECTED,/content/drive/MyDrive/satellite_change_detection/masks/Ahmedabad/Ahmedabad_r02_c04_2020_2021.png,VEGETATION_LOSS,0.054,Ahmedabad_r02_c04,23.05730837436658,72.58323834087832
1.23291015625,0.3123325705528259,0.810616672039032,9,0.50201416015625,Ahmedabad,Ahmedabad_r02_c04.tif,2021,2022,LOW_PRIORITY_REVIEW,SCATTERED_CHANGE,False,2020 -> 2023,4,PERSISTENT_CHANGE_SIGNAL,TEMPORAL_ONLY_EVIDENCE,0.0033416748046875,0.004791259765625,0.0609130859375,0.12103271484375,1.0,1.0,0.09047108841761105,False,-0.1537659615278244,0.08983804285526276,0.031021147966384888,1.4848484848484849,False,NONE_DETECTED,/content/drive/MyDrive/satellite_change_detection/masks/Ahmedabad/Ahmedabad_r02_c04_2021_2022.png,VEGETATION_LOSS,0.177,Ahmedabad_r02_c04,23.05730837436658,72.58323834087832
3.3660888671875,0.40951406955718994,0.6957426071166992,7,2.75726318359375,Ahmedabad,Ahmedabad_r02_c04.tif,2022,2023,REVIEW_REQUIRED,MODERATELY_CONNECTED,True,2020 -> 2023,4,PERSISTENT_CHANGE_SIGNAL,MODERATE_EVIDENCE,0.004791259765625,0.004974365234375,0.12103271484375,0.0001983642578125,1.0,1.0,0.018389958506178947,False,-0.41997382044792175,0.2738509774208069,0.06492701172828674,2.413793103448276,False,NONE_DETECTED,/content/drive/MyDrive/satellite_change_detection/masks/Ahmedabad/Ahmedabad_r02_c04_2022_2023.png,CONSTRUCTION,0.551,Ahmedabad_r02_c04,23.05730837436658,72.58323834087832
0.11444091796875,0.2656332552433014,0.4014897346496582,3,0.03814697265625,Ahmedabad,Ahmedabad_r02_c04.tif,2023,2024,LIKELY_NO_CHANGE,SCATTERED_CHANGE,False,2020 -> 2023,4,PERSISTENT_CHANGE_SIGNAL,TEMPORAL_ONLY_EVIDENCE,0.004974365234375,0.0065765380859375,0.0001983642578125,0.04022216796875,1.0,1.0,0.060499532065855344,False,0.012333005666732788,-0.020121343433856964,0.028464674949645996,7.3478260869565215,False,NONE_DETECTED,/content/drive/MyDrive/satellite_change_detection/masks/Ahmedabad/Ahmedabad_r02_c04_2023_2024.png,UNKNOWN,0.016,Ahmedabad_r02_c04,23.05730837436658,72.58323834087832
0.52947998046875,0.33823299407958984,0.690381646156311,6,0.2197265625,Ahmedabad,Ahmedabad_r02_c04.tif,2024,2025,LIKELY_NO_CHANGE,SCATTERED_CHANGE,False,2020 -> 2023,4,PERSISTENT_CHANGE_SIGNAL,TEMPORAL_ONLY_EVIDENCE,0.0065765380859375,0.0040740966796875,0.04022216796875,0.045928955078125,1.0,1.0,0.01871166266514615,False,-0.05083697289228439,-0.01927734538912773,0.07601369917392731,1.224,False,NONE_DETECTED,/content/drive/MyDrive/satellite_change_detection/masks/Ahmedabad/Ahmedabad_r02_c04_2024_2025.png,UNKNOWN,0.077,Ahmedabad_r02_c04,23.05730837436658,72.58323834087832
0.61187744140625,0.27658703923225403,0.5333651304244995,9,0.11138916015625,Ahmedabad,Ahmedabad_r02_c04.tif,2025,2026,LIKELY_NO_CHANGE,SCATTERED_CHANGE,False,2020 -> 2023,4,PERSISTENT_CHANGE_SIGNAL,TEMPORAL_ONLY_EVIDENCE,0.0040740966796875,0.002593994140625,0.045928955078125,4.57763671875e-05,1.0,1.0,0.02738430263361216,False,-0.033688172698020935,0.04098286107182503,-0.005420863628387451,1.4714285714285715,False,NONE_DETECTED,/content/drive/MyDrive/satellite_change_detection/masks/Ahmedabad/Ahmedabad_r02_c04_2025_2026.png,UNKNOWN,0.085,Ahmedabad_r02_c04,23.05730837436658,72.58323834087832
0.09307861328125,0.25402015447616577,0.349351167678833,2,0.054931640625,Ahmedabad,Ahmedabad_r02_c05.tif,2020,2021,LIKELY_NO_CHANGE,SCATTERED_CHANGE,False,No supported change interval,0,NO_SIGNIFICANT_CHANGE,LOW_PRIORITY_REVIEW,0.008453369140625,0.00469970703125,0.0,0.004425048828125,1.0,1.0,0.030360281029484747,False,-0.01815471053123474,0.025263413786888123,-0.003048837184906006,1.1071428571428572,False,NONE_DETECTED,/content/drive/MyDrive/satellite_change_detection/masks/Ahmedabad/Ahmedabad_r02_c05_2020_2021.png,UNKNOWN,0.006,Ahmedabad_r02_c05,23.057688327459378,72.60820694427692
0.5523681640625,0.5233480930328369,0.9412356615066528,3,0.42877197265625,Ahmedabad,Ahmedabad_r02_c05.tif,2021,2022,LIKELY_NO_CHANGE,SCATTERED_CHANGE,False,No supported change interval,0,NO_SIGNIFICANT_CHANGE,LOW_PRIORITY_REVIEW,0.00469970703125,0.00567626953125,0.004425048828125,0.0108795166015625,1.0,1.0,0.030885202256945115,False,-0.451560914516449,0.3454474210739136,0.027184784412384033,3.3472222222222223,False,NONE_DETECTED,/content/drive/MyDrive/satellite_change_detection/masks/Ahmedabad/Ahmedabad_r02_c05_2021_2022.png,UNKNOWN,0.045,Ahmedabad_r02_c05,23.057688327459378,72.60820694427692
0.0,0.0,0.0,0,0.0,Ahmedabad,Ahmedabad_r02_c05.tif,2022,2023,LIKELY_NO_CHANGE,SCATTERED_CHANGE,False,No supported change interval,0,NO_SIGNIFICANT_CHANGE,LOW_PRIORITY_REVIEW,0.00567626953125,0.0065155029296875,0.0108795166015625,4.57763671875e-05,1.0,1.0,0.015836024190284778,False,0.0,0.0,0.0,1.0,False,NONE_DETECTED,/content/drive/MyDrive/satellite_change_detection/masks/Ahmedabad/Ahmedabad_r02_c05_2022_2023.png,UNKNOWN,0.0,Ahmedabad_r02_c05,23.057688327459378,72.60820694427692
0.22735595703125,0.3667079210281372,0.6534433364868164,4,0.09765625,Ahmedabad,Ahmedabad_r02_c05.tif,2023,2024,LIKELY_NO_CHANGE,SCATTERED_CHANGE,False,No supported change interval,0,NO_SIGNIFICANT_CHANGE,LOW_PRIORITY_REVIEW,0.0065155029296875,0.0096282958984375,4.57763671875e-05,0.00128173828125,1.0,1.0,0.06924706365071176,False,-0.15100741386413574,0.05003748834133148,0.08843681216239929,1.3974358974358974,False,NONE_DETECTED,/content/drive/MyDrive/satellite_change_detection/masks/Ahmedabad/Ahmedabad_r02_c05_2023_2024.png,UNKNOWN,0.018,Ahmedabad_r02_c05,23.057688327459378,72.60820694427692
0.238037109375,0.34993594884872437,0.7108535170555115,4,0.0823974609375,Ahmedabad,Ahmedabad_r02_c05.tif,2024,2025,LIKELY_NO_CHANGE,SCATTERED_CHANGE,False,No supported change interval,0,NO_SIGNIFICANT_CHANGE,LOW_PRIORITY_REVIEW,0.0096282958984375,0.00634765625,0.00128173828125,0.0,1.0,1.0,0.013232387808714064,False,-0.02664095163345337,-0.02148490399122238,0.05008828639984131,1.1481481481481481,False,NONE_DETECTED,/content/drive/MyDrive/satellite_change_detection/masks/Ahmedabad/Ahmedabad_r02_c05_2024_2025.png,UNKNOWN,0.018,Ahmedabad_r02_c05,23.057688327459378,72.60820694427692
0.37384033203125,0.34193694591522217,0.5819382667541504,3,0.20294189453125,Ahmedabad,Ahmedabad_r02_c05.tif,2025,2026,LIKELY_NO_CHANGE,SCATTERED_CHANGE,False,No supported change interval,0,NO_SIGNIFICANT_CHANGE,LOW_PRIORITY_REVIEW,0.00634765625,0.0037078857421875,0.0,0.0,1.0,1.0,0.023325397613222432,False,-0.03474704921245575,0.04244191199541092,-0.03667712211608887,2.7169811320754715,False,NONE_DETECTED,/content/drive/MyDrive/satellite_change_detection/masks/Ahmedabad/Ahmedabad_r02_c05_2025_2026.png,UNKNOWN,0.028,Ahmedabad_r02_c05,23.057688327459378,72.60820694427692
1.25732421875,0.25584614276885986,0.5756263732910156,4,0.8880615234375,Ahmedabad,Ahmedabad_r02_c06.tif,2020,2021,LOW_PRIORITY_REVIEW,SCATTERED_CHANGE,False,2020 -> 2026,1,SINGLE_INTERVAL_CHANGE,LOW_PRIORITY_REVIEW,0.008758544921875,0.0034332275390625,3.0517578125e-05,1.52587890625e-05,1.0,1.0,0.00895248234662038,False,-0.015116661787033081,0.03919128328561783,-0.0036746859550476074,1.7809523809523808,False,NONE_DETECTED,/content/drive/MyDrive/satellite_change_detection/masks/Ahmedabad/Ahmedabad_r02_c06_2020_2021.png,UNKNOWN,0.117,Ahmedabad_r02_c06,23.058064342725363,72.63317607408713
2.59857177734375,0.34378325939178467,0.9385672807693481,8,1.23291015625,Ahmedabad,Ahmedabad_r02_c06.tif,2021,2022,REVIEW_REQUIRED,SCATTERED_CHANGE,True,2020 -> 2026,1,SINGLE_INTERVAL_CHANGE,REVIEW_REQUIRED,0.0034332275390625,0.006744384765625,1.52587890625e-05,0.0,1.0,1.0,0.010479382689936438,False,-0.027222976088523865,0.015101276338100433,0.019310861825942993,1.4453125,False,NONE_DETECTED,/content/drive/MyDrive/satellite_change_detection/masks/Ahmedabad/Ahmedabad_r02_c06_2021_2022.png,UNKNOWN,0.27,Ahmedabad_r02_c06,23.058064342725363,72.63317607408713
1.24664306640625,0.27714604139328003,0.6453408002853394,9,0.40130615234375,Ahmedabad,Ahmedabad_r02_c06.tif,2022,2023,LOW_PRIORITY_REVIEW,SCATTERED_CHANGE,False,2020 -> 2026,1,SINGLE_INTERVAL_CHANGE,LOW_PRIORITY_REVIEW,0.006744384765625,0.0068206787109375,0.0,1.52587890625e-05,1.0,1.0,0.038779229002760894,False,-0.023352578282356262,-0.019676633179187775,0.02003571391105652,1.9038461538461537,False,NONE_DETECTED,/content/drive/MyDrive/satellite_change_detection/masks/Ahmedabad/Ahmedabad_r02_c06_2022_2023.png,UNKNOWN,0.116,Ahmedabad_r02_c06,23.058064342725363,72.63317607408713
0.09765625,0.2465285062789917,0.40752315521240234,2,0.05950927734375,Ahmedabad,Ahmedabad_r02_c06.tif,2023,2024,LIKELY_NO_CHANGE,SCATTERED_CHANGE,False,2020 -> 2026,1,SINGLE_INTERVAL_CHANGE,LOW_PRIORITY_REVIEW,0.0068206787109375,0.01171875,1.52587890625e-05,3.0517578125e-05,1.0,1.0,0.0656061369181964,False,0.037141352891922,0.05836822837591171,-0.08092999458312988,9.857142857142858,False,NONE_DETECTED,/content/drive/MyDrive/satellite_change_detection/masks/Ahmedabad/Ahmedabad_r02_c06_2023_2024.png,UNKNOWN,0.009,Ahmedabad_r02_c06,23.058064342725363,72.63317607408713
0.09918212890625,0.3787360191345215,0.8186285495758057,2,0.05340576171875,Ahmedabad,Ahmedabad_r02_c06.tif,2024,2025,LIKELY_NO_CHANGE,SCATTERED_CHANGE,False,2020 -> 2026,1,SINGLE_INTERVAL_CHANGE,LOW_PRIORITY_REVIEW,0.01171875,0.0054779052734375,3.0517578125e-05,4.57763671875e-05,1.0,1.0,0.03149105054028664,False,-0.007527410984039307,-0.03595394641160965,0.042051851749420166,1.074468085106383,False,NONE_DETECTED,/content/drive/MyDrive/satellite_change_detection/masks/Ahmedabad/Ahmedabad_r02_c06_2024_2025.png,UNKNOWN,0.01,Ahmedabad_r02_c06,23.058064342725363,72.63317607408713
1.67694091796875,0.35076603293418884,0.7847638726234436,3,1.57012939453125,Ahmedabad,Ahmedabad_r02_c06.tif,2025,2026,REVIEW_REQUIRED,SCATTERED_CHANGE,False,2020 -> 2026,1,SINGLE_INTERVAL_CHANGE,REVIEW_REQUIRED,0.0054779052734375,0.0029449462890625,4.57763671875e-05,0.0,1.0,1.0,0.021200073132827464,False,-0.18011027574539185,0.00054207444190979,0.1385008692741394,1.3571428571428572,True,SEASONAL_VARIATION_LIKELY,/content/drive/MyDrive/satellite_change_detection/masks/Ahmedabad/Ahmedabad_r02_c06_2025_2026.png,UNKNOWN,0.158,Ahmedabad_r02_c06,23.058064342725363,72.63317607408713
0.262451171875,0.2631854712963104,0.4077478349208832,4,0.10528564453125,Ahmedabad,Ahmedabad_r02_c07.tif,2020,2021,LIKELY_NO_CHANGE,SCATTERED_CHANGE,False,2020 -> 2025,2,PERSISTENT_CHANGE_SIGNAL,TEMPORAL_ONLY_EVIDENCE,0.0386199951171875,0.0190582275390625,9.1552734375e-05,0.0,1.0,1.0,0.010523481502145868,False,-0.04899844527244568,-0.03476935625076294,0.07500973343849182,1.3333333333333333,False,NONE_DETECTED,/content/drive/MyDrive/satellite_change_detection/masks/Ahmedabad/Ahmedabad_r02_c07_2020_2021.png,UNKNOWN,0.03,Ahmedabad_r02_c07,23.05843641982969,72.65814572483094
0.6011962890625,0.3699488639831543,0.6809579133987427,5,0.17547607421875,Ahmedabad,Ahmedabad_r02_c07.tif,2021,2022,LIKELY_NO_CHANGE,SCATTERED_CHANGE,False,2020 -> 2025,2,PERSISTENT_CHANGE_SIGNAL,TEMPORAL_ONLY_EVIDENCE,0.0190582275390625,0.0269317626953125,0.0,3.0517578125e-05,1.0,1.0,0.023347378651411146,False,0.32108384370803833,-0.19302207231521606,-0.06751748919487,1.1310679611650485,False,NONE_DETECTED,/content/drive/MyDrive/satellite_change_detection/masks/Ahmedabad/Ahmedabad_r02_c07_2021_2022.png,VEGETATION_GAIN,0.075,Ahmedabad_r02_c07,23.05843641982969,72.65814572483094
0.09002685546875,0.3658173382282257,0.763107180595398,2,0.0518798828125,Ahmedabad,Ahmedabad_r02_c07.tif,2022,2023,LIKELY_NO_CHANGE,SCATTERED_CHANGE,False,2020 -> 2025,2,PERSISTENT_CHANGE_SIGNAL,TEMPORAL_ONLY_EVIDENCE,0.0269317626953125,0.02978515625,3.0517578125e-05,9.1552734375e-05,1.0,1.0,0.00802241941073668,False,-0.07437755912542343,0.019062448292970657,0.09446954727172852,1.625,False,NONE_DETECTED,/content/drive/MyDrive/satellite_change_detection/masks/Ahmedabad/Ahmedabad_r02_c07_2022_2023.png,UNKNOWN,0.011,Ahmedabad_r02_c07,23.05843641982969,72.65814572483094
0.3143310546875,0.25621700286865234,0.44766926765441895,4,0.10528564453125,Ahmedabad,Ahmedabad_r02_c07.tif,2023,2024,LIKELY_NO_CHANGE,SCATTERED_CHANGE,False,2020 -> 2025,2,PERSISTENT_CHANGE_SIGNAL,TEMPORAL_ONLY_EVIDENCE,0.02978515625,0.04095458984375,9.1552734375e-05,4.57763671875e-05,1.0,1.0,0.07457168010629706,False,-0.10229331254959106,0.016844000667333603,0.07980266213417053,1.7837837837837838,False,NONE_DETECTED,/content/drive/MyDrive/satellite_change_detection/masks/Ahmedabad/Ahmedabad_r02_c07_2023_2024.png,UNKNOWN,0.035,Ahmedabad_r02_c07,23.05843641982969,72.65814572483094
0.43792724609375,0.27727237343788147,0.4902786612510681,2,0.39215087890625,Ahmedabad,Ahmedabad_r02_c07.tif,2024,2025,LIKELY_NO_CHANGE,SCATTERED_CHANGE,False,2020 -> 2025,2,PERSISTENT_CHANGE_SIGNAL,TEMPORAL_ONLY_EVIDENCE,0.04095458984375,0.0184326171875,4.57763671875e-05,7.62939453125e-05,1.0,1.0,0.021248198968824957,False,-0.18553125858306885,0.04480347782373428,0.0975191593170166,1.890625,True,SEASONAL_VARIATION_LIKELY,/content/drive/MyDrive/satellite_change_detection/masks/Ahmedabad/Ahmedabad_r02_c07_2024_2025.png,UNKNOWN,0.046,Ahmedabad_r02_c07,23.05843641982969,72.65814572483094
0.27923583984375,0.35501164197921753,0.7558955550193787,3,0.146484375,Ahmedabad,Ahmedabad_r02_c07.tif,2025,2026,LIKELY_NO_CHANGE,SCATTERED_CHANGE,False,2020 -> 2025,2,PERSISTENT_CHANGE_SIGNAL,TEMPORAL_ONLY_EVIDENCE,0.0184326171875,0.0125885009765625,7.62939453125e-05,1.52587890625e-05,1.0,1.0,0.05821438311633664,False,-0.05656684935092926,0.01308220624923706,0.06987950205802917,1.6125,False,NONE_DETECTED,/content/drive/MyDrive/satellite_change_detection/masks/Ahmedabad/Ahmedabad_r02_c07_2025_2026.png,UNKNOWN,0.034,Ahmedabad_r02_c07,23.05843641982969,72.65814572483094
2.33306884765625,0.28852376341819763,0.6142502427101135,18,1.05438232421875,Ahmedabad,Ahmedabad_r03_c00.tif,2020,2021,REVIEW_REQUIRED,SCATTERED_CHANGE,True,2020 -> 2021,6,PERSISTENT_CHANGE_SIGNAL,TEMPORAL_ONLY_EVIDENCE,0.0071258544921875,0.00537109375,3.0517578125e-05,7.62939453125e-05,1.0,1.0,0.03317208893774728,False,-0.08746437728404999,0.004370346665382385,0.06266626715660095,1.003968253968254,False,NONE_DETECTED,/content/drive/MyDrive/satellite_change_detection/masks/Ahmedabad/Ahmedabad_r03_c00_2020_2021.png,UNKNOWN,0.336,Ahmedabad_r03_c00,23.032646103046183,72.48379876276105
2.53448486328125,0.32651665806770325,0.9043943285942078,17,0.50811767578125,Ahmedabad,Ahmedabad_r03_c00.tif,2021,2022,LOW_PRIORITY_REVIEW,SCATTERED_CHANGE,True,2020 -> 2021,6,PERSISTENT_CHANGE_SIGNAL,TEMPORAL_ONLY_EVIDENCE,0.00537109375,0.006744384765625,7.62939453125e-05,0.000213623046875,1.0,1.0,0.04060900982345383,False,-0.13231161236763,0.05498049408197403,0.06201094388961792,1.1082251082251082,False,NONE_DETECTED,/content/drive/MyDrive/satellite_change_detection/masks/Ahmedabad/Ahmedabad_r03_c00_2021_2022.png,UNKNOWN,0.368,Ahmedabad_r03_c00,23.032646103046183,72.48379876276105
2.06451416015625,0.32908111810684204,0.8829152584075928,25,0.22125244140625,Ahmedabad,Ahmedabad_r03_c00.tif,2022,2023,LOW_PRIORITY_REVIEW,SCATTERED_CHANGE,True,2020 -> 2021,6,PERSISTENT_CHANGE_SIGNAL,TEMPORAL_ONLY_EVIDENCE,0.006744384765625,0.0059051513671875,0.000213623046875,0.0001983642578125,1.0,1.0,0.04103750946585267,False,-0.149633526802063,0.023618638515472412,0.10886397957801819,1.113744075829384,False,NONE_DETECTED,/content/drive/MyDrive/satellite_change_detection/masks/Ahmedabad/Ahmedabad_r03_c00_2022_2023.png,VEHICLE_OR_ACTIVITY,0.297,Ahmedabad_r03_c00,23.032646103046183,72.48379876276105
1.6845703125,0.30556830763816833,0.6158775091171265,23,0.13885498046875,Ahmedabad,Ahmedabad_r03_c00.tif,2023,2024,LOW_PRIORITY_REVIEW,SCATTERED_CHANGE,False,2020 -> 2021,6,PERSISTENT_CHANGE_SIGNAL,TEMPORAL_ONLY_EVIDENCE,0.0059051513671875,0.008392333984375,0.0001983642578125,0.0002593994140625,1.0,1.0,0.10327569109780409,False,0.004901140928268433,0.01528908684849739,-0.006760299205780029,1.0127659574468084,False,NONE_DETECTED,/content/drive/MyDrive/satellite_change_detection/masks/Ahmedabad/Ahmedabad_r03_c00_2023_2024.png,VEHICLE_OR_ACTIVITY,0.238,Ahmedabad_r03_c00,23.032646103046183,72.48379876276105
2.0660400390625,0.32228443026542664,0.879345178604126,24,0.433349609375,Ahmedabad,Ahmedabad_r03_c00.tif,2024,2025,LOW_PRIORITY_REVIEW,SCATTERED_CHANGE,True,2020 -> 2021,6,PERSISTENT_CHANGE_SIGNAL,TEMPORAL_ONLY_EVIDENCE,0.008392333984375,0.007232666015625,0.0002593994140625,0.001068115234375,1.0,1.0,0.067363369503466,False,-0.09086985886096954,0.016464024782180786,0.06483876705169678,1.0956521739130434,False,NONE_DETECTED,/content/drive/MyDrive/satellite_change_detection/masks/Ahmedabad/Ahmedabad_r03_c00_2024_2025.png,VEHICLE_OR_ACTIVITY,0.298,Ahmedabad_r03_c00,23.032646103046183,72.48379876276105
1.4984130859375,0.3088133931159973,0.6956884860992432,16,0.26397705078125,Ahmedabad,Ahmedabad_r03_c00.tif,2025,2026,LOW_PRIORITY_REVIEW,SCATTERED_CHANGE,False,2020 -> 2021,6,PERSISTENT_CHANGE_SIGNAL,TEMPORAL_ONLY_EVIDENCE,0.007232666015625,0.00469970703125,0.001068115234375,0.000213623046875,1.0,1.0,0.045295015395480746,False,-0.14694184064865112,0.06681732833385468,0.07388052344322205,1.268041237113402,False,NONE_DETECTED,/content/drive/MyDrive/satellite_change_detection/masks/Ahmedabad/Ahmedabad_r03_c00_2025_2026.png,UNKNOWN,0.213,Ahmedabad_r03_c00,23.032646103046183,72.48379876276105
0.0732421875,0.31555789709091187,0.4117710590362549,1,0.0732421875,Ahmedabad,Ahmedabad_r03_c01.tif,2020,2021,LIKELY_NO_CHANGE,SCATTERED_CHANGE,False,2020 -> 2023,4,PERSISTENT_CHANGE_SIGNAL,TEMPORAL_ONLY_EVIDENCE,0.008514404296875,0.0073394775390625,0.0001220703125,0.0001983642578125,1.0,1.0,0.003009301618936258,False,-0.2331860512495041,0.1311645656824112,0.04805615544319153,1.0,False,NONE_DETECTED,/content/drive/MyDrive/satellite_change_detection/masks/Ahmedabad/Ahmedabad_r03_c01_2020_2021.png,CONSTRUCTION,0.01,Ahmedabad_r03_c01,23.033041362853417,72.50876095603603
0.5126953125,0.3427416682243347,0.7712510824203491,8,0.14495849609375,Ahmedabad,Ahmedabad_r03_c01.tif,2021,2022,LIKELY_NO_CHANGE,SCATTERED_CHANGE,False,2020 -> 2023,4,PERSISTENT_CHANGE_SIGNAL,TEMPORAL_ONLY_EVIDENCE,0.0073394775390625,0.010284423828125,0.0001983642578125,0.0006103515625,1.0,1.0,0.029745724030133966,False,-0.1578650027513504,0.07248076796531677,0.06908795237541199,2.411764705882353,False,NONE_DETECTED,/content/drive/MyDrive/satellite_change_detection/masks/Ahmedabad/Ahmedabad_r03_c01_2021_2022.png,VEGETATION_LOSS,0.074,Ahmedabad_r03_c01,23.033041362853417,72.50876095603603
1.13067626953125,0.3897496163845062,0.6952773332595825,8,0.41351318359375,Ahmedabad,Ahmedabad_r03_c01.tif,2022,2023,LOW_PRIORITY_REVIEW,SCATTERED_CHANGE,False,2020 -> 2023,4,PERSISTENT_CHANGE_SIGNAL,TEMPORAL_ONLY_EVIDENCE,0.010284423828125,0.0110321044921875,0.0006103515625,0.0008544921875,1.0,1.0,0.030625231283983177,False,-0.20605309307575226,0.06124835088849068,0.09437769651412964,1.7448979591836735,False,NONE_DETECTED,/content/drive/MyDrive/satellite_change_detection/masks/Ahmedabad/Ahmedabad_r03_c01_2022_2023.png,VEGETATION_LOSS,0.171,Ahmedabad_r03_c01,23.033041362853417,72.50876095603603
1.06048583984375,0.33133769035339355,0.874218761920929,11,0.39825439453125,Ahmedabad,Ahmedabad_r03_c01.tif,2023,2024,LOW_PRIORITY_REVIEW,SCATTERED_CHANGE,False,2020 -> 2023,4,PERSISTENT_CHANGE_SIGNAL,TEMPORAL_ONLY_EVIDENCE,0.0110321044921875,0.0124664306640625,0.0008544921875,0.000274658203125,1.0,1.0,0.09397339288644437,False,0.08582597970962524,-0.09556980431079865,0.058882951736450195,1.3832335329341316,False,NONE_DETECTED,/content/drive/MyDrive/satellite_change_detection/masks/Ahmedabad/Ahmedabad_r03_c01_2023_2024.png,UNKNOWN,0.154,Ahmedabad_r03_c01,23.033041362853417,72.50876095603603
0.20751953125,0.352512389421463,0.6173463463783264,4,0.07781982421875,Ahmedabad,Ahmedabad_r03_c01.tif,2024,2025,LIKELY_NO_CHANGE,SCATTERED_CHANGE,False,2020 -> 2023,4,PERSISTENT_CHANGE_SIGNAL,TEMPORAL_ONLY_EVIDENCE,0.0124664306640625,0.0087890625,0.000274658203125,0.0010986328125,1.0,1.0,0.043486537375871874,False,-0.05377969145774841,-0.0015376955270767212,0.05111980438232422,1.3703703703703705,False,NONE_DETECTED,/content/drive/MyDrive/satellite_change_detection/masks/Ahmedabad/Ahmedabad_r03_c01_2024_2025.png,UNKNOWN,0.03,Ahmedabad_r03_c01,23.033041362853417,72.50876095603603
0.6927490234375,0.3845576345920563,0.8486974239349365,8,0.16632080078125,Ahmedabad,Ahmedabad_r03_c01.tif,2025,2026,LIKELY_NO_CHANGE,SCATTERED_CHANGE,False,2020 -> 2023,4,PERSISTENT_CHANGE_SIGNAL,TEMPORAL_ONLY_EVIDENCE,0.0087890625,0.006103515625,0.0010986328125,0.0004425048828125,1.0,1.0,0.031388248952842424,False,-0.13085398077964783,0.04694889858365059,0.09016475081443787,1.6164383561643836,False,NONE_DETECTED,/content/drive/MyDrive/satellite_change_detection/masks/Ahmedabad/Ahmedabad_r03_c01_2025_2026.png,UNKNOWN,0.103,Ahmedabad_r03_c01,23.033041362853417,72.50876095603603
0.42877197265625,0.31564125418663025,0.6632665395736694,6,0.164794921875,Ahmedabad,Ahmedabad_r03_c02.tif,2020,2021,LIKELY_NO_CHANGE,SCATTERED_CHANGE,False,2020 -> 2024,2,PERSISTENT_CHANGE_SIGNAL,TEMPORAL_ONLY_EVIDENCE,0.0090484619140625,0.0066986083984375,4.57763671875e-05,1.52587890625e-05,1.0,1.0,0.017130929666246224,False,0.0521712452173233,-0.02131729945540428,0.008119136095046997,1.0825242718446602,False,NONE_DETECTED,/content/drive/MyDrive/satellite_change_detection/masks/Ahmedabad/Ahmedabad_r03_c02_2020_2021.png,UNKNOWN,0.051,Ahmedabad_r03_c02,23.0334326905945,72.53372369721114
0.38299560546875,0.3102763295173645,0.8149742484092712,6,0.10986328125,Ahmedabad,Ahmedabad_r03_c02.tif,2021,2022,LIKELY_NO_CHANGE,SCATTERED_CHANGE,False,2020 -> 2024,2,PERSISTENT_CHANGE_SIGNAL,TEMPORAL_ONLY_EVIDENCE,0.0066986083984375,0.01104736328125,1.52587890625e-05,1.52587890625e-05,1.0,1.0,0.06844748876614189,False,0.001130908727645874,-0.002359047532081604,0.006612122058868408,1.0578512396694215,False,NONE_DETECTED,/content/drive/MyDrive/satellite_change_detection/masks/Ahmedabad/Ahmedabad_r03_c02_2021_2022.png,UNKNOWN,0.045,Ahmedabad_r03_c02,23.0334326905945,72.53372369721114
2.1148681640625,0.31345367431640625,0.7783443927764893,14,0.93536376953125,Ahmedabad,Ahmedabad_r03_c02.tif,2022,2023,LOW_PRIORITY_REVIEW,SCATTERED_CHANGE,True,2020 -> 2024,2,PERSISTENT_CHANGE_SIGNAL,TEMPORAL_ONLY_EVIDENCE,0.01104736328125,0.0098419189453125,1.52587890625e-05,0.0002288818359375,1.0,1.0,0.01579195602256632,False,-0.1162542998790741,0.028063111007213593,0.06442141532897949,1.5789473684210527,False,NONE_DETECTED,/content/drive/MyDrive/satellite_change_detection/masks/Ahmedabad/Ahmedabad_r03_c02_2022_2023.png,UNKNOWN,0.259,Ahmedabad_r03_c02,23.0334326905945,72.53372369721114
1.7181396484375,0.2825697958469391,0.6368300914764404,9,0.53253173828125,Ahmedabad,Ahmedabad_r03_c02.tif,2023,2024,LOW_PRIORITY_REVIEW,SCATTERED_CHANGE,False,2020 -> 2024,2,PERSISTENT_CHANGE_SIGNAL,TEMPORAL_ONLY_EVIDENCE,0.0098419189453125,0.013031005859375,0.0002288818359375,9.1552734375e-05,1.0,1.0,0.13199194587661975,False,0.11345086991786957,0.002709701657295227,-0.07830691337585449,1.021097046413502,False,NONE_DETECTED,/content/drive/MyDrive/satellite_change_detection/masks/Ahmedabad/Ahmedabad_r03_c02_2023_2024.png,UNKNOWN,0.202,Ahmedabad_r03_c02,23.0334326905945,72.53372369721114
1.104736328125,0.3499419391155243,0.7789965271949768,8,0.45623779296875,Ahmedabad,Ahmedabad_r03_c02.tif,2024,2025,LOW_PRIORITY_REVIEW,SCATTERED_CHANGE,False,2020 -> 2024,2,PERSISTENT_CHANGE_SIGNAL,TEMPORAL_ONLY_EVIDENCE,0.013031005859375,0.0094146728515625,9.1552734375e-05,0.000274658203125,1.0,1.0,0.015132298033131025,False,-0.08232352137565613,0.016405757516622543,0.0036481916904449463,1.0175438596491229,False,NONE_DETECTED,/content/drive/MyDrive/satellite_change_detection/masks/Ahmedabad/Ahmedabad_r03_c02_2024_2025.png,UNKNOWN,0.137,Ahmedabad_r03_c02,23.0334326905945,72.53372369721114
1.3824462890625,0.3686031699180603,0.8711720108985901,6,0.61492919921875,Ahmedabad,Ahmedabad_r03_c02.tif,2025,2026,LOW_PRIORITY_REVIEW,SCATTERED_CHANGE,False,2020 -> 2024,2,PERSISTENT_CHANGE_SIGNAL,TEMPORAL_ONLY_EVIDENCE,0.0094146728515625,0.0064544677734375,0.000274658203125,6.103515625e-05,1.0,1.0,0.030503791684088215,False,-0.056144267320632935,0.03724876418709755,0.08520728349685669,1.7375886524822695,False,NONE_DETECTED,/content/drive/MyDrive/satellite_change_detection/masks/Ahmedabad/Ahmedabad_r03_c02_2025_2026.png,UNKNOWN,0.175,Ahmedabad_r03_c02,23.0334326905945,72.53372369721114
0.0579833984375,0.23321449756622314,0.3368098735809326,1,0.0579833984375,Ahmedabad,Ahmedabad_r03_c03.tif,2020,2021,LIKELY_NO_CHANGE,SCATTERED_CHANGE,False,No supported change interval,0,NO_SIGNIFICANT_CHANGE,LOW_PRIORITY_REVIEW,0.009033203125,0.0072479248046875,3.0517578125e-05,0.0,1.0,1.0,0.02579199826777193,False,0.030972927808761597,0.012683190405368805,-0.028677791357040405,1.1666666666666667,False,NONE_DETECTED,/content/drive/MyDrive/satellite_change_detection/masks/Ahmedabad/Ahmedabad_r03_c03_2020_2021.png,UNKNOWN,0.004,Ahmedabad_r03_c03,23.03382008592108,72.55868698081547
0.21820068359375,0.3419434726238251,0.6326134204864502,3,0.12664794921875,Ahmedabad,Ahmedabad_r03_c03.tif,2021,2022,LIKELY_NO_CHANGE,SCATTERED_CHANGE,False,No supported change interval,0,NO_SIGNIFICANT_CHANGE,LOW_PRIORITY_REVIEW,0.0072479248046875,0.0111083984375,0.0,3.0517578125e-05,1.0,1.0,0.03811414544505361,False,0.25131508708000183,-0.12781724333763123,-0.06095054745674133,1.9285714285714286,False,NONE_DETECTED,/content/drive/MyDrive/satellite_change_detection/masks/Ahmedabad/Ahmedabad_r03_c03_2021_2022.png,UNKNOWN,0.016,Ahmedabad_r03_c03,23.03382008592108,72.55868698081547
0.09918212890625,0.3360021412372589,0.548744261264801,2,0.06103515625,Ahmedabad,Ahmedabad_r03_c03.tif,2022,2023,LIKELY_NO_CHANGE,SCATTERED_CHANGE,False,No supported change interval,0,NO_SIGNIFICANT_CHANGE,LOW_PRIORITY_REVIEW,0.0111083984375,0.0108642578125,3.0517578125e-05,7.62939453125e-05,1.0,1.0,0.030552497498514512,False,-0.11276540160179138,0.010686740279197693,0.08151185512542725,4.235294117647059,False,NONE_DETECTED,/content/drive/MyDrive/satellite_change_detection/masks/Ahmedabad/Ahmedabad_r03_c03_2022_2023.png,UNKNOWN,0.007,Ahmedabad_r03_c03,23.03382008592108,72.55868698081547
0.1373291015625,0.32358038425445557,0.6995420455932617,3,0.05340576171875,Ahmedabad,Ahmedabad_r03_c03.tif,2023,2024,LIKELY_NO_CHANGE,SCATTERED_CHANGE,False,No supported change interval,0,NO_SIGNIFICANT_CHANGE,LOW_PRIORITY_REVIEW,0.0108642578125,0.01239013671875,7.62939453125e-05,1.52587890625e-05,1.0,1.0,0.09326136359779812,False,0.02602982521057129,-0.054335400462150574,0.07814943790435791,2.0864197530864197,False,NONE_DETECTED,/content/drive/MyDrive/satellite_change_detection/masks/Ahmedabad/Ahmedabad_r03_c03_2023_2024.png,UNKNOWN,0.01,Ahmedabad_r03_c03,23.03382008592108,72.55868698081547
0.3936767578125,0.337235689163208,0.8380007743835449,4,0.2166748046875,Ahmedabad,Ahmedabad_r03_c03.tif,2024,2025,LIKELY_NO_CHANGE,SCATTERED_CHANGE,False,No supported change interval,0,NO_SIGNIFICANT_CHANGE,LOW_PRIORITY_REVIEW,0.01239013671875,0.0083770751953125,1.52587890625e-05,7.62939453125e-05,1.0,1.0,0.04325338807892016,False,-0.2110283076763153,0.1181255578994751,0.04095101356506348,2.302325581395349,False,NONE_DETECTED,/content/drive/MyDrive/satellite_change_detection/masks/Ahmedabad/Ahmedabad_r03_c03_2024_2025.png,UNKNOWN,0.029,Ahmedabad_r03_c03,23.03382008592108,72.55868698081547
0.15411376953125,0.305905282497406,0.602500319480896,3,0.054931640625,Ahmedabad,Ahmedabad_r03_c03.tif,2025,2026,LIKELY_NO_CHANGE,SCATTERED_CHANGE,False,No supported change interval,0,NO_SIGNIFICANT_CHANGE,LOW_PRIORITY_REVIEW,0.0083770751953125,0.0058441162109375,7.62939453125e-05,1.52587890625e-05,1.0,1.0,0.04301315228091811,False,-0.030700117349624634,0.02345142513513565,0.025746077299118042,1.3925925925925926,False,NONE_DETECTED,/content/drive/MyDrive/satellite_change_detection/masks/Ahmedabad/Ahmedabad_r03_c03_2025_2026.png,UNKNOWN,0.011,Ahmedabad_r03_c03,23.03382008592108,72.55868698081547
0.0,0.0,0.0,0,0.0,Ahmedabad,Ahmedabad_r03_c04.tif,2020,2021,LIKELY_NO_CHANGE,SCATTERED_CHANGE,False,No supported change interval,0,NO_SIGNIFICANT_CHANGE,LOW_PRIORITY_REVIEW,0.0059661865234375,0.0037078857421875,0.0058135986328125,0.0591583251953125,1.0,1.0,0.018432007846241775,False,0.0,0.0,0.0,1.0,False,NONE_DETECTED,/content/drive/MyDrive/satellite_change_detection/masks/Ahmedabad/Ahmedabad_r03_c04_2020_2021.png,UNKNOWN,0.0,Ahmedabad_r03_c04,23.03420354848829,72.58365080137713
0.238037109375,0.2992295026779175,0.5102173686027527,4,0.1007080078125,Ahmedabad,Ahmedabad_r03_c04.tif,2021,2022,LIKELY_NO_CHANGE,SCATTERED_CHANGE,False,No supported change interval,0,NO_SIGNIFICANT_CHANGE,LOW_PRIORITY_REVIEW,0.0037078857421875,0.0064697265625,0.0591583251953125,0.089508056640625,1.0,1.0,0.044856400144789844,False,-0.05524197965860367,0.005451887845993042,0.06411562860012054,1.029535864978903,False,NONE_DETECTED,/content/drive/MyDrive/satellite_change_detection/masks/Ahmedabad/Ahmedabad_r03_c04_2021_2022.png,UNKNOWN,0.017,Ahmedabad_r03_c04,23.03420354848829,72.58365080137713
0.19989013671875,0.3016512989997864,0.5080186128616333,3,0.08392333984375,Ahmedabad,Ahmedabad_r03_c04.tif,2022,2023,LIKELY_NO_CHANGE,SCATTERED_CHANGE,False,No supported change interval,0,NO_SIGNIFICANT_CHANGE,LOW_PRIORITY_REVIEW,0.0064697265625,0.006011962890625,0.089508056640625,0.0289154052734375,1.0,1.0,0.012404422009399039,False,0.10909613966941833,-0.06269250810146332,-0.01767459511756897,1.4591194968553458,False,NONE_DETECTED,/content/drive/MyDrive/satellite_change_detection/masks/Ahmedabad/Ahmedabad_r03_c04_2022_2023.png,UNKNOWN,0.014,Ahmedabad_r03_c04,23.03420354848829,72.58365080137713
0.28076171875,0.2821268141269684,0.48308810591697693,3,0.13885498046875,Ahmedabad,Ahmedabad_r03_c04.tif,2023,2024,LIKELY_NO_CHANGE,SCATTERED_CHANGE,False,No supported change interval,0,NO_SIGNIFICANT_CHANGE,LOW_PRIORITY_REVIEW,0.006011962890625,0.0073699951171875,0.0289154052734375,0.064727783203125,1.0,1.0,0.0455308634147764,False,-0.08448386937379837,0.06081613153219223,0.016932398080825806,3.1714285714285713,False,NONE_DETECTED,/content/drive/MyDrive/satellite_change_detection/masks/Ahmedabad/Ahmedabad_r03_c04_2023_2024.png,UNKNOWN,0.019,Ahmedabad_r03_c04,23.03420354848829,72.58365080137713
0.31280517578125,0.3125041425228119,0.49212270975112915,2,0.26702880859375,Ahmedabad,Ahmedabad_r03_c04.tif,2024,2025,LIKELY_NO_CHANGE,SCATTERED_CHANGE,False,No supported change interval,0,NO_SIGNIFICANT_CHANGE,LOW_PRIORITY_REVIEW,0.0073699951171875,0.0045013427734375,0.064727783203125,0.0792694091796875,1.0,1.0,0.018435114852369188,False,0.08069075644016266,-0.03407326340675354,-0.06473657488822937,2.58974358974359,False,NONE_DETECTED,/content/drive/MyDrive/satellite_change_detection/masks/Ahmedabad/Ahmedabad_r03_c04_2024_2025.png,UNKNOWN,0.023,Ahmedabad_r03_c04,23.03420354848829,72.58365080137713
0.0,0.0,0.0,0,0.0,Ahmedabad,Ahmedabad_r03_c04.tif,2025,2026,LIKELY_NO_CHANGE,SCATTERED_CHANGE,False,No supported change interval,0,NO_SIGNIFICANT_CHANGE,LOW_PRIORITY_REVIEW,0.0045013427734375,0.002593994140625,0.0792694091796875,0.01446533203125,1.0,1.0,0.023992193822434008,False,0.0,0.0,0.0,1.0,False,NONE_DETECTED,/content/drive/MyDrive/satellite_change_detection/masks/Ahmedabad/Ahmedabad_r03_c04_2025_2026.png,UNKNOWN,0.0,Ahmedabad_r03_c04,23.03420354848829,72.58365080137713
0.27618408203125,0.3575113117694855,0.6922258734703064,3,0.14495849609375,Ahmedabad,Ahmedabad_r03_c05.tif,2020,2021,LIKELY_NO_CHANGE,SCATTERED_CHANGE,False,2020 -> 2024,3,PERSISTENT_CHANGE_SIGNAL,TEMPORAL_ONLY_EVIDENCE,0.010040283203125,0.0082855224609375,0.0,0.0,1.0,1.0,0.018885917650156417,False,-0.04747296869754791,0.004315432161092758,0.01917022466659546,1.0943396226415094,False,NONE_DETECTED,/content/drive/MyDrive/satellite_change_detection/masks/Ahmedabad/Ahmedabad_r03_c05_2020_2021.png,UNKNOWN,0.04,Ahmedabad_r03_c05,23.034583077954743,72.60861515342383
0.35552978515625,0.2773539423942566,0.4251956343650818,3,0.164794921875,Ahmedabad,Ahmedabad_r03_c05.tif,2021,2022,LIKELY_NO_CHANGE,SCATTERED_CHANGE,False,2020 -> 2024,3,PERSISTENT_CHANGE_SIGNAL,TEMPORAL_ONLY_EVIDENCE,0.0082855224609375,0.011260986328125,0.0,0.0,1.0,1.0,0.02447424590785553,False,0.04888583719730377,-0.021383993327617645,-0.018377482891082764,1.6369863013698631,False,NONE_DETECTED,/content/drive/MyDrive/satellite_change_detection/masks/Ahmedabad/Ahmedabad_r03_c05_2021_2022.png,UNKNOWN,0.049,Ahmedabad_r03_c05,23.034583077954743,72.60861515342383
1.36871337890625,0.36366793513298035,0.721089780330658,8,0.52490234375,Ahmedabad,Ahmedabad_r03_c05.tif,2022,2023,LOW_PRIORITY_REVIEW,SCATTERED_CHANGE,False,2020 -> 2024,3,PERSISTENT_CHANGE_SIGNAL,TEMPORAL_ONLY_EVIDENCE,0.011260986328125,0.01263427734375,0.0,0.0,1.0,1.0,0.0320889680527823,False,-0.1390799880027771,0.03745996952056885,0.052181631326675415,1.1220657276995305,False,NONE_DETECTED,/content/drive/MyDrive/satellite_change_detection/masks/Ahmedabad/Ahmedabad_r03_c05_2022_2023.png,UNKNOWN,0.204,Ahmedabad_r03_c05,23.034583077954743,72.60861515342383
0.41961669921875,0.3503515124320984,0.6133955717086792,6,0.13885498046875,Ahmedabad,Ahmedabad_r03_c05.tif,2023,2024,LIKELY_NO_CHANGE,SCATTERED_CHANGE,False,2020 -> 2024,3,PERSISTENT_CHANGE_SIGNAL,TEMPORAL_ONLY_EVIDENCE,0.01263427734375,0.01531982421875,0.0,0.0,1.0,1.0,0.06971786144266048,False,-0.02549023926258087,-0.011892847716808319,0.0658312439918518,1.2291666666666667,False,NONE_DETECTED,/content/drive/MyDrive/satellite_change_detection/masks/Ahmedabad/Ahmedabad_r03_c05_2023_2024.png,UNKNOWN,0.061,Ahmedabad_r03_c05,23.034583077954743,72.60861515342383
0.5767822265625,0.3325046896934509,0.7923134565353394,6,0.26092529296875,Ahmedabad,Ahmedabad_r03_c05.tif,2024,2025,LIKELY_NO_CHANGE,SCATTERED_CHANGE,False,2020 -> 2024,3,PERSISTENT_CHANGE_SIGNAL,TEMPORAL_ONLY_EVIDENCE,0.01531982421875,0.0095367431640625,0.0,0.0,1.0,1.0,0.04990773153362148,False,0.004663161933422089,-0.022557206451892853,0.02951541543006897,1.4303797468354431,False,NONE_DETECTED,/content/drive/MyDrive/satellite_change_detection/masks/Ahmedabad/Ahmedabad_r03_c05_2024_2025.png,UNKNOWN,0.083,Ahmedabad_r03_c05,23.034583077954743,72.60861515342383
0.9429931640625,0.3329388201236725,0.7967065572738647,8,0.41351318359375,Ahmedabad,Ahmedabad_r03_c05.tif,2025,2026,LIKELY_NO_CHANGE,SCATTERED_CHANGE,False,2020 -> 2024,3,PERSISTENT_CHANGE_SIGNAL,TEMPORAL_ONLY_EVIDENCE,0.0095367431640625,0.00555419921875,0.0,0.0,1.0,1.0,0.03862784428438644,False,-0.06893239915370941,-0.005633190274238586,0.1096930056810379,1.1255813953488372,False,NONE_DETECTED,/content/drive/MyDrive/satellite_change_detection/masks/Ahmedabad/Ahmedabad_r03_c05_2025_2026.png,UNKNOWN,0.137,Ahmedabad_r03_c05,23.034583077954743,72.60861515342383
0.28533935546875,0.35436761379241943,0.7323002815246582,3,0.19073486328125,Ahmedabad,Ahmedabad_r03_c06.tif,2020,2021,LIKELY_NO_CHANGE,SCATTERED_CHANGE,False,2020 -> 2026,1,SINGLE_INTERVAL_CHANGE,LOW_PRIORITY_REVIEW,0.01739501953125,0.00555419921875,0.01348876953125,0.0009765625,1.0,1.0,0.016513520734889937,False,-0.04789167642593384,-0.07069039344787598,0.10165409743785858,2.625,False,NONE_DETECTED,/content/drive/MyDrive/satellite_change_detection/masks/Ahmedabad/Ahmedabad_r03_c06_2020_2021.png,UNKNOWN,0.028,Ahmedabad_r03_c06,23.034958673982548,72.63358003148242
0.341796875,0.28820276260375977,0.48879513144493103,2,0.25787353515625,Ahmedabad,Ahmedabad_r03_c06.tif,2021,2022,LIKELY_NO_CHANGE,SCATTERED_CHANGE,False,2020 -> 2026,1,SINGLE_INTERVAL_CHANGE,LOW_PRIORITY_REVIEW,0.00555419921875,0.0089111328125,0.0009765625,0.01470947265625,1.0,1.0,0.02023286521891074,False,-0.06948882341384888,0.01657898724079132,0.009905993938446045,1.0,False,NONE_DETECTED,/content/drive/MyDrive/satellite_change_detection/masks/Ahmedabad/Ahmedabad_r03_c06_2021_2022.png,UNKNOWN,0.032,Ahmedabad_r03_c06,23.034958673982548,72.63358003148242
0.12969970703125,0.2741498053073883,0.4904710650444031,3,0.05340576171875,Ahmedabad,Ahmedabad_r03_c06.tif,2022,2023,LIKELY_NO_CHANGE,SCATTERED_CHANGE,False,2020 -> 2026,1,SINGLE_INTERVAL_CHANGE,LOW_PRIORITY_REVIEW,0.0089111328125,0.0112152099609375,0.01470947265625,0.0,1.0,1.0,0.036374044453568455,False,0.020448237657546997,-0.037827268242836,-0.0026162266731262207,1.3586206896551725,False,NONE_DETECTED,/content/drive/MyDrive/satellite_change_detection/masks/Ahmedabad/Ahmedabad_r03_c06_2022_2023.png,UNKNOWN,0.012,Ahmedabad_r03_c06,23.034958673982548,72.63358003148242
0.25177001953125,0.2905595600605011,0.6080014705657959,4,0.06866455078125,Ahmedabad,Ahmedabad_r03_c06.tif,2023,2024,LIKELY_NO_CHANGE,SCATTERED_CHANGE,False,2020 -> 2026,1,SINGLE_INTERVAL_CHANGE,LOW_PRIORITY_REVIEW,0.0112152099609375,0.0185394287109375,0.0,0.0,1.0,1.0,0.06583525821735854,False,-0.080940842628479,-0.014036402106285095,0.12488776445388794,1.2279792746113989,False,NONE_DETECTED,/content/drive/MyDrive/satellite_change_detection/masks/Ahmedabad/Ahmedabad_r03_c06_2023_2024.png,UNKNOWN,0.023,Ahmedabad_r03_c06,23.034958673982548,72.63358003148242
0.1007080078125,0.27739182114601135,0.5971709489822388,2,0.054931640625,Ahmedabad,Ahmedabad_r03_c06.tif,2024,2025,LIKELY_NO_CHANGE,SCATTERED_CHANGE,False,2020 -> 2026,1,SINGLE_INTERVAL_CHANGE,LOW_PRIORITY_REVIEW,0.0185394287109375,0.0073394775390625,0.0,0.0,1.0,1.0,0.02202622093943206,False,-0.08402368426322937,-0.026526305824518204,0.11066111922264099,1.0,False,NONE_DETECTED,/content/drive/MyDrive/satellite_change_detection/masks/Ahmedabad/Ahmedabad_r03_c06_2024_2025.png,UNKNOWN,0.009,Ahmedabad_r03_c06,23.034958673982548,72.63358003148242
0.59814453125,0.305820107460022,0.6523199081420898,4,0.47607421875,Ahmedabad,Ahmedabad_r03_c06.tif,2025,2026,LIKELY_NO_CHANGE,SCATTERED_CHANGE,False,2020 -> 2026,1,SINGLE_INTERVAL_CHANGE,LOW_PRIORITY_REVIEW,0.0073394775390625,0.00469970703125,0.0,0.0,1.0,1.0,0.04389275564536464,False,-0.08294739574193954,0.038441918790340424,0.056925296783447266,1.5454545454545454,False,NONE_DETECTED,/content/drive/MyDrive/satellite_change_detection/masks/Ahmedabad/Ahmedabad_r03_c06_2025_2026.png,UNKNOWN,0.058,Ahmedabad_r03_c06,23.034958673982548,72.63358003148242
0.61492919921875,0.38544824719429016,0.8811599016189575,7,0.1953125,Ahmedabad,Ahmedabad_r03_c07.tif,2020,2021,LIKELY_NO_CHANGE,SCATTERED_CHANGE,False,2020 -> 2024,3,PERSISTENT_CHANGE_SIGNAL,TEMPORAL_ONLY_EVIDENCE,0.0247650146484375,0.010467529296875,0.0,0.0,1.0,1.0,0.019317024714094588,False,-0.0042794495820999146,-0.03719635307788849,0.025274649262428284,1.2312925170068028,False,NONE_DETECTED,/content/drive/MyDrive/satellite_change_detection/masks/Ahmedabad/Ahmedabad_r03_c07_2020_2021.png,UNKNOWN,0.092,Ahmedabad_r03_c07,23.035330336237315,72.65854543007917
0.4302978515625,0.4048732817173004,0.760596513748169,5,0.22735595703125,Ahmedabad,Ahmedabad_r03_c07.tif,2021,2022,LIKELY_NO_CHANGE,SCATTERED_CHANGE,False,2020 -> 2024,3,PERSISTENT_CHANGE_SIGNAL,TEMPORAL_ONLY_EVIDENCE,0.010467529296875,0.016845703125,0.0,0.0,1.0,1.0,0.02055239413123968,False,-0.05056031048297882,-0.013933464884757996,0.09357099235057831,1.5357142857142858,False,NONE_DETECTED,/content/drive/MyDrive/satellite_change_detection/masks/Ahmedabad/Ahmedabad_r03_c07_2021_2022.png,UNKNOWN,0.065,Ahmedabad_r03_c07,23.035330336237315,72.65854543007917
0.0701904296875,0.48296260833740234,0.7167280316352844,1,0.0701904296875,Ahmedabad,Ahmedabad_r03_c07.tif,2022,2023,LIKELY_NO_CHANGE,SCATTERED_CHANGE,False,2020 -> 2024,3,PERSISTENT_CHANGE_SIGNAL,TEMPORAL_ONLY_EVIDENCE,0.016845703125,0.01953125,0.0,0.0,1.0,1.0,0.038272097418384624,False,-0.02722001075744629,-0.11229696869850159,0.16388018429279327,1.3333333333333333,False,NONE_DETECTED,/content/drive/MyDrive/satellite_change_detection/masks/Ahmedabad/Ahmedabad_r03_c07_2022_2023.png,WATER,0.011,Ahmedabad_r03_c07,23.035330336237315,72.65854543007917
0.4791259765625,0.32122403383255005,0.7225080728530884,6,0.1220703125,Ahmedabad,Ahmedabad_r03_c07.tif,2023,2024,LIKELY_NO_CHANGE,SCATTERED_CHANGE,False,2020 -> 2024,3,PERSISTENT_CHANGE_SIGNAL,TEMPORAL_ONLY_EVIDENCE,0.01953125,0.025299072265625,0.0,0.0,1.0,1.0,0.09170192578912348,False,-0.026440784335136414,-0.07077126204967499,0.16147692501544952,1.9464285714285714,False,NONE_DETECTED,/content/drive/MyDrive/satellite_change_detection/masks/Ahmedabad/Ahmedabad_r03_c07_2023_2024.png,WATER,0.068,Ahmedabad_r03_c07,23.035330336237315,72.65854543007917
0.25482177734375,0.2876957952976227,0.6656644940376282,5,0.08392333984375,Ahmedabad,Ahmedabad_r03_c07.tif,2024,2025,LIKELY_NO_CHANGE,SCATTERED_CHANGE,False,2020 -> 2024,3,PERSISTENT_CHANGE_SIGNAL,TEMPORAL_ONLY_EVIDENCE,0.025299072265625,0.0104217529296875,0.0,0.0,1.0,1.0,0.04503386250918254,False,-0.12793000042438507,0.015767157077789307,0.09496888518333435,1.7737226277372262,False,NONE_DETECTED,/content/drive/MyDrive/satellite_change_detection/masks/Ahmedabad/Ahmedabad_r03_c07_2024_2025.png,UNKNOWN,0.035,Ahmedabad_r03_c07,23.035330336237315,72.65854543007917
0.48980712890625,0.3578072786331177,0.8397775888442993,7,0.10223388671875,Ahmedabad,Ahmedabad_r03_c07.tif,2025,2026,LIKELY_NO_CHANGE,SCATTERED_CHANGE,False,2020 -> 2024,3,PERSISTENT_CHANGE_SIGNAL,TEMPORAL_ONLY_EVIDENCE,0.0104217529296875,0.0066070556640625,0.0,0.0,1.0,1.0,0.040275710535499346,False,-0.0965908095240593,0.03644966334104538,0.06977203488349915,1.190909090909091,False,NONE_DETECTED,/content/drive/MyDrive/satellite_change_detection/masks/Ahmedabad/Ahmedabad_r03_c07_2025_2026.png,UNKNOWN,0.072,Ahmedabad_r03_c07,23.035330336237315,72.65854543007917
2.36663818359375,0.33040428161621094,0.9282680749893188,25,0.55389404296875,Ahmedabad,Ahmedabad_r04_c00.tif,2020,2021,LOW_PRIORITY_REVIEW,SCATTERED_CHANGE,True,2020 -> 2021,6,PERSISTENT_CHANGE_SIGNAL,TEMPORAL_ONLY_EVIDENCE,0.003204345703125,0.0025787353515625,0.0,0.0,1.0,1.0,0.03378144091191174,False,-0.06479901075363159,0.028039922937750816,0.04040423035621643,1.1382488479262673,False,NONE_DETECTED,/content/drive/MyDrive/satellite_change_detection/masks/Ahmedabad/Ahmedabad_r04_c00_2020_2021.png,VEHICLE_OR_ACTIVITY,0.345,Ahmedabad_r04_c00,23.009542940544343,72.4842276712177
2.19268798828125,0.3002671003341675,0.7262254953384399,23,0.26702880859375,Ahmedabad,Ahmedabad_r04_c00.tif,2021,2022,LOW_PRIORITY_REVIEW,SCATTERED_CHANGE,True,2020 -> 2021,6,PERSISTENT_CHANGE_SIGNAL,TEMPORAL_ONLY_EVIDENCE,0.0025787353515625,0.0039825439453125,0.0,0.0,1.0,1.0,0.053756028807260624,False,-0.015005409717559814,0.020510993897914886,-0.005605757236480713,1.1306306306306306,False,NONE_DETECTED,/content/drive/MyDrive/satellite_change_detection/masks/Ahmedabad/Ahmedabad_r04_c00_2021_2022.png,VEHICLE_OR_ACTIVITY,0.31,Ahmedabad_r04_c00,23.009542940544343,72.4842276712177
2.593994140625,0.2985435128211975,0.7484868764877319,22,0.3936767578125,Ahmedabad,Ahmedabad_r04_c00.tif,2022,2023,LOW_PRIORITY_REVIEW,SCATTERED_CHANGE,True,2020 -> 2021,6,PERSISTENT_CHANGE_SIGNAL,TEMPORAL_ONLY_EVIDENCE,0.0039825439453125,0.0033721923828125,0.0,0.0,1.0,1.0,0.03956611456800457,False,-0.12436144053936005,0.0322236567735672,0.05360543727874756,1.0711297071129706,False,NONE_DETECTED,/content/drive/MyDrive/satellite_change_detection/masks/Ahmedabad/Ahmedabad_r04_c00_2022_2023.png,VEHICLE_OR_ACTIVITY,0.368,Ahmedabad_r04_c00,23.009542940544343,72.4842276712177
3.76739501953125,0.322350412607193,0.6883217692375183,30,1.07879638671875,Ahmedabad,Ahmedabad_r04_c00.tif,2023,2024,REVIEW_REQUIRED,SCATTERED_CHANGE,True,2020 -> 2021,6,PERSISTENT_CHANGE_SIGNAL,TEMPORAL_ONLY_EVIDENCE,0.0033721923828125,0.0047149658203125,0.0,0.0,1.0,1.0,0.07227247652992916,False,-0.15030503273010254,0.10312997549772263,0.026772409677505493,1.0,False,NONE_DETECTED,/content/drive/MyDrive/satellite_change_detection/masks/Ahmedabad/Ahmedabad_r04_c00_2023_2024.png,CONSTRUCTION,0.556,Ahmedabad_r04_c00,23.009542940544343,72.4842276712177
3.240966796875,0.328351765871048,0.7589252591133118,32,0.45928955078125,Ahmedabad,Ahmedabad_r04_c00.tif,2024,2025,LOW_PRIORITY_REVIEW,SCATTERED_CHANGE,True,2020 -> 2021,6,PERSISTENT_CHANGE_SIGNAL,TEMPORAL_ONLY_EVIDENCE,0.0047149658203125,0.0032806396484375,0.0,1.52587890625e-05,1.0,1.0,0.04216828441267396,False,-0.07634766399860382,0.024580806493759155,0.02909180521965027,1.024,False,NONE_DETECTED,/content/drive/MyDrive/satellite_change_detection/masks/Ahmedabad/Ahmedabad_r04_c00_2024_2025.png,UNKNOWN,0.47,Ahmedabad_r04_c00,23.009542940544343,72.4842276712177
4.5989990234375,0.36056917905807495,0.9132359027862549,38,0.73699951171875,Ahmedabad,Ahmedabad_r04_c00.tif,2025,2026,LOW_PRIORITY_REVIEW,SCATTERED_CHANGE,True,2020 -> 2021,6,PERSISTENT_CHANGE_SIGNAL,TEMPORAL_ONLY_EVIDENCE,0.0032806396484375,0.001983642578125,1.52587890625e-05,0.0,1.0,1.0,0.046483353792388285,False,-0.11854195594787598,0.05805177986621857,0.05618852376937866,1.0,False,NONE_DETECTED,/content/drive/MyDrive/satellite_change_detection/masks/Ahmedabad/Ahmedabad_r04_c00_2025_2026.png,UNKNOWN,0.689,Ahmedabad_r04_c00,23.009542940544343,72.4842276712177
0.45928955078125,0.24166154861450195,0.4994368255138397,4,0.25177001953125,Ahmedabad,Ahmedabad_r04_c01.tif,2020,2021,LIKELY_NO_CHANGE,SCATTERED_CHANGE,False,2020 -> 2024,3,PERSISTENT_CHANGE_SIGNAL,TEMPORAL_ONLY_EVIDENCE,0.009124755859375,0.0083160400390625,1.52587890625e-05,1.52587890625e-05,1.0,1.0,0.016993434102226746,False,-0.08489446341991425,0.028954483568668365,0.04048314690589905,1.2081218274111676,False,NONE_DETECTED,/content/drive/MyDrive/satellite_change_detection/masks/Ahmedabad/Ahmedabad_r04_c01_2020_2021.png,UNKNOWN,0.062,Ahmedabad_r04_c01,23.009937759322803,72.50918562025105
0.26702880859375,0.3244253396987915,0.5651381015777588,2,0.22125244140625,Ahmedabad,Ahmedabad_r04_c01.tif,2021,2022,LIKELY_NO_CHANGE,SCATTERED_CHANGE,False,2020 -> 2024,3,PERSISTENT_CHANGE_SIGNAL,TEMPORAL_ONLY_EVIDENCE,0.0083160400390625,0.011077880859375,1.52587890625e-05,9.1552734375e-05,1.0,1.0,0.04191514403239675,False,-0.3780258893966675,0.28245973587036133,0.024512678384780884,1.1926605504587156,False,NONE_DETECTED,/content/drive/MyDrive/satellite_change_detection/masks/Ahmedabad/Ahmedabad_r04_c01_2021_2022.png,CONSTRUCTION,0.038,Ahmedabad_r04_c01,23.009937759322803,72.50918562025105
0.6561279296875,0.30391114950180054,0.7578767538070679,5,0.24261474609375,Ahmedabad,Ahmedabad_r04_c01.tif,2022,2023,LIKELY_NO_CHANGE,SCATTERED_CHANGE,False,2020 -> 2024,3,PERSISTENT_CHANGE_SIGNAL,TEMPORAL_ONLY_EVIDENCE,0.011077880859375,0.011138916015625,9.1552734375e-05,7.62939453125e-05,1.0,1.0,0.020074695381165658,False,0.13576556742191315,-0.12630510330200195,0.029108166694641113,1.3163841807909604,False,NONE_DETECTED,/content/drive/MyDrive/satellite_change_detection/masks/Ahmedabad/Ahmedabad_r04_c01_2022_2023.png,UNKNOWN,0.093,Ahmedabad_r04_c01,23.009937759322803,72.50918562025105
0.46539306640625,0.3267834186553955,0.8124489784240723,6,0.11138916015625,Ahmedabad,Ahmedabad_r04_c01.tif,2023,2024,LIKELY_NO_CHANGE,SCATTERED_CHANGE,False,2020 -> 2024,3,PERSISTENT_CHANGE_SIGNAL,TEMPORAL_ONLY_EVIDENCE,0.011138916015625,0.0121002197265625,7.62939453125e-05,1.52587890625e-05,1.0,1.0,0.06533260581710225,False,-0.052607834339141846,-0.0008997805416584015,0.06137967109680176,1.0718232044198894,False,NONE_DETECTED,/content/drive/MyDrive/satellite_change_detection/masks/Ahmedabad/Ahmedabad_r04_c01_2023_2024.png,UNKNOWN,0.067,Ahmedabad_r04_c01,23.009937759322803,72.50918562025105
0.57220458984375,0.30828872323036194,0.5979793071746826,6,0.21514892578125,Ahmedabad,Ahmedabad_r04_c01.tif,2024,2025,LIKELY_NO_CHANGE,SCATTERED_CHANGE,False,2020 -> 2024,3,PERSISTENT_CHANGE_SIGNAL,TEMPORAL_ONLY_EVIDENCE,0.0121002197265625,0.008209228515625,1.52587890625e-05,9.1552734375e-05,1.0,1.0,0.05769253969673243,False,-0.148746058344841,0.0281379297375679,0.07999709248542786,1.4148148148148147,False,NONE_DETECTED,/content/drive/MyDrive/satellite_change_detection/masks/Ahmedabad/Ahmedabad_r04_c01_2024_2025.png,UNKNOWN,0.081,Ahmedabad_r04_c01,23.009937759322803,72.50918562025105
0.67596435546875,0.33990857005119324,0.6588987112045288,11,0.152587890625,Ahmedabad,Ahmedabad_r04_c01.tif,2025,2026,LIKELY_NO_CHANGE,SCATTERED_CHANGE,False,2020 -> 2024,3,PERSISTENT_CHANGE_SIGNAL,TEMPORAL_ONLY_EVIDENCE,0.008209228515625,0.004852294921875,9.1552734375e-05,0.0,1.0,1.0,0.014209340918843844,False,-0.18504418432712555,0.06980209797620773,0.10511231422424316,2.561224489795918,False,NONE_DETECTED,/content/drive/MyDrive/satellite_change_detection/masks/Ahmedabad/Ahmedabad_r04_c01_2025_2026.png,VEGETATION_LOSS,0.098,Ahmedabad_r04_c01,23.009937759322803,72.50918562025105
0.1556396484375,0.32463499903678894,0.7680307626724243,3,0.07781982421875,Ahmedabad,Ahmedabad_r04_c02.tif,2020,2021,LIKELY_NO_CHANGE,SCATTERED_CHANGE,False,No supported change interval,0,NO_SIGNIFICANT_CHANGE,LOW_PRIORITY_REVIEW,0.0056610107421875,0.00439453125,0.0,4.57763671875e-05,1.0,1.0,0.06892929692044897,False,-0.0024476051330566406,-0.02478436380624771,0.033491551876068115,3.857142857142857,False,NONE_DETECTED,/content/drive/MyDrive/satellite_change_detection/masks/Ahmedabad/Ahmedabad_r04_c02_2020_2021.png,UNKNOWN,0.011,Ahmedabad_r04_c02,23.010328650420007,72.53414411676907
0.23345947265625,0.4256199896335602,0.8677443265914917,3,0.09765625,Ahmedabad,Ahmedabad_r04_c02.tif,2021,2022,LIKELY_NO_CHANGE,SCATTERED_CHANGE,False,No supported change interval,0,NO_SIGNIFICANT_CHANGE,LOW_PRIORITY_REVIEW,0.00439453125,0.0072479248046875,4.57763671875e-05,0.0,1.0,1.0,0.04600456604158016,False,-0.034710608422756195,-0.03774767369031906,0.09358757734298706,5.369565217391305,False,NONE_DETECTED,/content/drive/MyDrive/satellite_change_detection/masks/Ahmedabad/Ahmedabad_r04_c02_2021_2022.png,UNKNOWN,0.019,Ahmedabad_r04_c02,23.010328650420007,72.53414411676907
0.0,0.0,0.0,0,0.0,Ahmedabad,Ahmedabad_r04_c02.tif,2022,2023,LIKELY_NO_CHANGE,SCATTERED_CHANGE,False,No supported change interval,0,NO_SIGNIFICANT_CHANGE,LOW_PRIORITY_REVIEW,0.0072479248046875,0.006561279296875,0.0,0.0,1.0,1.0,0.017625808268638424,False,0.0,0.0,0.0,1.0,False,NONE_DETECTED,/content/drive/MyDrive/satellite_change_detection/masks/Ahmedabad/Ahmedabad_r04_c02_2022_2023.png,UNKNOWN,0.0,Ahmedabad_r04_c02,23.010328650420007,72.53414411676907
0.30059814453125,0.34925830364227295,0.7114145755767822,5,0.07171630859375,Ahmedabad,Ahmedabad_r04_c02.tif,2023,2024,LIKELY_NO_CHANGE,SCATTERED_CHANGE,False,No supported change interval,0,NO_SIGNIFICANT_CHANGE,LOW_PRIORITY_REVIEW,0.006561279296875,0.0101318359375,0.0,0.0,1.0,1.0,0.06649218175161505,False,0.019207783043384552,0.044346608221530914,-0.054557010531425476,1.0872093023255813,False,NONE_DETECTED,/content/drive/MyDrive/satellite_change_detection/masks/Ahmedabad/Ahmedabad_r04_c02_2023_2024.png,UNKNOWN,0.023,Ahmedabad_r04_c02,23.010328650420007,72.53414411676907
0.32501220703125,0.374429851770401,0.7822781801223755,5,0.09765625,Ahmedabad,Ahmedabad_r04_c02.tif,2024,2025,LIKELY_NO_CHANGE,SCATTERED_CHANGE,False,No supported change interval,0,NO_SIGNIFICANT_CHANGE,LOW_PRIORITY_REVIEW,0.0101318359375,0.006378173828125,0.0,0.0,1.0,1.0,0.02924208701430498,False,-0.16499701142311096,0.03814581781625748,0.08774876594543457,1.0393258426966292,True,SEASONAL_VARIATION_LIKELY,/content/drive/MyDrive/satellite_change_detection/masks/Ahmedabad/Ahmedabad_r04_c02_2024_2025.png,UNKNOWN,0.021,Ahmedabad_r04_c02,23.010328650420007,72.53414411676907
0.1739501953125,0.46372461318969727,0.9188098311424255,2,0.10223388671875,Ahmedabad,Ahmedabad_r04_c02.tif,2025,2026,LIKELY_NO_CHANGE,SCATTERED_CHANGE,False,No supported change interval,0,NO_SIGNIFICANT_CHANGE,LOW_PRIORITY_REVIEW,0.006378173828125,0.0034332275390625,0.0,0.0,1.0,1.0,0.03506302625048187,False,-0.0799410492181778,0.01569940149784088,0.05573606491088867,2.16,False,NONE_DETECTED,/content/drive/MyDrive/satellite_change_detection/masks/Ahmedabad/Ahmedabad_r04_c02_2025_2026.png,UNKNOWN,0.014,Ahmedabad_r04_c02,23.010328650420007,72.53414411676907
0.0,0.0,0.0,0,0.0,Ahmedabad,Ahmedabad_r04_c03.tif,2020,2021,LIKELY_NO_CHANGE,SCATTERED_CHANGE,False,No supported change interval,0,NO_SIGNIFICANT_CHANGE,LOW_PRIORITY_REVIEW,0.00677490234375,0.004608154296875,0.0,1.52587890625e-05,1.0,1.0,0.01981589661009004,False,0.0,0.0,0.0,1.0,False,NONE_DETECTED,/content/drive/MyDrive/satellite_change_detection/masks/Ahmedabad/Ahmedabad_r04_c03_2020_2021.png,UNKNOWN,0.0,Ahmedabad_r04_c03,23.01071561348808,72.55910315530484
0.0,0.0,0.0,0,0.0,Ahmedabad,Ahmedabad_r04_c03.tif,2021,2022,LIKELY_NO_CHANGE,SCATTERED_CHANGE,False,No supported change interval,0,NO_SIGNIFICANT_CHANGE,LOW_PRIORITY_REVIEW,0.004608154296875,0.0077056884765625,1.52587890625e-05,0.0289306640625,1.0,1.0,0.03410436504862622,False,0.0,0.0,0.0,1.0,False,NONE_DETECTED,/content/drive/MyDrive/satellite_change_detection/masks/Ahmedabad/Ahmedabad_r04_c03_2021_2022.png,UNKNOWN,0.0,Ahmedabad_r04_c03,23.01071561348808,72.55910315530484
0.0,0.0,0.0,0,0.0,Ahmedabad,Ahmedabad_r04_c03.tif,2022,2023,LIKELY_NO_CHANGE,SCATTERED_CHANGE,False,No supported change interval,0,NO_SIGNIFICANT_CHANGE,LOW_PRIORITY_REVIEW,0.0077056884765625,0.007476806640625,0.0289306640625,0.0214691162109375,1.0,1.0,0.019882937852951473,False,0.0,0.0,0.0,1.0,False,NONE_DETECTED,/content/drive/MyDrive/satellite_change_detection/masks/Ahmedabad/Ahmedabad_r04_c03_2022_2023.png,UNKNOWN,0.0,Ahmedabad_r04_c03,23.01071561348808,72.55910315530484
0.0,0.0,0.0,0,0.0,Ahmedabad,Ahmedabad_r04_c03.tif,2023,2024,LIKELY_NO_CHANGE,SCATTERED_CHANGE,False,No supported change interval,0,NO_SIGNIFICANT_CHANGE,LOW_PRIORITY_REVIEW,0.007476806640625,0.0109405517578125,0.0214691162109375,0.0242767333984375,1.0,1.0,0.07626624185213199,False,0.0,0.0,0.0,1.0,False,NONE_DETECTED,/content/drive/MyDrive/satellite_change_detection/masks/Ahmedabad/Ahmedabad_r04_c03_2023_2024.png,UNKNOWN,0.0,Ahmedabad_r04_c03,23.01071561348808,72.55910315530484
0.0,0.0,0.0,0,0.0,Ahmedabad,Ahmedabad_r04_c03.tif,2024,2025,LIKELY_NO_CHANGE,SCATTERED_CHANGE,False,No supported change interval,0,NO_SIGNIFICANT_CHANGE,LOW_PRIORITY_REVIEW,0.0109405517578125,0.0057830810546875,0.0242767333984375,0.0311126708984375,1.0,1.0,0.007463867000616037,False,0.0,0.0,0.0,1.0,False,NONE_DETECTED,/content/drive/MyDrive/satellite_change_detection/masks/Ahmedabad/Ahmedabad_r04_c03_2024_2025.png,UNKNOWN,0.0,Ahmedabad_r04_c03,23.01071561348808,72.55910315530484
0.0,0.0,0.0,0,0.0,Ahmedabad,Ahmedabad_r04_c03.tif,2025,2026,LIKELY_NO_CHANGE,SCATTERED_CHANGE,False,No supported change interval,0,NO_SIGNIFICANT_CHANGE,LOW_PRIORITY_REVIEW,0.0057830810546875,0.0037841796875,0.0311126708984375,0.0079193115234375,1.0,1.0,0.018779495138091237,False,0.0,0.0,0.0,1.0,False,NONE_DETECTED,/content/drive/MyDrive/satellite_change_detection/masks/Ahmedabad/Ahmedabad_r04_c03_2025_2026.png,UNKNOWN,0.0,Ahmedabad_r04_c03,23.01071561348808,72.55910315530484
0.03814697265625,0.28755983710289,0.3725441098213196,1,0.03814697265625,Ahmedabad,Ahmedabad_r04_c04.tif,2020,2021,LIKELY_NO_CHANGE,SCATTERED_CHANGE,False,No supported change interval,0,NO_SIGNIFICANT_CHANGE,LOW_PRIORITY_REVIEW,0.0038299560546875,0.0024261474609375,0.0,0.029083251953125,1.0,1.0,0.006343481238493121,False,-0.11739473044872284,0.07078956067562103,0.017532646656036377,1.0,False,NONE_DETECTED,/content/drive/MyDrive/satellite_change_detection/masks/Ahmedabad/Ahmedabad_r04_c04_2020_2021.png,UNKNOWN,0.003,Ahmedabad_r04_c04,23.0110986481826,72.58406273039077
0.0,0.0,0.0,0,0.0,Ahmedabad,Ahmedabad_r04_c04.tif,2021,2022,LIKELY_NO_CHANGE,SCATTERED_CHANGE,False,No supported change interval,0,NO_SIGNIFICANT_CHANGE,LOW_PRIORITY_REVIEW,0.0024261474609375,0.0041961669921875,0.029083251953125,0.0689849853515625,1.0,1.0,0.05708940246846695,False,0.0,0.0,0.0,1.0,False,NONE_DETECTED,/content/drive/MyDrive/satellite_change_detection/masks/Ahmedabad/Ahmedabad_r04_c04_2021_2022.png,UNKNOWN,0.0,Ahmedabad_r04_c04,23.0110986481826,72.58406273039077
0.140380859375,0.3098565638065338,0.5509995222091675,2,0.08697509765625,Ahmedabad,Ahmedabad_r04_c04.tif,2022,2023,LIKELY_NO_CHANGE,SCATTERED_CHANGE,False,No supported change interval,0,NO_SIGNIFICANT_CHANGE,LOW_PRIORITY_REVIEW,0.0041961669921875,0.0042724609375,0.0689849853515625,0.0579986572265625,1.0,1.0,0.03852586359500028,False,0.1649756133556366,-0.16109833121299744,0.027902692556381226,3.6875,False,NONE_DETECTED,/content/drive/MyDrive/satellite_change_detection/masks/Ahmedabad/Ahmedabad_r04_c04_2022_2023.png,UNKNOWN,0.01,Ahmedabad_r04_c04,23.0110986481826,72.58406273039077
0.0,0.0,0.0,0,0.0,Ahmedabad,Ahmedabad_r04_c04.tif,2023,2024,LIKELY_NO_CHANGE,SCATTERED_CHANGE,False,No supported change interval,0,NO_SIGNIFICANT_CHANGE,LOW_PRIORITY_REVIEW,0.0042724609375,0.0051116943359375,0.0579986572265625,0.0637359619140625,1.0,1.0,0.06091017257776556,False,0.0,0.0,0.0,1.0,False,NONE_DETECTED,/content/drive/MyDrive/satellite_change_detection/masks/Ahmedabad/Ahmedabad_r04_c04_2023_2024.png,UNKNOWN,0.0,Ahmedabad_r04_c04,23.0110986481826,72.58406273039077
0.4364013671875,0.35055097937583923,0.5876919031143188,5,0.15106201171875,Ahmedabad,Ahmedabad_r04_c04.tif,2024,2025,LIKELY_NO_CHANGE,SCATTERED_CHANGE,False,No supported change interval,0,NO_SIGNIFICANT_CHANGE,LOW_PRIORITY_REVIEW,0.0051116943359375,0.00360107421875,0.0637359619140625,0.068359375,1.0,1.0,0.025736002289060346,False,-0.08997587859630585,-0.001397751271724701,0.04954802989959717,1.8482142857142858,False,NONE_DETECTED,/content/drive/MyDrive/satellite_change_detection/masks/Ahmedabad/Ahmedabad_r04_c04_2024_2025.png,UNKNOWN,0.033,Ahmedabad_r04_c04,23.0110986481826,72.58406273039077
0.27618408203125,0.3659687042236328,0.5442614555358887,2,0.23040771484375,Ahmedabad,Ahmedabad_r04_c04.tif,2025,2026,LIKELY_NO_CHANGE,SCATTERED_CHANGE,False,No supported change interval,0,NO_SIGNIFICANT_CHANGE,LOW_PRIORITY_REVIEW,0.00360107421875,0.002593994140625,0.068359375,0.0450286865234375,1.0,1.0,0.03612817173960847,False,-0.27263617515563965,0.1972179412841797,0.006463736295700073,6.636363636363637,False,NONE_DETECTED,/content/drive/MyDrive/satellite_change_detection/masks/Ahmedabad/Ahmedabad_r04_c04_2025_2026.png,UNKNOWN,0.021,Ahmedabad_r04_c04,23.0110986481826,72.58406273039077
0.37841796875,0.357218474149704,0.7388388514518738,4,0.19073486328125,Ahmedabad,Ahmedabad_r04_c05.tif,2020,2021,LIKELY_NO_CHANGE,SCATTERED_CHANGE,False,2020 -> 2026,1,SINGLE_INTERVAL_CHANGE,LOW_PRIORITY_REVIEW,0.0095672607421875,0.006103515625,0.0,0.0,1.0,1.0,0.007225431283156644,False,-0.10658691078424454,-0.005936868488788605,0.10440942645072937,2.5277777777777777,False,NONE_DETECTED,/content/drive/MyDrive/satellite_change_detection/masks/Ahmedabad/Ahmedabad_r04_c05_2020_2021.png,UNKNOWN,0.038,Ahmedabad_r04_c05,23.011477754162645,72.60902283655864
0.439453125,0.35709017515182495,0.7541712522506714,4,0.1617431640625,Ahmedabad,Ahmedabad_r04_c05.tif,2021,2022,LIKELY_NO_CHANGE,SCATTERED_CHANGE,False,2020 -> 2026,1,SINGLE_INTERVAL_CHANGE,LOW_PRIORITY_REVIEW,0.006103515625,0.0099334716796875,0.0,1.52587890625e-05,1.0,1.0,0.02427012950037623,False,-0.1802327036857605,0.04685898870229721,0.12028226256370544,1.4684684684684686,True,SEASONAL_VARIATION_LIKELY,/content/drive/MyDrive/satellite_change_detection/masks/Ahmedabad/Ahmedabad_r04_c05_2021_2022.png,UNKNOWN,0.039,Ahmedabad_r04_c05,23.011477754162645,72.60902283655864
0.12359619140625,0.37142524123191833,0.6449903845787048,2,0.07171630859375,Ahmedabad,Ahmedabad_r04_c05.tif,2022,2023,LIKELY_NO_CHANGE,SCATTERED_CHANGE,False,2020 -> 2026,1,SINGLE_INTERVAL_CHANGE,LOW_PRIORITY_REVIEW,0.0099334716796875,0.009674072265625,1.52587890625e-05,0.0,1.0,1.0,0.02581223486361127,False,-0.01278495043516159,-0.04650229215621948,0.03714774549007416,1.1724137931034482,False,NONE_DETECTED,/content/drive/MyDrive/satellite_change_detection/masks/Ahmedabad/Ahmedabad_r04_c05_2022_2023.png,UNKNOWN,0.012,Ahmedabad_r04_c05,23.011477754162645,72.60902283655864
0.33416748046875,0.331193208694458,0.6064148545265198,4,0.1861572265625,Ahmedabad,Ahmedabad_r04_c05.tif,2023,2024,LIKELY_NO_CHANGE,SCATTERED_CHANGE,False,2020 -> 2026,1,SINGLE_INTERVAL_CHANGE,LOW_PRIORITY_REVIEW,0.009674072265625,0.0125732421875,0.0,0.0,1.0,1.0,0.0729546140930425,False,-0.05592142790555954,-0.02719149738550186,0.08988513052463531,2.3289473684210527,False,NONE_DETECTED,/content/drive/MyDrive/satellite_change_detection/masks/Ahmedabad/Ahmedabad_r04_c05_2023_2024.png,UNKNOWN,0.033,Ahmedabad_r04_c05,23.011477754162645,72.60902283655864
0.3021240234375,0.3519529402256012,0.6911855340003967,5,0.0946044921875,Ahmedabad,Ahmedabad_r04_c05.tif,2024,2025,LIKELY_NO_CHANGE,SCATTERED_CHANGE,False,2020 -> 2026,1,SINGLE_INTERVAL_CHANGE,LOW_PRIORITY_REVIEW,0.0125732421875,0.0074310302734375,0.0,0.0,1.0,1.0,0.053000424958049214,False,-0.10362333804368973,-0.02504562959074974,0.11951282620429993,1.2016129032258065,False,NONE_DETECTED,/content/drive/MyDrive/satellite_change_detection/masks/Ahmedabad/Ahmedabad_r04_c05_2024_2025.png,UNKNOWN,0.03,Ahmedabad_r04_c05,23.011477754162645,72.60902283655864
0.3662109375,0.3039450943470001,0.6134253740310669,3,0.274658203125,Ahmedabad,Ahmedabad_r04_c05.tif,2025,2026,LIKELY_NO_CHANGE,SCATTERED_CHANGE,False,2020 -> 2026,1,SINGLE_INTERVAL_CHANGE,LOW_PRIORITY_REVIEW,0.0074310302734375,0.0029754638671875,0.0,0.0,1.0,1.0,0.015483018645788995,False,-0.08143578469753265,0.007196396589279175,0.06480950117111206,3.14,False,NONE_DETECTED,/content/drive/MyDrive/satellite_change_detection/masks/Ahmedabad/Ahmedabad_r04_c05_2025_2026.png,UNKNOWN,0.035,Ahmedabad_r04_c05,23.011477754162645,72.60902283655864
0.13580322265625,0.29599836468696594,0.5172100067138672,1,0.13580322265625,Ahmedabad,Ahmedabad_r04_c06.tif,2020,2021,LIKELY_NO_CHANGE,SCATTERED_CHANGE,False,No supported change interval,0,NO_SIGNIFICANT_CHANGE,LOW_PRIORITY_REVIEW,0.0088958740234375,0.0021209716796875,0.0,0.0,1.0,1.0,0.056854580792618105,False,-0.0707220584154129,-0.01509329304099083,0.07830247282981873,1.0,False,NONE_DETECTED,/content/drive/MyDrive/satellite_change_detection/masks/Ahmedabad/Ahmedabad_r04_c06_2020_2021.png,UNKNOWN,0.01,Ahmedabad_r04_c06,23.011852931090782,72.63398346833942
0.2288818359375,0.27409636974334717,0.4629702866077423,3,0.10528564453125,Ahmedabad,Ahmedabad_r04_c06.tif,2021,2022,LIKELY_NO_CHANGE,SCATTERED_CHANGE,False,No supported change interval,0,NO_SIGNIFICANT_CHANGE,LOW_PRIORITY_REVIEW,0.0021209716796875,0.0040283203125,0.0,0.0,1.0,1.0,0.009754901965199469,False,0.0534062385559082,-0.036910444498062134,-0.027198225259780884,1.2758620689655173,False,NONE_DETECTED,/content/drive/MyDrive/satellite_change_detection/masks/Ahmedabad/Ahmedabad_r04_c06_2021_2022.png,UNKNOWN,0.016,Ahmedabad_r04_c06,23.011852931090782,72.63398346833942
0.2105712890625,0.35995399951934814,0.6112871766090393,3,0.08544921875,Ahmedabad,Ahmedabad_r04_c06.tif,2022,2023,LIKELY_NO_CHANGE,SCATTERED_CHANGE,False,No supported change interval,0,NO_SIGNIFICANT_CHANGE,LOW_PRIORITY_REVIEW,0.0040283203125,0.005584716796875,0.0,0.0,1.0,1.0,0.02583090735605761,False,-0.08728958666324615,0.06421323120594025,-0.0062773823738098145,2.4125,False,NONE_DETECTED,/content/drive/MyDrive/satellite_change_detection/masks/Ahmedabad/Ahmedabad_r04_c06_2022_2023.png,UNKNOWN,0.016,Ahmedabad_r04_c06,23.011852931090782,72.63398346833942
0.45928955078125,0.3688129484653473,0.7837601900100708,4,0.1739501953125,Ahmedabad,Ahmedabad_r04_c06.tif,2023,2024,LIKELY_NO_CHANGE,SCATTERED_CHANGE,False,No supported change interval,0,NO_SIGNIFICANT_CHANGE,LOW_PRIORITY_REVIEW,0.005584716796875,0.005859375,0.0,0.0,1.0,1.0,0.05500325752797692,False,-0.014225870370864868,-0.0015962347388267517,-0.017930805683135986,1.0864197530864197,False,NONE_DETECTED,/content/drive/MyDrive/satellite_change_detection/masks/Ahmedabad/Ahmedabad_r04_c06_2023_2024.png,UNKNOWN,0.036,Ahmedabad_r04_c06,23.011852931090782,72.63398346833942
0.24566650390625,0.29922202229499817,0.6539411544799805,3,0.1129150390625,Ahmedabad,Ahmedabad_r04_c06.tif,2024,2025,LIKELY_NO_CHANGE,SCATTERED_CHANGE,False,No supported change interval,0,NO_SIGNIFICANT_CHANGE,LOW_PRIORITY_REVIEW,0.005859375,0.002349853515625,0.0,0.0,1.0,1.0,0.021423274660437072,False,0.013299934566020966,-0.039460502564907074,0.05022209882736206,1.2442748091603053,False,NONE_DETECTED,/content/drive/MyDrive/satellite_change_detection/masks/Ahmedabad/Ahmedabad_r04_c06_2024_2025.png,UNKNOWN,0.017,Ahmedabad_r04_c06,23.011852931090782,72.63398346833942
0.25482177734375,0.43060335516929626,0.8496723175048828,2,0.20904541015625,Ahmedabad,Ahmedabad_r04_c06.tif,2025,2026,LIKELY_NO_CHANGE,SCATTERED_CHANGE,False,No supported change interval,0,NO_SIGNIFICANT_CHANGE,LOW_PRIORITY_REVIEW,0.002349853515625,0.0009613037109375,0.0,0.0,1.0,1.0,0.017218128299134532,False,-0.10346932709217072,0.09075284004211426,-0.02952522039413452,1.0595238095238095,False,NONE_DETECTED,/content/drive/MyDrive/satellite_change_detection/masks/Ahmedabad/Ahmedabad_r04_c06_2025_2026.png,UNKNOWN,0.021,Ahmedabad_r04_c06,23.011852931090782,72.63398346833942
0.39215087890625,0.28190386295318604,0.5908679962158203,5,0.10986328125,Ahmedabad,Ahmedabad_r04_c07.tif,2020,2021,LIKELY_NO_CHANGE,SCATTERED_CHANGE,False,2020 -> 2024,3,PERSISTENT_CHANGE_SIGNAL,TEMPORAL_ONLY_EVIDENCE,0.0169219970703125,0.00665283203125,0.0,0.0,1.0,1.0,0.012243935085327002,False,-0.10467541217803955,0.031729310750961304,0.05379563570022583,1.2966101694915255,False,NONE_DETECTED,/content/drive/MyDrive/satellite_change_detection/masks/Ahmedabad/Ahmedabad_r04_c07_2020_2021.png,UNKNOWN,0.054,Ahmedabad_r04_c07,23.01222417863303,72.65894462026354
0.9765625,0.27287226915359497,0.6720060706138611,9,0.37994384765625,Ahmedabad,Ahmedabad_r04_c07.tif,2021,2022,LIKELY_NO_CHANGE,SCATTERED_CHANGE,False,2020 -> 2024,3,PERSISTENT_CHANGE_SIGNAL,TEMPORAL_ONLY_EVIDENCE,0.00665283203125,0.0085296630859375,0.0,0.0,1.0,1.0,0.01705690555071076,False,0.03230956196784973,-0.027570977807044983,0.02582678198814392,1.0841584158415842,False,NONE_DETECTED,/content/drive/MyDrive/satellite_change_detection/masks/Ahmedabad/Ahmedabad_r04_c07_2021_2022.png,UNKNOWN,0.136,Ahmedabad_r04_c07,23.01222417863303,72.65894462026354
0.5706787109375,0.30444779992103577,0.5479230284690857,5,0.30670166015625,Ahmedabad,Ahmedabad_r04_c07.tif,2022,2023,LIKELY_NO_CHANGE,SCATTERED_CHANGE,False,2020 -> 2024,3,PERSISTENT_CHANGE_SIGNAL,TEMPORAL_ONLY_EVIDENCE,0.0085296630859375,0.0129852294921875,0.0,0.0,1.0,1.0,0.05067564227319233,False,-0.04442252218723297,-0.02085702121257782,0.0430884063243866,1.1135135135135135,False,NONE_DETECTED,/content/drive/MyDrive/satellite_change_detection/masks/Ahmedabad/Ahmedabad_r04_c07_2022_2023.png,UNKNOWN,0.081,Ahmedabad_r04_c07,23.01222417863303,72.65894462026354
0.5126953125,0.32262396812438965,0.851804256439209,6,0.25177001953125,Ahmedabad,Ahmedabad_r04_c07.tif,2023,2024,LIKELY_NO_CHANGE,SCATTERED_CHANGE,False,2020 -> 2024,3,PERSISTENT_CHANGE_SIGNAL,TEMPORAL_ONLY_EVIDENCE,0.0129852294921875,0.01220703125,0.0,0.0,1.0,1.0,0.048305458135134385,False,-0.04686999320983887,0.0152813121676445,0.03757065534591675,1.6565656565656566,False,NONE_DETECTED,/content/drive/MyDrive/satellite_change_detection/masks/Ahmedabad/Ahmedabad_r04_c07_2023_2024.png,UNKNOWN,0.074,Ahmedabad_r04_c07,23.01222417863303,72.65894462026354
0.64544677734375,0.35463380813598633,0.8806666731834412,7,0.2349853515625,Ahmedabad,Ahmedabad_r04_c07.tif,2024,2025,LIKELY_NO_CHANGE,SCATTERED_CHANGE,False,2020 -> 2024,3,PERSISTENT_CHANGE_SIGNAL,TEMPORAL_ONLY_EVIDENCE,0.01220703125,0.0047607421875,0.0,0.0,1.0,1.0,0.005194829640184099,False,-0.10774576663970947,0.011212211102247238,0.07103943824768066,1.00990099009901,False,NONE_DETECTED,/content/drive/MyDrive/satellite_change_detection/masks/Ahmedabad/Ahmedabad_r04_c07_2024_2025.png,UNKNOWN,0.095,Ahmedabad_r04_c07,23.01222417863303,72.65894462026354
0.70953369140625,0.3767644464969635,0.7772852182388306,6,0.34027099609375,Ahmedabad,Ahmedabad_r04_c07.tif,2025,2026,LIKELY_NO_CHANGE,SCATTERED_CHANGE,False,2020 -> 2024,3,PERSISTENT_CHANGE_SIGNAL,TEMPORAL_ONLY_EVIDENCE,0.0047607421875,0.0028533935546875,0.0,0.0,1.0,1.0,0.03683555162369241,False,-0.05349592864513397,0.03398913890123367,0.02682700753211975,1.0301507537688441,False,NONE_DETECTED,/content/drive/MyDrive/satellite_change_detection/masks/Ahmedabad/Ahmedabad_r04_c07_2025_2026.png,UNKNOWN,0.106,Ahmedabad_r04_c07,23.01222417863303,72.65894462026354
3.5888671875,0.30476951599121094,0.7167585492134094,27,0.74615478515625,Ahmedabad,Ahmedabad_r05_c00.tif,2020,2021,LOW_PRIORITY_REVIEW,SCATTERED_CHANGE,True,2020 -> 2021,6,PERSISTENT_CHANGE_SIGNAL,TEMPORAL_ONLY_EVIDENCE,0.0047607421875,0.002899169921875,0.0,0.0,1.0,1.0,0.02742316187364994,False,-0.08264711499214172,0.052522484213113785,0.020727485418319702,1.0669642857142858,False,NONE_DETECTED,/content/drive/MyDrive/satellite_change_detection/masks/Ahmedabad/Ahmedabad_r05_c00_2020_2021.png,UNKNOWN,0.518,Ahmedabad_r05_c00,22.98643970310412,72.48465602672333
5.40008544921875,0.28070324659347534,0.6740602254867554,35,1.03759765625,Ahmedabad,Ahmedabad_r05_c00.tif,2021,2022,REVIEW_REQUIRED,SCATTERED_CHANGE,True,2020 -> 2021,6,PERSISTENT_CHANGE_SIGNAL,TEMPORAL_ONLY_EVIDENCE,0.002899169921875,0.0057830810546875,0.0,0.0,1.0,1.0,0.03440896302673164,False,-0.006400465965270996,0.018389783799648285,-0.010578751564025879,1.0,False,NONE_DETECTED,/content/drive/MyDrive/satellite_change_detection/masks/Ahmedabad/Ahmedabad_r05_c00_2021_2022.png,UNKNOWN,0.716,Ahmedabad_r05_c00,22.98643970310412,72.48465602672333
5.0933837890625,0.29613280296325684,0.8734313249588013,39,0.3997802734375,Ahmedabad,Ahmedabad_r05_c00.tif,2022,2023,LOW_PRIORITY_REVIEW,SCATTERED_CHANGE,True,2020 -> 2021,6,PERSISTENT_CHANGE_SIGNAL,TEMPORAL_ONLY_EVIDENCE,0.0057830810546875,0.0062255859375,0.0,0.0,1.0,1.0,0.02950913452399782,False,-0.13771945238113403,0.045276567339897156,0.055326610803604126,1.0680851063829788,False,NONE_DETECTED,/content/drive/MyDrive/satellite_change_detection/masks/Ahmedabad/Ahmedabad_r05_c00_2022_2023.png,UNKNOWN,0.708,Ahmedabad_r05_c00,22.98643970310412,72.48465602672333
4.53033447265625,0.3337014317512512,0.8154815435409546,32,0.82244873046875,Ahmedabad,Ahmedabad_r05_c00.tif,2023,2024,LOW_PRIORITY_REVIEW,SCATTERED_CHANGE,True,2020 -> 2021,6,PERSISTENT_CHANGE_SIGNAL,TEMPORAL_ONLY_EVIDENCE,0.0062255859375,0.0069580078125,0.0,0.0,1.0,1.0,0.10340108364371799,False,-0.18498292565345764,0.12303587049245834,0.047778308391571045,1.0284552845528456,False,NONE_DETECTED,/content/drive/MyDrive/satellite_change_detection/masks/Ahmedabad/Ahmedabad_r05_c00_2023_2024.png,CONSTRUCTION,0.668,Ahmedabad_r05_c00,22.98643970310412,72.48465602672333
3.24249267578125,0.3189677596092224,0.7724355459213257,23,0.6195068359375,Ahmedabad,Ahmedabad_r05_c00.tif,2024,2025,LOW_PRIORITY_REVIEW,SCATTERED_CHANGE,True,2020 -> 2021,6,PERSISTENT_CHANGE_SIGNAL,TEMPORAL_ONLY_EVIDENCE,0.0069580078125,0.00531005859375,0.0,9.1552734375e-05,1.0,1.0,0.01874418068306247,False,-0.03551280498504639,-0.031480707228183746,0.07169157266616821,1.1327433628318584,False,NONE_DETECTED,/content/drive/MyDrive/satellite_change_detection/masks/Ahmedabad/Ahmedabad_r05_c00_2024_2025.png,UNKNOWN,0.47,Ahmedabad_r05_c00,22.98643970310412,72.48465602672333
6.0760498046875,0.31356582045555115,0.8730670213699341,48,1.03302001953125,Ahmedabad,Ahmedabad_r05_c00.tif,2025,2026,REVIEW_REQUIRED,SCATTERED_CHANGE,True,2020 -> 2021,6,PERSISTENT_CHANGE_SIGNAL,TEMPORAL_ONLY_EVIDENCE,0.00531005859375,0.0039215087890625,9.1552734375e-05,0.0,1.0,1.0,0.14799048015243071,False,-0.06060716509819031,0.03321818262338638,0.023390918970108032,1.0118577075098814,False,NONE_DETECTED,/content/drive/MyDrive/satellite_change_detection/masks/Ahmedabad/Ahmedabad_r05_c00_2025_2026.png,UNKNOWN,0.733,Ahmedabad_r05_c00,22.98643970310412,72.48465602672333
0.88043212890625,0.2889151871204376,0.628226637840271,4,0.494384765625,Ahmedabad,Ahmedabad_r05_c01.tif,2020,2021,LIKELY_NO_CHANGE,SCATTERED_CHANGE,False,2020 -> 2023,4,PERSISTENT_CHANGE_SIGNAL,TEMPORAL_ONLY_EVIDENCE,0.004302978515625,0.0030975341796875,0.0,0.0,1.0,1.0,0.007803008514700052,False,-0.21250885725021362,-0.046485498547554016,0.30609118938446045,1.1421052631578947,True,SEASONAL_VARIATION_LIKELY,/content/drive/MyDrive/satellite_change_detection/masks/Ahmedabad/Ahmedabad_r05_c01_2020_2021.png,UNKNOWN,0.114,Ahmedabad_r05_c01,22.986834080999284,72.50960973698126
0.909423828125,0.3269232213497162,0.6661958694458008,5,0.55999755859375,Ahmedabad,Ahmedabad_r05_c01.tif,2021,2022,LIKELY_NO_CHANGE,SCATTERED_CHANGE,False,2020 -> 2023,4,PERSISTENT_CHANGE_SIGNAL,TEMPORAL_ONLY_EVIDENCE,0.0030975341796875,0.005645751953125,0.0,0.0,1.0,1.0,0.06142874061974322,False,0.18243132531642914,0.07807145267724991,-0.3300849199295044,1.0161290322580645,False,NONE_DETECTED,/content/drive/MyDrive/satellite_change_detection/masks/Ahmedabad/Ahmedabad_r05_c01_2021_2022.png,WATER,0.132,Ahmedabad_r05_c01,22.986834080999284,72.50960973698126
1.2420654296875,0.2948788106441498,0.7059485912322998,6,0.494384765625,Ahmedabad,Ahmedabad_r05_c01.tif,2022,2023,LOW_PRIORITY_REVIEW,SCATTERED_CHANGE,False,2020 -> 2023,4,PERSISTENT_CHANGE_SIGNAL,TEMPORAL_ONLY_EVIDENCE,0.005645751953125,0.0062103271484375,0.0,6.103515625e-05,1.0,1.0,0.00904115083807046,False,-0.08906161785125732,0.12083874642848969,-0.13617809116840363,1.4144736842105263,False,NONE_DETECTED,/content/drive/MyDrive/satellite_change_detection/masks/Ahmedabad/Ahmedabad_r05_c01_2022_2023.png,CONSTRUCTION,0.176,Ahmedabad_r05_c01,22.986834080999284,72.50960973698126
1.17645263671875,0.2969730496406555,0.6720446348190308,10,0.250244140625,Ahmedabad,Ahmedabad_r05_c01.tif,2023,2024,LOW_PRIORITY_REVIEW,SCATTERED_CHANGE,False,2020 -> 2023,4,PERSISTENT_CHANGE_SIGNAL,TEMPORAL_ONLY_EVIDENCE,0.0062103271484375,0.0058135986328125,6.103515625e-05,0.0,1.0,1.0,0.08981647905365796,False,0.03817172348499298,-0.01972777023911476,0.002731233835220337,1.0097087378640777,False,NONE_DETECTED,/content/drive/MyDrive/satellite_change_detection/masks/Ahmedabad/Ahmedabad_r05_c01_2023_2024.png,UNKNOWN,0.166,Ahmedabad_r05_c01,22.986834080999284,72.50960973698126
1.46484375,0.41279634833335876,0.7873067855834961,9,0.39520263671875,Ahmedabad,Ahmedabad_r05_c01.tif,2024,2025,LOW_PRIORITY_REVIEW,SCATTERED_CHANGE,False,2020 -> 2023,4,PERSISTENT_CHANGE_SIGNAL,TEMPORAL_ONLY_EVIDENCE,0.0058135986328125,0.0050506591796875,0.0,0.0,1.0,1.0,0.0782730632840816,False,-0.13135799765586853,0.044336359947919846,0.10150444507598877,1.0975609756097562,False,NONE_DETECTED,/content/drive/MyDrive/satellite_change_detection/masks/Ahmedabad/Ahmedabad_r05_c01_2024_2025.png,UNKNOWN,0.223,Ahmedabad_r05_c01,22.986834080999284,72.50960973698126
0.9185791015625,0.3122329115867615,0.6762136816978455,9,0.30670166015625,Ahmedabad,Ahmedabad_r05_c01.tif,2025,2026,LIKELY_NO_CHANGE,SCATTERED_CHANGE,False,2020 -> 2023,4,PERSISTENT_CHANGE_SIGNAL,TEMPORAL_ONLY_EVIDENCE,0.0050506591796875,0.0027008056640625,0.0,0.0,1.0,1.0,0.024940958517881525,False,-0.3074008822441101,0.1650841385126114,0.15148940682411194,1.0238095238095237,False,NONE_DETECTED,/content/drive/MyDrive/satellite_change_detection/masks/Ahmedabad/Ahmedabad_r05_c01_2025_2026.png,CONSTRUCTION,0.131,Ahmedabad_r05_c01,22.986834080999284,72.50960973698126
0.41351318359375,0.25116580724716187,0.7462536096572876,6,0.13275146484375,Ahmedabad,Ahmedabad_r05_c02.tif,2020,2021,LIKELY_NO_CHANGE,SCATTERED_CHANGE,False,2020 -> 2023,4,PERSISTENT_CHANGE_SIGNAL,TEMPORAL_ONLY_EVIDENCE,0.0040283203125,0.0024566650390625,0.000213623046875,0.00189208984375,1.0,1.0,0.04428489684445405,False,0.13811534643173218,-0.06842345744371414,-0.04498961567878723,2.2873563218390807,False,NONE_DETECTED,/content/drive/MyDrive/satellite_change_detection/masks/Ahmedabad/Ahmedabad_r05_c02_2020_2021.png,UNKNOWN,0.056,Ahmedabad_r05_c02,22.987224535596678,72.53456399430905
0.67901611328125,0.2566644847393036,0.4546912908554077,10,0.27008056640625,Ahmedabad,Ahmedabad_r05_c02.tif,2021,2022,LIKELY_NO_CHANGE,SCATTERED_CHANGE,False,2020 -> 2023,4,PERSISTENT_CHANGE_SIGNAL,TEMPORAL_ONLY_EVIDENCE,0.0024566650390625,0.0037689208984375,0.00189208984375,0.0007171630859375,1.0,1.0,0.027260512749893037,False,-0.1512851119041443,0.11889535188674927,0.01575106382369995,1.0050251256281406,False,NONE_DETECTED,/content/drive/MyDrive/satellite_change_detection/masks/Ahmedabad/Ahmedabad_r05_c02_2021_2022.png,CONSTRUCTION,0.093,Ahmedabad_r05_c02,22.987224535596678,72.53456399430905
1.60369873046875,0.34510302543640137,0.7474684715270996,11,0.62103271484375,Ahmedabad,Ahmedabad_r05_c02.tif,2022,2023,LOW_PRIORITY_REVIEW,SCATTERED_CHANGE,False,2020 -> 2023,4,PERSISTENT_CHANGE_SIGNAL,TEMPORAL_ONLY_EVIDENCE,0.0037689208984375,0.0034942626953125,0.0007171630859375,0.0055389404296875,1.0,1.0,0.04588476164266583,False,-0.28060534596443176,0.14171826839447021,0.0655585527420044,1.2367149758454106,False,NONE_DETECTED,/content/drive/MyDrive/satellite_change_detection/masks/Ahmedabad/Ahmedabad_r05_c02_2022_2023.png,CONSTRUCTION,0.237,Ahmedabad_r05_c02,22.987224535596678,72.53456399430905
0.8148193359375,0.2537583112716675,0.547015905380249,10,0.23345947265625,Ahmedabad,Ahmedabad_r05_c02.tif,2023,2024,LIKELY_NO_CHANGE,SCATTERED_CHANGE,False,2020 -> 2023,4,PERSISTENT_CHANGE_SIGNAL,TEMPORAL_ONLY_EVIDENCE,0.0034942626953125,0.004241943359375,0.0055389404296875,0.001861572265625,1.0,1.0,0.07761646490103721,False,0.042918115854263306,-0.027494054287672043,0.0031377077102661133,1.1121951219512196,False,NONE_DETECTED,/content/drive/MyDrive/satellite_change_detection/masks/Ahmedabad/Ahmedabad_r05_c02_2023_2024.png,UNKNOWN,0.111,Ahmedabad_r05_c02,22.987224535596678,72.53456399430905
2.81219482421875,0.32561177015304565,0.6803920865058899,9,0.933837890625,Ahmedabad,Ahmedabad_r05_c02.tif,2024,2025,LOW_PRIORITY_REVIEW,SCATTERED_CHANGE,True,2020 -> 2023,4,PERSISTENT_CHANGE_SIGNAL,TEMPORAL_ONLY_EVIDENCE,0.004241943359375,0.0018310546875,0.001861572265625,0.0010833740234375,1.0,1.0,0.03026086772161092,False,-0.19743192195892334,0.08755528926849365,0.0719611644744873,1.0364372469635628,False,NONE_DETECTED,/content/drive/MyDrive/satellite_change_detection/masks/Ahmedabad/Ahmedabad_r05_c02_2024_2025.png,VEGETATION_LOSS,0.414,Ahmedabad_r05_c02,22.987224535596678,72.53456399430905
6.16607666015625,0.3743089437484741,0.8826011419296265,21,1.2359619140625,Ahmedabad,Ahmedabad_r05_c02.tif,2025,2026,REVIEW_REQUIRED,SCATTERED_CHANGE,True,2020 -> 2023,4,PERSISTENT_CHANGE_SIGNAL,TEMPORAL_ONLY_EVIDENCE,0.0018310546875,0.0011138916015625,0.0010833740234375,0.0010833740234375,1.0,1.0,0.010306566116828066,False,-0.21889208257198334,0.06349845975637436,0.15609508752822876,1.0491803278688525,False,NONE_DETECTED,/content/drive/MyDrive/satellite_change_detection/masks/Ahmedabad/Ahmedabad_r05_c02_2025_2026.png,WATER,0.768,Ahmedabad_r05_c02,22.987224535596678,72.53456399430905
2.69012451171875,0.3308759033679962,0.7283740043640137,15,0.88653564453125,Ahmedabad,Ahmedabad_r05_c03.tif,2020,2021,LOW_PRIORITY_REVIEW,SCATTERED_CHANGE,True,2020 -> 2021,6,PERSISTENT_CHANGE_SIGNAL,TEMPORAL_ONLY_EVIDENCE,0.0012359619140625,0.000518798828125,0.0,0.01593017578125,1.0,1.0,0.02783585179420569,False,-0.18211382627487183,0.09546643495559692,0.036845117807388306,1.25,False,NONE_DETECTED,/content/drive/MyDrive/satellite_change_detection/masks/Ahmedabad/Ahmedabad_r05_c03_2020_2021.png,VEGETATION_LOSS,0.397,Ahmedabad_r05_c03,22.98761106654883,72.55951879324388
1.93939208984375,0.2992347776889801,0.7941487431526184,16,0.42266845703125,Ahmedabad,Ahmedabad_r05_c03.tif,2021,2022,LOW_PRIORITY_REVIEW,SCATTERED_CHANGE,False,2020 -> 2021,6,PERSISTENT_CHANGE_SIGNAL,TEMPORAL_ONLY_EVIDENCE,0.000518798828125,0.0042572021484375,0.01593017578125,0.071807861328125,1.0,1.0,0.05102880371390101,False,-0.09501522779464722,0.07974009215831757,0.008610963821411133,1.184782608695652,False,NONE_DETECTED,/content/drive/MyDrive/satellite_change_detection/masks/Ahmedabad/Ahmedabad_r05_c03_2021_2022.png,UNKNOWN,0.275,Ahmedabad_r05_c03,22.98761106654883,72.55951879324388
2.471923828125,0.279633104801178,0.5202556848526001,13,0.49896240234375,Ahmedabad,Ahmedabad_r05_c03.tif,2022,2023,LOW_PRIORITY_REVIEW,SCATTERED_CHANGE,True,2020 -> 2021,6,PERSISTENT_CHANGE_SIGNAL,TEMPORAL_ONLY_EVIDENCE,0.0042572021484375,0.0053863525390625,0.071807861328125,0.0664520263671875,1.0,1.0,0.07100663244172833,False,-0.09131702780723572,0.07970824837684631,-0.06427580118179321,1.0931372549019607,False,NONE_DETECTED,/content/drive/MyDrive/satellite_change_detection/masks/Ahmedabad/Ahmedabad_r05_c03_2022_2023.png,UNKNOWN,0.347,Ahmedabad_r05_c03,22.98761106654883,72.55951879324388
1.776123046875,0.30430907011032104,0.7731660008430481,15,0.4913330078125,Ahmedabad,Ahmedabad_r05_c03.tif,2023,2024,LOW_PRIORITY_REVIEW,SCATTERED_CHANGE,False,2020 -> 2021,6,PERSISTENT_CHANGE_SIGNAL,TEMPORAL_ONLY_EVIDENCE,0.0053863525390625,0.00457763671875,0.0664520263671875,0.0684967041015625,1.0,1.0,0.04458422765052193,False,-0.07742074131965637,-0.03166685625910759,0.05555759370326996,1.0176211453744493,False,NONE_DETECTED,/content/drive/MyDrive/satellite_change_detection/masks/Ahmedabad/Ahmedabad_r05_c03_2023_2024.png,UNKNOWN,0.254,Ahmedabad_r05_c03,22.98761106654883,72.55951879324388
1.81427001953125,0.2648429274559021,0.7372909784317017,12,0.76141357421875,Ahmedabad,Ahmedabad_r05_c03.tif,2024,2025,LOW_PRIORITY_REVIEW,SCATTERED_CHANGE,False,2020 -> 2021,6,PERSISTENT_CHANGE_SIGNAL,TEMPORAL_ONLY_EVIDENCE,0.00457763671875,0.0013427734375,0.0684967041015625,0.07489013671875,1.0,1.0,0.08251242180621757,False,-0.1122821643948555,0.013597714714705944,0.0728444904088974,1.1538461538461537,False,NONE_DETECTED,/content/drive/MyDrive/satellite_change_detection/masks/Ahmedabad/Ahmedabad_r05_c03_2024_2025.png,UNKNOWN,0.255,Ahmedabad_r05_c03,22.98761106654883,72.55951879324388
4.2633056640625,0.32693564891815186,0.9334378242492676,15,2.02789306640625,Ahmedabad,Ahmedabad_r05_c03.tif,2025,2026,REVIEW_REQUIRED,MODERATELY_CONNECTED,True,2020 -> 2021,6,PERSISTENT_CHANGE_SIGNAL,MODERATE_EVIDENCE,0.0013427734375,0.0007781982421875,0.07489013671875,0.0455780029296875,1.0,1.0,0.035944255822008324,False,-0.1327756643295288,0.05362696200609207,0.07072329521179199,1.488235294117647,False,NONE_DETECTED,/content/drive/MyDrive/satellite_change_detection/masks/Ahmedabad/Ahmedabad_r05_c03_2025_2026.png,UNKNOWN,0.652,Ahmedabad_r05_c03,22.98761106654883,72.55951879324388
4.8980712890625,0.3379320502281189,0.6204524040222168,7,4.57305908203125,Ahmedabad,Ahmedabad_r05_c04.tif,2020,2021,REVIEW_REQUIRED,MODERATELY_CONNECTED,True,2020 -> 2021,5,PERSISTENT_CHANGE_SIGNAL,MODERATE_EVIDENCE,0.0012664794921875,0.0005035400390625,0.00360107421875,0.0705108642578125,1.0,1.0,0.02517434010293114,False,-0.35801297426223755,-0.06694447994232178,0.53287273645401,1.4695121951219512,False,NONE_DETECTED,/content/drive/MyDrive/satellite_change_detection/masks/Ahmedabad/Ahmedabad_r05_c04_2020_2021.png,WATER,0.816,Ahmedabad_r05_c04,22.98799367351184,72.58447412832238
15.6463623046875,0.2418416440486908,0.6795719265937805,59,5.19561767578125,Ahmedabad,Ahmedabad_r05_c04.tif,2021,2022,MODERATE_STRUCTURED_CHANGE,MODERATELY_CONNECTED,True,2020 -> 2021,5,PERSISTENT_CHANGE_SIGNAL,MODERATE_EVIDENCE,0.0005035400390625,0.0010986328125,0.0705108642578125,0.0014495849609375,1.0,1.0,0.06360352925560744,False,0.1341797262430191,0.038533471524715424,-0.21337664127349854,1.0,False,NONE_DETECTED,/content/drive/MyDrive/satellite_change_detection/masks/Ahmedabad/Ahmedabad_r05_c04_2021_2022.png,WATER,0.801,Ahmedabad_r05_c04,22.98799367351184,72.58447412832238
1.72271728515625,0.21979905664920807,0.8953127861022949,6,1.41143798828125,Ahmedabad,Ahmedabad_r05_c04.tif,2022,2023,REVIEW_REQUIRED,SCATTERED_CHANGE,False,2020 -> 2021,5,PERSISTENT_CHANGE_SIGNAL,TEMPORAL_ONLY_EVIDENCE,0.0010986328125,0.001190185546875,0.0014495849609375,0.001220703125,1.0,1.0,0.016649642302211498,False,-0.17409279942512512,0.0357002392411232,0.10999736189842224,1.1631578947368422,True,SEASONAL_VARIATION_LIKELY,/content/drive/MyDrive/satellite_change_detection/masks/Ahmedabad/Ahmedabad_r05_c04_2022_2023.png,UNKNOWN,0.219,Ahmedabad_r05_c04,22.98799367351184,72.58447412832238
0.37841796875,0.2771773636341095,0.8867963552474976,7,0.079345703125,Ahmedabad,Ahmedabad_r05_c04.tif,2023,2024,LIKELY_NO_CHANGE,SCATTERED_CHANGE,False,2020 -> 2021,5,PERSISTENT_CHANGE_SIGNAL,TEMPORAL_ONLY_EVIDENCE,0.001190185546875,0.0013275146484375,0.001220703125,0.0068206787109375,1.0,1.0,0.0792494328990093,False,0.02918344736099243,0.010581087321043015,-0.02114221453666687,1.2685714285714285,False,NONE_DETECTED,/content/drive/MyDrive/satellite_change_detection/masks/Ahmedabad/Ahmedabad_r05_c04_2023_2024.png,UNKNOWN,0.052,Ahmedabad_r05_c04,22.98799367351184,72.58447412832238
5.56182861328125,0.2728293836116791,0.591073751449585,4,4.9224853515625,Ahmedabad,Ahmedabad_r05_c04.tif,2024,2025,REVIEW_REQUIRED,MODERATELY_CONNECTED,True,2020 -> 2021,5,PERSISTENT_CHANGE_SIGNAL,MODERATE_EVIDENCE,0.0013275146484375,0.000762939453125,0.0068206787109375,0.00335693359375,1.0,1.0,0.03012421853157624,False,-0.2277170866727829,0.10239814221858978,0.041594505310058594,1.1111111111111112,False,NONE_DETECTED,/content/drive/MyDrive/satellite_change_detection/masks/Ahmedabad/Ahmedabad_r05_c04_2024_2025.png,CONSTRUCTION,0.809,Ahmedabad_r05_c04,22.98799367351184,72.58447412832238
3.7384033203125,0.29841023683547974,0.7354241013526917,16,0.97503662109375,Ahmedabad,Ahmedabad_r05_c04.tif,2025,2026,LOW_PRIORITY_REVIEW,SCATTERED_CHANGE,True,2020 -> 2021,5,PERSISTENT_CHANGE_SIGNAL,TEMPORAL_ONLY_EVIDENCE,0.000762939453125,0.0003814697265625,0.00335693359375,0.0,1.0,1.0,0.009993784573610168,False,0.11280429363250732,-0.034902557730674744,-0.06234562397003174,1.121212121212121,False,NONE_DETECTED,/content/drive/MyDrive/satellite_change_detection/masks/Ahmedabad/Ahmedabad_r05_c04_2025_2026.png,UNKNOWN,0.541,Ahmedabad_r05_c04,22.98799367351184,72.58447412832238
0.0,0.0,0.0,0,0.0,Ahmedabad,Ahmedabad_r05_c05.tif,2020,2021,LIKELY_NO_CHANGE,SCATTERED_CHANGE,False,No supported change interval,0,NO_SIGNIFICANT_CHANGE,LOW_PRIORITY_REVIEW,0.0075225830078125,0.002655029296875,0.0,0.003387451171875,1.0,1.0,0.02785569354545484,False,0.0,0.0,0.0,1.0,False,NONE_DETECTED,/content/drive/MyDrive/satellite_change_detection/masks/Ahmedabad/Ahmedabad_r05_c05_2020_2021.png,UNKNOWN,0.0,Ahmedabad_r05_c05,22.988372356145213,72.60942999408036
0.15869140625,0.3801136016845703,0.82941734790802,2,0.08697509765625,Ahmedabad,Ahmedabad_r05_c05.tif,2021,2022,LIKELY_NO_CHANGE,SCATTERED_CHANGE,False,No supported change interval,0,NO_SIGNIFICANT_CHANGE,LOW_PRIORITY_REVIEW,0.002655029296875,0.00335693359375,0.003387451171875,0.0033111572265625,1.0,1.0,0.023378267083006547,False,0.0036943405866622925,0.026108309626579285,-0.05289605259895325,1.2222222222222223,False,NONE_DETECTED,/content/drive/MyDrive/satellite_change_detection/masks/Ahmedabad/Ahmedabad_r05_c05_2021_2022.png,UNKNOWN,0.012,Ahmedabad_r05_c05,22.988372356145213,72.60942999408036
0.15869140625,0.3393884003162384,0.6801149249076843,2,0.09613037109375,Ahmedabad,Ahmedabad_r05_c05.tif,2022,2023,LIKELY_NO_CHANGE,SCATTERED_CHANGE,False,No supported change interval,0,NO_SIGNIFICANT_CHANGE,LOW_PRIORITY_REVIEW,0.00335693359375,0.0052642822265625,0.0033111572265625,0.003265380859375,1.0,1.0,0.04425356215080693,False,-0.055288366973400116,0.012600556015968323,0.05702808499336243,3.923076923076923,False,NONE_DETECTED,/content/drive/MyDrive/satellite_change_detection/masks/Ahmedabad/Ahmedabad_r05_c05_2022_2023.png,UNKNOWN,0.012,Ahmedabad_r05_c05,22.988372356145213,72.60942999408036
0.39520263671875,0.38212457299232483,0.779961884021759,4,0.2105712890625,Ahmedabad,Ahmedabad_r05_c05.tif,2023,2024,LIKELY_NO_CHANGE,SCATTERED_CHANGE,False,No supported change interval,0,NO_SIGNIFICANT_CHANGE,LOW_PRIORITY_REVIEW,0.0052642822265625,0.004425048828125,0.003265380859375,0.0,1.0,1.0,0.07130617720674404,False,-0.09035421162843704,0.0037711188197135925,0.05179053544998169,1.3154761904761905,False,NONE_DETECTED,/content/drive/MyDrive/satellite_change_detection/masks/Ahmedabad/Ahmedabad_r05_c05_2023_2024.png,UNKNOWN,0.031,Ahmedabad_r05_c05,22.988372356145213,72.60942999408036
0.1068115234375,0.37251153588294983,0.7873861789703369,2,0.05340576171875,Ahmedabad,Ahmedabad_r05_c05.tif,2024,2025,LIKELY_NO_CHANGE,SCATTERED_CHANGE,False,No supported change interval,0,NO_SIGNIFICANT_CHANGE,LOW_PRIORITY_REVIEW,0.004425048828125,0.0022125244140625,0.0,0.0,1.0,1.0,0.033655354876712264,False,0.007125362753868103,0.08868680149316788,-0.08350317180156708,4.9411764705882355,False,NONE_DETECTED,/content/drive/MyDrive/satellite_change_detection/masks/Ahmedabad/Ahmedabad_r05_c05_2024_2025.png,UNKNOWN,0.008,Ahmedabad_r05_c05,22.988372356145213,72.60942999408036
0.5279541015625,0.3709314167499542,0.6962704658508301,4,0.22430419921875,Ahmedabad,Ahmedabad_r05_c05.tif,2025,2026,LIKELY_NO_CHANGE,SCATTERED_CHANGE,False,No supported change interval,0,NO_SIGNIFICANT_CHANGE,LOW_PRIORITY_REVIEW,0.0022125244140625,0.001251220703125,0.0,0.0,1.0,1.0,0.031979936564685424,False,-0.027377471327781677,0.042128775268793106,-0.04340469837188721,2.8764044943820224,False,NONE_DETECTED,/content/drive/MyDrive/satellite_change_detection/masks/Ahmedabad/Ahmedabad_r05_c05_2025_2026.png,UNKNOWN,0.041,Ahmedabad_r05_c05,22.988372356145213,72.60942999408036
0.53558349609375,0.3791837692260742,1.0,8,0.12969970703125,Ahmedabad,Ahmedabad_r05_c06.tif,2020,2021,LIKELY_NO_CHANGE,SCATTERED_CHANGE,False,No supported change interval,0,NO_SIGNIFICANT_CHANGE,LOW_PRIORITY_REVIEW,0.0071258544921875,0.0028228759765625,0.00128173828125,3.0517578125e-05,1.0,1.0,0.023051151315119735,False,-0.008629932999610901,-0.03648320958018303,0.05669569969177246,1.3660714285714286,False,NONE_DETECTED,/content/drive/MyDrive/satellite_change_detection/masks/Ahmedabad/Ahmedabad_r05_c06_2020_2021.png,UNKNOWN,0.042,Ahmedabad_r05_c06,22.98874711411195,72.63438638505295
0.56915283203125,0.3662104904651642,0.8150475025177002,5,0.2349853515625,Ahmedabad,Ahmedabad_r05_c06.tif,2021,2022,LIKELY_NO_CHANGE,SCATTERED_CHANGE,False,No supported change interval,0,NO_SIGNIFICANT_CHANGE,LOW_PRIORITY_REVIEW,0.0028228759765625,0.00360107421875,3.0517578125e-05,0.0011749267578125,1.0,1.0,0.015102094069489405,False,0.004904031753540039,-0.05429905652999878,0.07946214079856873,1.8686868686868687,False,NONE_DETECTED,/content/drive/MyDrive/satellite_change_detection/masks/Ahmedabad/Ahmedabad_r05_c06_2021_2022.png,UNKNOWN,0.044,Ahmedabad_r05_c06,22.98874711411195,72.63438638505295
0.1068115234375,0.2606615126132965,0.39523133635520935,1,0.1068115234375,Ahmedabad,Ahmedabad_r05_c06.tif,2022,2023,LIKELY_NO_CHANGE,SCATTERED_CHANGE,False,No supported change interval,0,NO_SIGNIFICANT_CHANGE,LOW_PRIORITY_REVIEW,0.00360107421875,0.0073699951171875,0.0011749267578125,4.57763671875e-05,1.0,1.0,0.022492394626871783,False,-0.04906301200389862,-0.01775112748146057,0.051390767097473145,1.0,False,NONE_DETECTED,/content/drive/MyDrive/satellite_change_detection/masks/Ahmedabad/Ahmedabad_r05_c06_2022_2023.png,UNKNOWN,0.007,Ahmedabad_r05_c06,22.98874711411195,72.63438638505295
0.30364990234375,0.28976893424987793,0.5518128871917725,5,0.0946044921875,Ahmedabad,Ahmedabad_r05_c06.tif,2023,2024,LIKELY_NO_CHANGE,SCATTERED_CHANGE,False,No supported change interval,0,NO_SIGNIFICANT_CHANGE,LOW_PRIORITY_REVIEW,0.0073699951171875,0.0042724609375,4.57763671875e-05,0.0,1.0,1.0,0.054888097596686884,False,-0.23819634318351746,0.13766591250896454,0.06727379560470581,2.3389830508474576,False,NONE_DETECTED,/content/drive/MyDrive/satellite_change_detection/masks/Ahmedabad/Ahmedabad_r05_c06_2023_2024.png,UNKNOWN,0.021,Ahmedabad_r05_c06,22.98874711411195,72.63438638505295
0.23345947265625,0.32334262132644653,0.6820776462554932,3,0.1068115234375,Ahmedabad,Ahmedabad_r05_c06.tif,2024,2025,LIKELY_NO_CHANGE,SCATTERED_CHANGE,False,No supported change interval,0,NO_SIGNIFICANT_CHANGE,LOW_PRIORITY_REVIEW,0.0042724609375,0.0019073486328125,0.0,0.0,1.0,1.0,0.030505135983466374,False,-0.00013236701488494873,-0.03147444128990173,0.019739270210266113,1.1317829457364341,False,NONE_DETECTED,/content/drive/MyDrive/satellite_change_detection/masks/Ahmedabad/Ahmedabad_r05_c06_2024_2025.png,UNKNOWN,0.017,Ahmedabad_r05_c06,22.98874711411195,72.63438638505295
0.24566650390625,0.25241586565971375,0.5323348045349121,3,0.16937255859375,Ahmedabad,Ahmedabad_r05_c06.tif,2025,2026,LIKELY_NO_CHANGE,SCATTERED_CHANGE,False,No supported change interval,0,NO_SIGNIFICANT_CHANGE,LOW_PRIORITY_REVIEW,0.0019073486328125,0.001617431640625,0.0,0.0,1.0,1.0,0.04589954397586066,False,0.044240087270736694,0.010772079229354858,-0.051497310400009155,1.8026315789473684,False,NONE_DETECTED,/content/drive/MyDrive/satellite_change_detection/masks/Ahmedabad/Ahmedabad_r05_c06_2025_2026.png,UNKNOWN,0.016,Ahmedabad_r05_c06,22.98874711411195,72.63438638505295
0.830078125,0.28461122512817383,0.7063744068145752,9,0.3143310546875,Ahmedabad,Ahmedabad_r05_c07.tif,2020,2021,LIKELY_NO_CHANGE,SCATTERED_CHANGE,False,2020 -> 2022,5,PERSISTENT_CHANGE_SIGNAL,TEMPORAL_ONLY_EVIDENCE,0.0129547119140625,0.0055389404296875,0.0008544921875,0.0,1.0,1.0,0.051420541056644405,False,0.03551211953163147,-0.059372689574956894,0.043179094791412354,2.3653846153846154,False,NONE_DETECTED,/content/drive/MyDrive/satellite_change_detection/masks/Ahmedabad/Ahmedabad_r05_c07_2020_2021.png,UNKNOWN,0.116,Ahmedabad_r05_c07,22.989117947078547,72.65934329577473
2.154541015625,0.2908039391040802,0.7369656562805176,22,0.323486328125,Ahmedabad,Ahmedabad_r05_c07.tif,2021,2022,LOW_PRIORITY_REVIEW,SCATTERED_CHANGE,True,2020 -> 2022,5,PERSISTENT_CHANGE_SIGNAL,TEMPORAL_ONLY_EVIDENCE,0.0055389404296875,0.006805419921875,0.0,0.0002593994140625,1.0,1.0,0.08943362048175468,False,-0.18528342247009277,0.14294587075710297,0.002380073070526123,1.0158730158730158,False,NONE_DETECTED,/content/drive/MyDrive/satellite_change_detection/masks/Ahmedabad/Ahmedabad_r05_c07_2021_2022.png,CONSTRUCTION,0.303,Ahmedabad_r05_c07,22.989117947078547,72.65934329577473
3.082275390625,0.30563896894454956,0.7347766160964966,14,1.84783935546875,Ahmedabad,Ahmedabad_r05_c07.tif,2022,2023,REVIEW_REQUIRED,SCATTERED_CHANGE,True,2020 -> 2022,5,PERSISTENT_CHANGE_SIGNAL,TEMPORAL_ONLY_EVIDENCE,0.006805419921875,0.01092529296875,0.0002593994140625,0.000152587890625,1.0,1.0,0.02642779911237295,False,-0.09690091013908386,0.14169688522815704,-0.09399083256721497,1.2663316582914572,False,NONE_DETECTED,/content/drive/MyDrive/satellite_change_detection/masks/Ahmedabad/Ahmedabad_r05_c07_2022_2023.png,CONSTRUCTION,0.462,Ahmedabad_r05_c07,22.989117947078547,72.65934329577473
1.90887451171875,0.29245656728744507,0.7954006195068359,15,0.52337646484375,Ahmedabad,Ahmedabad_r05_c07.tif,2023,2024,LOW_PRIORITY_REVIEW,SCATTERED_CHANGE,False,2020 -> 2022,5,PERSISTENT_CHANGE_SIGNAL,TEMPORAL_ONLY_EVIDENCE,0.01092529296875,0.0086822509765625,0.000152587890625,0.0,1.0,1.0,0.0843445647360121,False,0.024990379810333252,-0.028620388358831406,0.022405296564102173,1.2190476190476192,False,NONE_DETECTED,/content/drive/MyDrive/satellite_change_detection/masks/Ahmedabad/Ahmedabad_r05_c07_2023_2024.png,UNKNOWN,0.271,Ahmedabad_r05_c07,22.989117947078547,72.65934329577473
2.34527587890625,0.31249716877937317,0.7548787593841553,20,0.51422119140625,Ahmedabad,Ahmedabad_r05_c07.tif,2024,2025,LOW_PRIORITY_REVIEW,SCATTERED_CHANGE,True,2020 -> 2022,5,PERSISTENT_CHANGE_SIGNAL,TEMPORAL_ONLY_EVIDENCE,0.0086822509765625,0.0051422119140625,0.0,0.0,1.0,1.0,0.03164928092730646,False,-0.022737234830856323,-0.03042490780353546,0.0366252064704895,1.0340425531914894,False,NONE_DETECTED,/content/drive/MyDrive/satellite_change_detection/masks/Ahmedabad/Ahmedabad_r05_c07_2024_2025.png,UNKNOWN,0.337,Ahmedabad_r05_c07,22.989117947078547,72.65934329577473
2.2003173828125,0.32475990056991577,0.7878948450088501,12,1.27105712890625,Ahmedabad,Ahmedabad_r05_c07.tif,2025,2026,REVIEW_REQUIRED,SCATTERED_CHANGE,True,2020 -> 2022,5,PERSISTENT_CHANGE_SIGNAL,TEMPORAL_ONLY_EVIDENCE,0.0051422119140625,0.0033111572265625,0.0,0.0,1.0,1.0,0.06016002733050796,False,-0.2756618857383728,0.20339274406433105,0.0016121864318847656,1.0294117647058822,False,NONE_DETECTED,/content/drive/MyDrive/satellite_change_detection/masks/Ahmedabad/Ahmedabad_r05_c07_2025_2026.png,CONSTRUCTION,0.327,Ahmedabad_r05_c07,22.989117947078547,72.65934329577473
5.49774169921875,0.29573512077331543,0.8706130385398865,32,0.6805419921875,Ahmedabad,Ahmedabad_r06_c00.tif,2020,2021,LOW_PRIORITY_REVIEW,SCATTERED_CHANGE,True,2020 -> 2021,6,PERSISTENT_CHANGE_SIGNAL,TEMPORAL_ONLY_EVIDENCE,0.001678466796875,0.00067138671875,0.0001678466796875,0.0,1.0,1.0,0.028525009578798315,False,-0.1165468692779541,0.03797299414873123,0.05814683437347412,1.0246913580246915,False,NONE_DETECTED,/content/drive/MyDrive/satellite_change_detection/masks/Ahmedabad/Ahmedabad_r06_c00_2020_2021.png,UNKNOWN,0.715,Ahmedabad_r06_c00,22.963336390788708,72.48508382969689
4.87213134765625,0.3121194839477539,0.8518391847610474,33,0.68511962890625,Ahmedabad,Ahmedabad_r06_c00.tif,2021,2022,LOW_PRIORITY_REVIEW,SCATTERED_CHANGE,True,2020 -> 2021,6,PERSISTENT_CHANGE_SIGNAL,TEMPORAL_ONLY_EVIDENCE,0.00067138671875,0.0034942626953125,0.0,0.0,1.0,1.0,0.11045450255717798,False,-0.05699723958969116,0.06762342154979706,-0.028809070587158203,1.080168776371308,False,NONE_DETECTED,/content/drive/MyDrive/satellite_change_detection/masks/Ahmedabad/Ahmedabad_r06_c00_2021_2022.png,UNKNOWN,0.705,Ahmedabad_r06_c00,22.963336390788708,72.48508382969689
4.69818115234375,0.3357543349266052,0.8279476761817932,22,0.64849853515625,Ahmedabad,Ahmedabad_r06_c00.tif,2022,2023,LOW_PRIORITY_REVIEW,SCATTERED_CHANGE,True,2020 -> 2021,6,PERSISTENT_CHANGE_SIGNAL,TEMPORAL_ONLY_EVIDENCE,0.0034942626953125,0.0047607421875,0.0,0.0,1.0,1.0,0.010950056471626562,False,-0.09670332074165344,0.05212661996483803,0.012633442878723145,1.079646017699115,False,NONE_DETECTED,/content/drive/MyDrive/satellite_change_detection/masks/Ahmedabad/Ahmedabad_r06_c00_2022_2023.png,UNKNOWN,0.69,Ahmedabad_r06_c00,22.963336390788708,72.48508382969689
6.81304931640625,0.30135124921798706,0.8904514312744141,25,1.18255615234375,Ahmedabad,Ahmedabad_r06_c00.tif,2023,2024,REVIEW_REQUIRED,SCATTERED_CHANGE,True,2020 -> 2021,6,PERSISTENT_CHANGE_SIGNAL,TEMPORAL_ONLY_EVIDENCE,0.0047607421875,0.003204345703125,0.0,0.0,1.0,1.0,0.12805763245854118,False,-0.25951364636421204,0.20034585893154144,0.022648006677627563,1.0346320346320346,False,NONE_DETECTED,/content/drive/MyDrive/satellite_change_detection/masks/Ahmedabad/Ahmedabad_r06_c00_2023_2024.png,CONSTRUCTION,0.73,Ahmedabad_r06_c00,22.963336390788708,72.48508382969689
8.45794677734375,0.32178694009780884,0.8175098896026611,24,2.6885986328125,Ahmedabad,Ahmedabad_r06_c00.tif,2024,2025,REVIEW_REQUIRED,MODERATELY_CONNECTED,True,2020 -> 2021,6,PERSISTENT_CHANGE_SIGNAL,MODERATE_EVIDENCE,0.003204345703125,0.0012969970703125,0.0,0.0014801025390625,1.0,1.0,0.017242428118492897,False,-0.16847392916679382,0.12054190039634705,0.014913231134414673,1.0364372469635628,False,NONE_DETECTED,/content/drive/MyDrive/satellite_change_detection/masks/Ahmedabad/Ahmedabad_r06_c00_2024_2025.png,CONSTRUCTION,0.778,Ahmedabad_r06_c00,22.963336390788708,72.48508382969689
5.731201171875,0.29834622144699097,0.9829672574996948,28,1.15509033203125,Ahmedabad,Ahmedabad_r06_c00.tif,2025,2026,REVIEW_REQUIRED,SCATTERED_CHANGE,True,2020 -> 2021,6,PERSISTENT_CHANGE_SIGNAL,TEMPORAL_ONLY_EVIDENCE,0.0012969970703125,0.001129150390625,0.0014801025390625,0.0001678466796875,1.0,1.0,0.09705481918769199,False,0.0024729371070861816,-0.035782620310783386,0.025336027145385742,1.0973451327433628,False,NONE_DETECTED,/content/drive/MyDrive/satellite_change_detection/masks/Ahmedabad/Ahmedabad_r06_c00_2025_2026.png,UNKNOWN,0.728,Ahmedabad_r06_c00,22.963336390788708,72.48508382969689
5.94482421875,0.31746524572372437,0.7322399020195007,32,0.91552734375,Ahmedabad,Ahmedabad_r06_c01.tif,2020,2021,LOW_PRIORITY_REVIEW,SCATTERED_CHANGE,True,2020 -> 2021,6,PERSISTENT_CHANGE_SIGNAL,TEMPORAL_ONLY_EVIDENCE,0.0002899169921875,0.0001983642578125,0.02886962890625,0.044769287109375,1.0,1.0,0.03383972752678144,False,-0.1631137728691101,0.10692238807678223,0.019877851009368896,1.0118577075098814,False,NONE_DETECTED,/content/drive/MyDrive/satellite_change_detection/masks/Ahmedabad/Ahmedabad_r06_c01_2020_2021.png,CONSTRUCTION,0.732,Ahmedabad_r06_c01,22.963730327945854,72.51003330664145
5.267333984375,0.2801605761051178,0.6264270544052124,36,0.90484619140625,Ahmedabad,Ahmedabad_r06_c01.tif,2021,2022,LOW_PRIORITY_REVIEW,SCATTERED_CHANGE,True,2020 -> 2021,6,PERSISTENT_CHANGE_SIGNAL,TEMPORAL_ONLY_EVIDENCE,0.0001983642578125,0.001678466796875,0.044769287109375,0.032379150390625,1.0,1.0,0.07834405514826175,False,0.028814643621444702,-0.026648271828889847,-0.0030553042888641357,1.0425531914893618,False,NONE_DETECTED,/content/drive/MyDrive/satellite_change_detection/masks/Ahmedabad/Ahmedabad_r06_c01_2021_2022.png,UNKNOWN,0.713,Ahmedabad_r06_c01,22.963730327945854,72.51003330664145
4.55169677734375,0.3120860755443573,0.7407785654067993,27,0.93841552734375,Ahmedabad,Ahmedabad_r06_c01.tif,2022,2023,LOW_PRIORITY_REVIEW,SCATTERED_CHANGE,True,2020 -> 2021,6,PERSISTENT_CHANGE_SIGNAL,TEMPORAL_ONLY_EVIDENCE,0.001678466796875,0.00238037109375,0.032379150390625,0.03125,1.0,1.0,0.018199541688592936,False,-0.07258966565132141,0.0011107735335826874,0.06931188702583313,1.0158730158730158,False,NONE_DETECTED,/content/drive/MyDrive/satellite_change_detection/masks/Ahmedabad/Ahmedabad_r06_c01_2022_2023.png,UNKNOWN,0.664,Ahmedabad_r06_c01,22.963730327945854,72.51003330664145
4.3701171875,0.32247793674468994,0.6958355903625488,32,0.54473876953125,Ahmedabad,Ahmedabad_r06_c01.tif,2023,2024,LOW_PRIORITY_REVIEW,SCATTERED_CHANGE,True,2020 -> 2021,6,PERSISTENT_CHANGE_SIGNAL,TEMPORAL_ONLY_EVIDENCE,0.00238037109375,0.002410888671875,0.03125,0.02899169921875,1.0,1.0,0.07001513766967231,False,-0.0839279294013977,0.0379515141248703,0.04342758655548096,1.0281124497991967,False,NONE_DETECTED,/content/drive/MyDrive/satellite_change_detection/masks/Ahmedabad/Ahmedabad_r06_c01_2023_2024.png,UNKNOWN,0.634,Ahmedabad_r06_c01,22.963730327945854,72.51003330664145
4.52728271484375,0.29677215218544006,0.8142220973968506,26,0.59967041015625,Ahmedabad,Ahmedabad_r06_c01.tif,2024,2025,LOW_PRIORITY_REVIEW,SCATTERED_CHANGE,True,2020 -> 2021,6,PERSISTENT_CHANGE_SIGNAL,TEMPORAL_ONLY_EVIDENCE,0.002410888671875,0.0005035400390625,0.02899169921875,0.032562255859375,1.0,1.0,0.05160573442438642,False,-0.15107771754264832,0.10060283541679382,0.008829981088638306,1.00418410041841,False,NONE_DETECTED,/content/drive/MyDrive/satellite_change_detection/masks/Ahmedabad/Ahmedabad_r06_c01_2024_2025.png,CONSTRUCTION,0.646,Ahmedabad_r06_c01,22.963730327945854,72.51003330664145
6.65740966796875,0.33366960287094116,0.9121567010879517,26,2.86865234375,Ahmedabad,Ahmedabad_r06_c01.tif,2025,2026,REVIEW_REQUIRED,MODERATELY_CONNECTED,True,2020 -> 2021,6,PERSISTENT_CHANGE_SIGNAL,MODERATE_EVIDENCE,0.0005035400390625,0.000213623046875,0.032562255859375,0.0236663818359375,1.0,1.0,0.08833309380688262,False,-0.040183886885643005,0.008466102182865143,0.0403590202331543,1.1082251082251082,False,NONE_DETECTED,/content/drive/MyDrive/satellite_change_detection/masks/Ahmedabad/Ahmedabad_r06_c01_2025_2026.png,UNKNOWN,0.789,Ahmedabad_r06_c01,22.963730327945854,72.51003330664145
9.2254638671875,0.3143211901187897,0.844793438911438,45,1.49383544921875,Ahmedabad,Ahmedabad_r06_c02.tif,2020,2021,REVIEW_REQUIRED,SCATTERED_CHANGE,True,2020 -> 2021,6,PERSISTENT_CHANGE_SIGNAL,TEMPORAL_ONLY_EVIDENCE,9.1552734375e-05,1.52587890625e-05,0.0059814453125,0.0077362060546875,1.0,1.0,0.07787362433519146,False,0.16304835677146912,-0.1318262815475464,0.0038081705570220947,1.0,False,NONE_DETECTED,/content/drive/MyDrive/satellite_change_detection/masks/Ahmedabad/Ahmedabad_r06_c02_2020_2021.png,VEGETATION_GAIN,0.745,Ahmedabad_r06_c02,22.96412034618724,72.53498333024176
10.2203369140625,0.3147653043270111,0.9662339687347412,46,2.11029052734375,Ahmedabad,Ahmedabad_r06_c02.tif,2021,2022,REVIEW_REQUIRED,MODERATELY_CONNECTED,True,2020 -> 2021,6,PERSISTENT_CHANGE_SIGNAL,MODERATE_EVIDENCE,1.52587890625e-05,3.0517578125e-05,0.0077362060546875,0.0053558349609375,1.0,1.0,0.05675732074471037,False,-0.017538905143737793,0.02136991359293461,-0.0001767873764038086,1.0406504065040652,False,NONE_DETECTED,/content/drive/MyDrive/satellite_change_detection/masks/Ahmedabad/Ahmedabad_r06_c02_2021_2022.png,UNKNOWN,0.76,Ahmedabad_r06_c02,22.96412034618724,72.53498333024176
10.41717529296875,0.3307810425758362,0.8504714965820312,39,3.45458984375,Ahmedabad,Ahmedabad_r06_c02.tif,2022,2023,REVIEW_REQUIRED,MODERATELY_CONNECTED,True,2020 -> 2021,6,PERSISTENT_CHANGE_SIGNAL,MODERATE_EVIDENCE,3.0517578125e-05,7.62939453125e-05,0.0053558349609375,0.0119171142578125,1.0,1.0,0.06064555263015983,False,-0.1426909863948822,0.07518364489078522,0.02785930037498474,1.0578512396694215,False,NONE_DETECTED,/content/drive/MyDrive/satellite_change_detection/masks/Ahmedabad/Ahmedabad_r06_c02_2022_2023.png,UNKNOWN,0.802,Ahmedabad_r06_c02,22.96412034618724,72.53498333024176
8.81195068359375,0.32818603515625,0.9441957473754883,37,1.1962890625,Ahmedabad,Ahmedabad_r06_c02.tif,2023,2024,REVIEW_REQUIRED,SCATTERED_CHANGE,True,2020 -> 2021,6,PERSISTENT_CHANGE_SIGNAL,TEMPORAL_ONLY_EVIDENCE,7.62939453125e-05,4.57763671875e-05,0.0119171142578125,0.0052947998046875,1.0,1.0,0.14643443950358126,False,-0.04682642221450806,0.022303586825728416,0.04237240552902222,1.0,False,NONE_DETECTED,/content/drive/MyDrive/satellite_change_detection/masks/Ahmedabad/Ahmedabad_r06_c02_2023_2024.png,UNKNOWN,0.744,Ahmedabad_r06_c02,22.96412034618724,72.53498333024176
10.66436767578125,0.30487990379333496,0.9069742560386658,43,1.3702392578125,Ahmedabad,Ahmedabad_r06_c02.tif,2024,2025,REVIEW_REQUIRED,SCATTERED_CHANGE,True,2020 -> 2021,6,PERSISTENT_CHANGE_SIGNAL,TEMPORAL_ONLY_EVIDENCE,4.57763671875e-05,0.0,0.0052947998046875,0.0071258544921875,1.0,1.0,0.059076998233889795,False,-0.09475123882293701,0.060164764523506165,0.006942689418792725,1.0,False,NONE_DETECTED,/content/drive/MyDrive/satellite_change_detection/masks/Ahmedabad/Ahmedabad_r06_c02_2024_2025.png,UNKNOWN,0.737,Ahmedabad_r06_c02,22.96412034618724,72.53498333024176
12.01934814453125,0.375589519739151,1.0,43,3.155517578125,Ahmedabad,Ahmedabad_r06_c02.tif,2025,2026,REVIEW_REQUIRED,MODERATELY_CONNECTED,True,2020 -> 2021,6,PERSISTENT_CHANGE_SIGNAL,MODERATE_EVIDENCE,0.0,0.0,0.0071258544921875,0.000701904296875,1.0,1.0,0.07601602105629178,False,-0.10676641762256622,0.0845959484577179,0.003496527671813965,1.0,False,NONE_DETECTED,/content/drive/MyDrive/satellite_change_detection/masks/Ahmedabad/Ahmedabad_r06_c02_2025_2026.png,UNKNOWN,0.817,Ahmedabad_r06_c02,22.96412034618724,72.53498333024176
5.50537109375,0.2928219437599182,0.8833757638931274,16,1.873779296875,Ahmedabad,Ahmedabad_r06_c03.tif,2020,2021,REVIEW_REQUIRED,SCATTERED_CHANGE,True,2020 -> 2021,6,PERSISTENT_CHANGE_SIGNAL,TEMPORAL_ONLY_EVIDENCE,0.0015716552734375,0.000640869140625,1.52587890625e-05,0.0018463134765625,1.0,1.0,0.030205763892754655,False,-0.08299149572849274,0.04861060902476311,0.017619073390960693,1.0163265306122449,False,NONE_DETECTED,/content/drive/MyDrive/satellite_change_detection/masks/Ahmedabad/Ahmedabad_r06_c03_2020_2021.png,UNKNOWN,0.743,Ahmedabad_r06_c03,22.964506445165902,72.55993389503918
5.19561767578125,0.3129512071609497,0.9116637706756592,26,0.7293701171875,Ahmedabad,Ahmedabad_r06_c03.tif,2021,2022,LOW_PRIORITY_REVIEW,SCATTERED_CHANGE,True,2020 -> 2021,6,PERSISTENT_CHANGE_SIGNAL,TEMPORAL_ONLY_EVIDENCE,0.000640869140625,0.0020751953125,0.0018463134765625,0.00018310546875,1.0,1.0,0.057662999244635894,False,-0.05023951828479767,0.037404198199510574,0.006368666887283325,1.0,False,NONE_DETECTED,/content/drive/MyDrive/satellite_change_detection/masks/Ahmedabad/Ahmedabad_r06_c03_2021_2022.png,UNKNOWN,0.725,Ahmedabad_r06_c03,22.964506445165902,72.55993389503918
3.472900390625,0.281034916639328,0.9291753768920898,25,0.439453125,Ahmedabad,Ahmedabad_r06_c03.tif,2022,2023,LOW_PRIORITY_REVIEW,SCATTERED_CHANGE,True,2020 -> 2021,6,PERSISTENT_CHANGE_SIGNAL,TEMPORAL_ONLY_EVIDENCE,0.0020751953125,0.001129150390625,0.00018310546875,0.0,1.0,1.0,0.08323014407185501,False,-0.08012796938419342,0.04966679960489273,0.014483451843261719,1.024,False,NONE_DETECTED,/content/drive/MyDrive/satellite_change_detection/masks/Ahmedabad/Ahmedabad_r06_c03_2022_2023.png,UNKNOWN,0.487,Ahmedabad_r06_c03,22.964506445165902,72.55993389503918
2.777099609375,0.2707778513431549,0.7872416377067566,27,0.4150390625,Ahmedabad,Ahmedabad_r06_c03.tif,2023,2024,LOW_PRIORITY_REVIEW,SCATTERED_CHANGE,True,2020 -> 2021,6,PERSISTENT_CHANGE_SIGNAL,TEMPORAL_ONLY_EVIDENCE,0.001129150390625,0.0003662109375,0.0,0.0022735595703125,1.0,1.0,0.05850667710347726,False,-0.09596152603626251,0.06426487863063812,0.0228862464427948,1.0118577075098814,False,NONE_DETECTED,/content/drive/MyDrive/satellite_change_detection/masks/Ahmedabad/Ahmedabad_r06_c03_2023_2024.png,VEHICLE_OR_ACTIVITY,0.386,Ahmedabad_r06_c03,22.964506445165902,72.55993389503918
3.51104736328125,0.3622196316719055,0.9103274941444397,19,1.22222900390625,Ahmedabad,Ahmedabad_r06_c03.tif,2024,2025,REVIEW_REQUIRED,SCATTERED_CHANGE,True,2020 -> 2021,6,PERSISTENT_CHANGE_SIGNAL,TEMPORAL_ONLY_EVIDENCE,0.0003662109375,0.0,0.0022735595703125,0.0023956298828125,1.0,1.0,0.09456173142749377,False,-0.10174569487571716,0.038571007549762726,0.0335259735584259,1.0987124463519313,False,NONE_DETECTED,/content/drive/MyDrive/satellite_change_detection/masks/Ahmedabad/Ahmedabad_r06_c03_2024_2025.png,UNKNOWN,0.535,Ahmedabad_r06_c03,22.964506445165902,72.55993389503918
4.22821044921875,0.34075847268104553,0.8498789072036743,30,0.53863525390625,Ahmedabad,Ahmedabad_r06_c03.tif,2025,2026,LOW_PRIORITY_REVIEW,SCATTERED_CHANGE,True,2020 -> 2021,6,PERSISTENT_CHANGE_SIGNAL,TEMPORAL_ONLY_EVIDENCE,0.0,1.52587890625e-05,0.0023956298828125,0.0,1.0,1.0,0.043401378183862756,False,-0.09648390114307404,0.05398308113217354,0.0322166383266449,1.0406504065040652,False,NONE_DETECTED,/content/drive/MyDrive/satellite_change_detection/masks/Ahmedabad/Ahmedabad_r06_c03_2025_2026.png,UNKNOWN,0.621,Ahmedabad_r06_c03,22.964506445165902,72.55993389503918
3.76434326171875,0.2919069826602936,0.8263327479362488,15,2.4749755859375,Ahmedabad,Ahmedabad_r06_c04.tif,2020,2021,REVIEW_REQUIRED,MODERATELY_CONNECTED,True,2020 -> 2021,6,PERSISTENT_CHANGE_SIGNAL,MODERATE_EVIDENCE,0.0019683837890625,0.001068115234375,0.0,0.0,1.0,1.0,0.032446065760100506,False,-0.017193570733070374,-0.01478073000907898,0.03096294403076172,1.0122950819672132,False,NONE_DETECTED,/content/drive/MyDrive/satellite_change_detection/masks/Ahmedabad/Ahmedabad_r06_c04_2020_2021.png,UNKNOWN,0.571,Ahmedabad_r06_c04,22.964888624538357,72.58488499557438
3.32489013671875,0.33253970742225647,0.8206969499588013,12,2.17437744140625,Ahmedabad,Ahmedabad_r06_c04.tif,2021,2022,REVIEW_REQUIRED,MODERATELY_CONNECTED,True,2020 -> 2021,6,PERSISTENT_CHANGE_SIGNAL,MODERATE_EVIDENCE,0.001068115234375,0.001617431640625,0.0,0.0,1.0,1.0,0.0652027527828437,False,0.034852370619773865,-0.0064818114042282104,-0.008650869131088257,1.0987124463519313,False,NONE_DETECTED,/content/drive/MyDrive/satellite_change_detection/masks/Ahmedabad/Ahmedabad_r06_c04_2021_2022.png,UNKNOWN,0.512,Ahmedabad_r06_c04,22.964888624538357,72.58488499557438
1.65252685546875,0.27150678634643555,0.7013392448425293,15,0.4180908203125,Ahmedabad,Ahmedabad_r06_c04.tif,2022,2023,LOW_PRIORITY_REVIEW,SCATTERED_CHANGE,False,2020 -> 2021,6,PERSISTENT_CHANGE_SIGNAL,TEMPORAL_ONLY_EVIDENCE,0.001617431640625,0.0035400390625,0.0,0.0,1.0,1.0,0.03447837832173985,False,-0.03623953461647034,0.024979300796985626,0.005138754844665527,1.103448275862069,False,NONE_DETECTED,/content/drive/MyDrive/satellite_change_detection/masks/Ahmedabad/Ahmedabad_r06_c04_2022_2023.png,UNKNOWN,0.23,Ahmedabad_r06_c04,22.964888624538357,72.58488499557438
1.85546875,0.27594175934791565,0.7478228807449341,15,0.4913330078125,Ahmedabad,Ahmedabad_r06_c04.tif,2023,2024,LOW_PRIORITY_REVIEW,SCATTERED_CHANGE,False,2020 -> 2021,6,PERSISTENT_CHANGE_SIGNAL,TEMPORAL_ONLY_EVIDENCE,0.0035400390625,0.0015869140625,0.0,0.0,1.0,1.0,0.05639001431583483,False,0.03949573636054993,-0.017330355942249298,0.005477994680404663,1.0242914979757085,False,NONE_DETECTED,/content/drive/MyDrive/satellite_change_detection/masks/Ahmedabad/Ahmedabad_r06_c04_2023_2024.png,UNKNOWN,0.26,Ahmedabad_r06_c04,22.964888624538357,72.58488499557438
1.800537109375,0.30269232392311096,0.7459630370140076,12,0.4486083984375,Ahmedabad,Ahmedabad_r06_c04.tif,2024,2025,LOW_PRIORITY_REVIEW,SCATTERED_CHANGE,False,2020 -> 2021,6,PERSISTENT_CHANGE_SIGNAL,TEMPORAL_ONLY_EVIDENCE,0.0015869140625,0.0005950927734375,0.0,0.0,1.0,1.0,0.03776200699594375,False,-0.06744275987148285,0.027714133262634277,0.014037877321243286,1.2163461538461537,False,NONE_DETECTED,/content/drive/MyDrive/satellite_change_detection/masks/Ahmedabad/Ahmedabad_r06_c04_2024_2025.png,UNKNOWN,0.257,Ahmedabad_r06_c04,22.964888624538357,72.58488499557438
1.55181884765625,0.4232310950756073,0.9960876703262329,9,0.71563720703125,Ahmedabad,Ahmedabad_r06_c04.tif,2025,2026,LOW_PRIORITY_REVIEW,SCATTERED_CHANGE,False,2020 -> 2021,6,PERSISTENT_CHANGE_SIGNAL,TEMPORAL_ONLY_EVIDENCE,0.0005950927734375,0.0009613037109375,0.0,0.0,1.0,1.0,0.023473053227654535,False,-0.10441164672374725,0.06532980501651764,0.013814091682434082,1.0865384615384615,False,NONE_DETECTED,/content/drive/MyDrive/satellite_change_detection/masks/Ahmedabad/Ahmedabad_r06_c04_2025_2026.png,UNKNOWN,0.238,Ahmedabad_r06_c04,22.964888624538357,72.58488499557438
0.2471923828125,0.27225956320762634,0.4817720353603363,2,0.128173828125,Ahmedabad,Ahmedabad_r06_c05.tif,2020,2021,LIKELY_NO_CHANGE,SCATTERED_CHANGE,False,No supported change interval,0,NO_SIGNIFICANT_CHANGE,LOW_PRIORITY_REVIEW,0.0086212158203125,0.002197265625,0.0,0.0,1.0,1.0,0.008358472664945202,False,-0.10609504580497742,0.021760091185569763,0.0777289867401123,9.26086956521739,False,NONE_DETECTED,/content/drive/MyDrive/satellite_change_detection/masks/Ahmedabad/Ahmedabad_r06_c05_2020_2021.png,UNKNOWN,0.017,Ahmedabad_r06_c05,22.965266883964564,72.60983662638728
0.16326904296875,0.28687578439712524,0.6362439393997192,3,0.08697509765625,Ahmedabad,Ahmedabad_r06_c05.tif,2021,2022,LIKELY_NO_CHANGE,SCATTERED_CHANGE,False,No supported change interval,0,NO_SIGNIFICANT_CHANGE,LOW_PRIORITY_REVIEW,0.002197265625,0.0028076171875,0.0,0.0,1.0,1.0,0.017180810034302996,False,-0.03928348422050476,0.017464976757764816,0.031135886907577515,1.0813953488372092,False,NONE_DETECTED,/content/drive/MyDrive/satellite_change_detection/masks/Ahmedabad/Ahmedabad_r06_c05_2021_2022.png,UNKNOWN,0.011,Ahmedabad_r06_c05,22.965266883964564,72.60983662638728
0.2532958984375,0.4677506387233734,0.7606015205383301,2,0.18157958984375,Ahmedabad,Ahmedabad_r06_c05.tif,2022,2023,LIKELY_NO_CHANGE,SCATTERED_CHANGE,False,No supported change interval,0,NO_SIGNIFICANT_CHANGE,LOW_PRIORITY_REVIEW,0.0028076171875,0.0058746337890625,0.0,0.0,1.0,1.0,0.006852322685280686,False,-0.10149325430393219,-0.003016151487827301,0.0649467408657074,1.302325581395349,False,NONE_DETECTED,/content/drive/MyDrive/satellite_change_detection/masks/Ahmedabad/Ahmedabad_r06_c05_2022_2023.png,UNKNOWN,0.02,Ahmedabad_r06_c05,22.965266883964564,72.60983662638728
0.09613037109375,0.31654563546180725,0.611853837966919,2,0.0579833984375,Ahmedabad,Ahmedabad_r06_c05.tif,2023,2024,LIKELY_NO_CHANGE,SCATTERED_CHANGE,False,No supported change interval,0,NO_SIGNIFICANT_CHANGE,LOW_PRIORITY_REVIEW,0.0058746337890625,0.0033721923828125,0.0,0.0,1.0,1.0,0.0957948448449852,False,-0.12120187282562256,-0.02424410730600357,0.15974919497966766,2.102803738317757,False,NONE_DETECTED,/content/drive/MyDrive/satellite_change_detection/masks/Ahmedabad/Ahmedabad_r06_c05_2023_2024.png,UNKNOWN,0.007,Ahmedabad_r06_c05,22.965266883964564,72.60983662638728
0.17242431640625,0.26459914445877075,0.5035905241966248,3,0.08087158203125,Ahmedabad,Ahmedabad_r06_c05.tif,2024,2025,LIKELY_NO_CHANGE,SCATTERED_CHANGE,False,No supported change interval,0,NO_SIGNIFICANT_CHANGE,LOW_PRIORITY_REVIEW,0.0033721923828125,0.0016326904296875,0.0,0.0,1.0,1.0,0.0066749678360091425,False,-0.08617687225341797,0.025313831865787506,0.04254484176635742,1.721311475409836,False,NONE_DETECTED,/content/drive/MyDrive/satellite_change_detection/masks/Ahmedabad/Ahmedabad_r06_c05_2024_2025.png,UNKNOWN,0.012,Ahmedabad_r06_c05,22.965266883964564,72.60983662638728
0.37078857421875,0.31291988492012024,0.699733555316925,5,0.14495849609375,Ahmedabad,Ahmedabad_r06_c05.tif,2025,2026,LIKELY_NO_CHANGE,SCATTERED_CHANGE,False,No supported change interval,0,NO_SIGNIFICANT_CHANGE,LOW_PRIORITY_REVIEW,0.0016326904296875,0.0009002685546875,0.0,0.0,1.0,1.0,0.027640359383981555,False,-0.10967780649662018,0.06291131675243378,0.017741143703460693,1.01875,False,NONE_DETECTED,/content/drive/MyDrive/satellite_change_detection/masks/Ahmedabad/Ahmedabad_r06_c05_2025_2026.png,UNKNOWN,0.027,Ahmedabad_r06_c05,22.965266883964564,72.60983662638728
0.60577392578125,0.30528947710990906,0.634357213973999,5,0.2227783203125,Ahmedabad,Ahmedabad_r06_c06.tif,2020,2021,LIKELY_NO_CHANGE,SCATTERED_CHANGE,False,2020 -> 2023,4,PERSISTENT_CHANGE_SIGNAL,TEMPORAL_ONLY_EVIDENCE,0.001312255859375,0.0007171630859375,0.001861572265625,0.0,1.0,1.0,0.023862992380162384,False,-0.022691309452056885,-0.007063731551170349,-0.00958588719367981,1.4610778443113772,False,NONE_DETECTED,/content/drive/MyDrive/satellite_change_detection/masks/Ahmedabad/Ahmedabad_r06_c06_2020_2021.png,UNKNOWN,0.086,Ahmedabad_r06_c06,22.965641223107998,72.63478878201721
0.92926025390625,0.3223731219768524,0.6777853965759277,8,0.21514892578125,Ahmedabad,Ahmedabad_r06_c06.tif,2021,2022,LIKELY_NO_CHANGE,SCATTERED_CHANGE,False,2020 -> 2023,4,PERSISTENT_CHANGE_SIGNAL,TEMPORAL_ONLY_EVIDENCE,0.0007171630859375,0.001922607421875,0.0,6.103515625e-05,1.0,1.0,0.08570162857600298,False,-0.19407597184181213,0.08794617652893066,0.07080337405204773,1.170854271356784,False,NONE_DETECTED,/content/drive/MyDrive/satellite_change_detection/masks/Ahmedabad/Ahmedabad_r06_c06_2021_2022.png,VEGETATION_LOSS,0.133,Ahmedabad_r06_c06,22.965641223107998,72.63478878201721
0.494384765625,0.3376305103302002,0.7505419850349426,6,0.25177001953125,Ahmedabad,Ahmedabad_r06_c06.tif,2022,2023,LIKELY_NO_CHANGE,SCATTERED_CHANGE,False,2020 -> 2023,4,PERSISTENT_CHANGE_SIGNAL,TEMPORAL_ONLY_EVIDENCE,0.001922607421875,0.0043182373046875,6.103515625e-05,0.0,1.0,1.0,0.04555269585351123,False,-0.22035513818264008,0.126443013548851,0.029029637575149536,1.1457286432160805,False,NONE_DETECTED,/content/drive/MyDrive/satellite_change_detection/masks/Ahmedabad/Ahmedabad_r06_c06_2022_2023.png,CONSTRUCTION,0.072,Ahmedabad_r06_c06,22.965641223107998,72.63478878201721
0.4058837890625,0.34500300884246826,0.6990182399749756,5,0.1495361328125,Ahmedabad,Ahmedabad_r06_c06.tif,2023,2024,LIKELY_NO_CHANGE,SCATTERED_CHANGE,False,2020 -> 2023,4,PERSISTENT_CHANGE_SIGNAL,TEMPORAL_ONLY_EVIDENCE,0.0043182373046875,0.0010986328125,0.0,0.0003662109375,1.0,1.0,0.09751968656002684,False,-0.07726826518774033,0.004162013530731201,0.0654851496219635,1.0127388535031847,False,NONE_DETECTED,/content/drive/MyDrive/satellite_change_detection/masks/Ahmedabad/Ahmedabad_r06_c06_2023_2024.png,UNKNOWN,0.059,Ahmedabad_r06_c06,22.965641223107998,72.63478878201721
0.9185791015625,0.37479984760284424,0.7827304601669312,9,0.37689208984375,Ahmedabad,Ahmedabad_r06_c06.tif,2024,2025,LIKELY_NO_CHANGE,SCATTERED_CHANGE,False,2020 -> 2023,4,PERSISTENT_CHANGE_SIGNAL,TEMPORAL_ONLY_EVIDENCE,0.0010986328125,0.000762939453125,0.0003662109375,1.52587890625e-05,1.0,1.0,0.09431334251620402,False,-0.05658523738384247,0.00864516943693161,0.031000733375549316,1.288888888888889,False,NONE_DETECTED,/content/drive/MyDrive/satellite_change_detection/masks/Ahmedabad/Ahmedabad_r06_c06_2024_2025.png,UNKNOWN,0.137,Ahmedabad_r06_c06,22.965641223107998,72.63478878201721
0.9002685546875,0.2952903211116791,0.6782002449035645,8,0.335693359375,Ahmedabad,Ahmedabad_r06_c06.tif,2025,2026,LIKELY_NO_CHANGE,SCATTERED_CHANGE,False,2020 -> 2023,4,PERSISTENT_CHANGE_SIGNAL,TEMPORAL_ONLY_EVIDENCE,0.000762939453125,0.00042724609375,1.52587890625e-05,0.0,1.0,1.0,0.07700182059911802,False,-0.07381030917167664,0.06166180968284607,0.006115376949310303,1.5238095238095237,False,NONE_DETECTED,/content/drive/MyDrive/satellite_change_detection/masks/Ahmedabad/Ahmedabad_r06_c06_2025_2026.png,UNKNOWN,0.127,Ahmedabad_r06_c06,22.965641223107998,72.63478878201721
5.20477294921875,0.3018263876438141,0.6884340643882751,27,1.68914794921875,Ahmedabad,Ahmedabad_r06_c07.tif,2020,2021,REVIEW_REQUIRED,SCATTERED_CHANGE,True,2020 -> 2021,6,PERSISTENT_CHANGE_SIGNAL,TEMPORAL_ONLY_EVIDENCE,0.0028076171875,0.0010223388671875,0.0,0.0,1.0,1.0,0.03358955479307547,False,0.004110425710678101,-0.08888310939073563,0.09506908059120178,1.0541666666666667,False,NONE_DETECTED,/content/drive/MyDrive/satellite_change_detection/masks/Ahmedabad/Ahmedabad_r06_c07_2020_2021.png,UNKNOWN,0.743,Ahmedabad_r06_c07,22.96601164163559,72.6597414570028
4.30755615234375,0.301309198141098,0.814232349395752,35,0.75836181640625,Ahmedabad,Ahmedabad_r06_c07.tif,2021,2022,LOW_PRIORITY_REVIEW,SCATTERED_CHANGE,True,2020 -> 2021,6,PERSISTENT_CHANGE_SIGNAL,TEMPORAL_ONLY_EVIDENCE,0.0010223388671875,0.0015411376953125,0.0,0.0,1.0,1.0,0.026324609927251132,False,-0.030475765466690063,0.01881687343120575,0.00898754596710205,1.0199203187250996,False,NONE_DETECTED,/content/drive/MyDrive/satellite_change_detection/masks/Ahmedabad/Ahmedabad_r06_c07_2021_2022.png,UNKNOWN,0.62,Ahmedabad_r06_c07,22.96601164163559,72.6597414570028
5.2978515625,0.3436860740184784,0.8156346082687378,27,2.12554931640625,Ahmedabad,Ahmedabad_r06_c07.tif,2022,2023,REVIEW_REQUIRED,MODERATELY_CONNECTED,True,2020 -> 2021,6,PERSISTENT_CHANGE_SIGNAL,MODERATE_EVIDENCE,0.0015411376953125,0.0049591064453125,0.0,0.0,1.0,1.0,0.028510112349623685,False,-0.0757865309715271,0.052256304770708084,0.00900799036026001,1.1179039301310043,False,NONE_DETECTED,/content/drive/MyDrive/satellite_change_detection/masks/Ahmedabad/Ahmedabad_r06_c07_2022_2023.png,UNKNOWN,0.775,Ahmedabad_r06_c07,22.96601164163559,72.6597414570028
6.05316162109375,0.35611745715141296,1.0,30,2.11334228515625,Ahmedabad,Ahmedabad_r06_c07.tif,2023,2024,REVIEW_REQUIRED,MODERATELY_CONNECTED,True,2020 -> 2021,6,PERSISTENT_CHANGE_SIGNAL,MODERATE_EVIDENCE,0.0049591064453125,0.00250244140625,0.0,0.0,1.0,1.0,0.07300361893582417,False,0.053161829710006714,-0.032633837312459946,0.0007512271404266357,1.0940170940170941,False,NONE_DETECTED,/content/drive/MyDrive/satellite_change_detection/masks/Ahmedabad/Ahmedabad_r06_c07_2023_2024.png,UNKNOWN,0.781,Ahmedabad_r06_c07,22.96601164163559,72.6597414570028
4.87823486328125,0.33192312717437744,0.8331953287124634,32,1.1077880859375,Ahmedabad,Ahmedabad_r06_c07.tif,2024,2025,REVIEW_REQUIRED,SCATTERED_CHANGE,True,2020 -> 2021,6,PERSISTENT_CHANGE_SIGNAL,TEMPORAL_ONLY_EVIDENCE,0.00250244140625,0.0018157958984375,0.0,4.57763671875e-05,1.0,1.0,0.040771438649442805,False,-0.17859894037246704,0.06611394882202148,0.05457603931427002,1.0745614035087718,False,NONE_DETECTED,/content/drive/MyDrive/satellite_change_detection/masks/Ahmedabad/Ahmedabad_r06_c07_2024_2025.png,VEGETATION_LOSS,0.726,Ahmedabad_r06_c07,22.96601164163559,72.6597414570028
3.6041259765625,0.31418395042419434,0.8500032424926758,34,0.51422119140625,Ahmedabad,Ahmedabad_r06_c07.tif,2025,2026,LOW_PRIORITY_REVIEW,SCATTERED_CHANGE,True,2020 -> 2021,6,PERSISTENT_CHANGE_SIGNAL,TEMPORAL_ONLY_EVIDENCE,0.0018157958984375,0.0015411376953125,4.57763671875e-05,0.0,1.0,1.0,0.08281029769610378,False,-0.01265367865562439,0.0274126585572958,-0.00682377815246582,1.1096491228070176,False,NONE_DETECTED,/content/drive/MyDrive/satellite_change_detection/masks/Ahmedabad/Ahmedabad_r06_c07_2025_2026.png,UNKNOWN,0.519,Ahmedabad_r06_c07,22.96601164163559,72.6597414570028
6.74591064453125,0.31198084354400635,0.8729802966117859,32,0.6805419921875,Ahmedabad,Ahmedabad_r07_c00.tif,2020,2021,LOW_PRIORITY_REVIEW,SCATTERED_CHANGE,True,2020 -> 2021,6,PERSISTENT_CHANGE_SIGNAL,TEMPORAL_ONLY_EVIDENCE,0.0006103515625,0.0004425048828125,0.0,0.0,1.0,1.0,0.046249693040402134,False,-0.12308481335639954,0.10543385148048401,0.004480957984924316,1.0,False,NONE_DETECTED,/content/drive/MyDrive/satellite_change_detection/masks/Ahmedabad/Ahmedabad_r07_c00_2020_2021.png,CONSTRUCTION,0.723,Ahmedabad_r07_c00,22.94023300366133,72.4855110805566
15.78369140625,0.31439515948295593,0.9900571703910828,40,3.57513427734375,Ahmedabad,Ahmedabad_r07_c00.tif,2021,2022,REVIEW_REQUIRED,MODERATELY_CONNECTED,True,2020 -> 2021,6,PERSISTENT_CHANGE_SIGNAL,MODERATE_EVIDENCE,0.0004425048828125,0.0023040771484375,0.0,0.0,1.0,1.0,0.16036354301706804,False,-0.06423461437225342,0.04628610610961914,-0.008934348821640015,1.0,False,NONE_DETECTED,/content/drive/MyDrive/satellite_change_detection/masks/Ahmedabad/Ahmedabad_r07_c00_2021_2022.png,UNKNOWN,0.797,Ahmedabad_r07_c00,22.94023300366133,72.4855110805566
5.5938720703125,0.33253931999206543,0.915583074092865,28,0.63018798828125,Ahmedabad,Ahmedabad_r07_c00.tif,2022,2023,LOW_PRIORITY_REVIEW,SCATTERED_CHANGE,True,2020 -> 2021,6,PERSISTENT_CHANGE_SIGNAL,TEMPORAL_ONLY_EVIDENCE,0.0023040771484375,0.00250244140625,0.0,0.0,1.0,1.0,0.06192034963607953,False,0.012002885341644287,-0.05537028610706329,0.0520419180393219,1.0,False,NONE_DETECTED,/content/drive/MyDrive/satellite_change_detection/masks/Ahmedabad/Ahmedabad_r07_c00_2022_2023.png,UNKNOWN,0.732,Ahmedabad_r07_c00,22.94023300366133,72.4855110805566
7.0220947265625,0.34751206636428833,0.9769823551177979,35,1.00250244140625,Ahmedabad,Ahmedabad_r07_c00.tif,2023,2024,REVIEW_REQUIRED,SCATTERED_CHANGE,True,2020 -> 2021,6,PERSISTENT_CHANGE_SIGNAL,TEMPORAL_ONLY_EVIDENCE,0.00250244140625,0.0023040771484375,0.0,0.0,1.0,1.0,0.12828523502673503,False,-0.14579221606254578,0.1136927604675293,0.0005214810371398926,1.0,False,NONE_DETECTED,/content/drive/MyDrive/satellite_change_detection/masks/Ahmedabad/Ahmedabad_r07_c00_2023_2024.png,CONSTRUCTION,0.749,Ahmedabad_r07_c00,22.94023300366133,72.4855110805566
6.878662109375,0.31751391291618347,0.8664020895957947,29,2.02178955078125,Ahmedabad,Ahmedabad_r07_c00.tif,2024,2025,REVIEW_REQUIRED,MODERATELY_CONNECTED,True,2020 -> 2021,6,PERSISTENT_CHANGE_SIGNAL,MODERATE_EVIDENCE,0.0023040771484375,0.00079345703125,0.0,0.0,1.0,1.0,0.06998515596498815,False,-0.09179261326789856,0.04129105433821678,0.03259032964706421,1.0711297071129706,False,NONE_DETECTED,/content/drive/MyDrive/satellite_change_detection/masks/Ahmedabad/Ahmedabad_r07_c00_2024_2025.png,UNKNOWN,0.759,Ahmedabad_r07_c00,22.94023300366133,72.4855110805566
8.39691162109375,0.32817959785461426,0.8661761283874512,32,1.9866943359375,Ahmedabad,Ahmedabad_r07_c00.tif,2025,2026,REVIEW_REQUIRED,SCATTERED_CHANGE,True,2020 -> 2021,6,PERSISTENT_CHANGE_SIGNAL,TEMPORAL_ONLY_EVIDENCE,0.00079345703125,0.0003814697265625,0.0,0.0,1.0,1.0,0.09095983285220766,False,-0.09032082557678223,0.043624456971883774,0.030112236738204956,1.103448275862069,False,NONE_DETECTED,/content/drive/MyDrive/satellite_change_detection/masks/Ahmedabad/Ahmedabad_r07_c00_2025_2026.png,UNKNOWN,0.764,Ahmedabad_r07_c00,22.94023300366133,72.4855110805566
10.65521240234375,0.36019769310951233,0.934416651725769,41,3.4759521484375,Ahmedabad,Ahmedabad_r07_c01.tif,2020,2021,REVIEW_REQUIRED,MODERATELY_CONNECTED,True,2020 -> 2021,6,PERSISTENT_CHANGE_SIGNAL,MODERATE_EVIDENCE,0.0001220703125,0.0002288818359375,0.0,0.0050811767578125,1.0,1.0,0.06361746504927618,False,0.019974052906036377,-0.0013881176710128784,0.009171336889266968,1.0,False,NONE_DETECTED,/content/drive/MyDrive/satellite_change_detection/masks/Ahmedabad/Ahmedabad_r07_c01_2020_2021.png,UNKNOWN,0.817,Ahmedabad_r07_c01,22.940626500225505,72.51045632964575
9.0057373046875,0.3035344183444977,0.8018343448638916,47,0.98724365234375,Ahmedabad,Ahmedabad_r07_c01.tif,2021,2022,LOW_PRIORITY_REVIEW,SCATTERED_CHANGE,True,2020 -> 2021,6,PERSISTENT_CHANGE_SIGNAL,TEMPORAL_ONLY_EVIDENCE,0.0002288818359375,0.0013580322265625,0.0050811767578125,0.0048675537109375,1.0,1.0,0.1100137622900655,False,-0.14494693279266357,0.10353558510541916,0.020066648721694946,1.0,False,NONE_DETECTED,/content/drive/MyDrive/satellite_change_detection/masks/Ahmedabad/Ahmedabad_r07_c01_2021_2022.png,CONSTRUCTION,0.726,Ahmedabad_r07_c01,22.940626500225505,72.51045632964575
8.2611083984375,0.3140451908111572,0.834104597568512,49,0.59051513671875,Ahmedabad,Ahmedabad_r07_c01.tif,2022,2023,LOW_PRIORITY_REVIEW,SCATTERED_CHANGE,True,2020 -> 2021,6,PERSISTENT_CHANGE_SIGNAL,TEMPORAL_ONLY_EVIDENCE,0.0013580322265625,0.0015869140625,0.0048675537109375,0.0001068115234375,1.0,1.0,0.06416858734217012,False,0.02875348925590515,-0.0409509614109993,0.011962026357650757,1.0,False,NONE_DETECTED,/content/drive/MyDrive/satellite_change_detection/masks/Ahmedabad/Ahmedabad_r07_c01_2022_2023.png,UNKNOWN,0.722,Ahmedabad_r07_c01,22.940626500225505,72.51045632964575
8.44573974609375,0.34821420907974243,0.880795955657959,57,0.9552001953125,Ahmedabad,Ahmedabad_r07_c01.tif,2023,2024,LOW_PRIORITY_REVIEW,SCATTERED_CHANGE,True,2020 -> 2021,6,PERSISTENT_CHANGE_SIGNAL,TEMPORAL_ONLY_EVIDENCE,0.0015869140625,0.0009307861328125,0.0001068115234375,0.0034332275390625,1.0,1.0,0.05750768435922131,False,-0.12254336476325989,0.09874027222394943,0.00797984004020691,1.0,False,NONE_DETECTED,/content/drive/MyDrive/satellite_change_detection/masks/Ahmedabad/Ahmedabad_r07_c01_2023_2024.png,UNKNOWN,0.748,Ahmedabad_r07_c01,22.940626500225505,72.51045632964575
6.31561279296875,0.34176933765411377,0.885476291179657,35,1.06048583984375,Ahmedabad,Ahmedabad_r07_c01.tif,2024,2025,REVIEW_REQUIRED,SCATTERED_CHANGE,True,2020 -> 2021,6,PERSISTENT_CHANGE_SIGNAL,TEMPORAL_ONLY_EVIDENCE,0.0009307861328125,0.0001068115234375,0.0034332275390625,0.0049896240234375,1.0,1.0,0.03182287220766787,False,0.0015687048435211182,-0.012538034468889236,0.00895756483078003,1.0406504065040652,False,NONE_DETECTED,/content/drive/MyDrive/satellite_change_detection/masks/Ahmedabad/Ahmedabad_r07_c01_2024_2025.png,UNKNOWN,0.747,Ahmedabad_r07_c01,22.940626500225505,72.51045632964575
9.4573974609375,0.3178989887237549,0.8626793622970581,37,1.51214599609375,Ahmedabad,Ahmedabad_r07_c01.tif,2025,2026,REVIEW_REQUIRED,SCATTERED_CHANGE,True,2020 -> 2021,6,PERSISTENT_CHANGE_SIGNAL,TEMPORAL_ONLY_EVIDENCE,0.0001068115234375,7.62939453125e-05,0.0049896240234375,0.0027008056640625,1.0,1.0,0.10002177509628289,False,-0.0567324161529541,0.02181253209710121,0.008954763412475586,1.0448979591836736,False,NONE_DETECTED,/content/drive/MyDrive/satellite_change_detection/masks/Ahmedabad/Ahmedabad_r07_c01_2025_2026.png,UNKNOWN,0.747,Ahmedabad_r07_c01,22.940626500225505,72.51045632964575
10.2203369140625,0.2871091663837433,0.8450535535812378,37,2.0538330078125,Ahmedabad,Ahmedabad_r07_c02.tif,2020,2021,REVIEW_REQUIRED,MODERATELY_CONNECTED,True,2020 -> 2021,6,PERSISTENT_CHANGE_SIGNAL,MODERATE_EVIDENCE,0.0001068115234375,4.57763671875e-05,0.04046630859375,0.0570831298828125,1.0,1.0,0.060697627767923264,False,0.08218470215797424,-0.05558471009135246,-0.015116661787033081,1.0,False,NONE_DETECTED,/content/drive/MyDrive/satellite_change_detection/masks/Ahmedabad/Ahmedabad_r07_c02_2020_2021.png,UNKNOWN,0.745,Ahmedabad_r07_c02,22.94101608225452,72.53540212497725
8.87908935546875,0.3280245363712311,0.8542969226837158,45,1.080322265625,Ahmedabad,Ahmedabad_r07_c02.tif,2021,2022,REVIEW_REQUIRED,SCATTERED_CHANGE,True,2020 -> 2021,6,PERSISTENT_CHANGE_SIGNAL,TEMPORAL_ONLY_EVIDENCE,4.57763671875e-05,0.000762939453125,0.0570831298828125,0.0493316650390625,1.0,1.0,0.062012551453085506,False,-0.05951067805290222,0.02934110537171364,0.018225044012069702,1.0,False,NONE_DETECTED,/content/drive/MyDrive/satellite_change_detection/masks/Ahmedabad/Ahmedabad_r07_c02_2021_2022.png,UNKNOWN,0.741,Ahmedabad_r07_c02,22.94101608225452,72.53540212497725
11.114501953125,0.3623458445072174,0.9953089952468872,33,2.48870849609375,Ahmedabad,Ahmedabad_r07_c02.tif,2022,2023,REVIEW_REQUIRED,MODERATELY_CONNECTED,True,2020 -> 2021,6,PERSISTENT_CHANGE_SIGNAL,MODERATE_EVIDENCE,0.000762939453125,0.0007781982421875,0.0493316650390625,0.04290771484375,1.0,1.0,0.04244584839600783,False,-0.0476173460483551,-0.029607858508825302,0.108114093542099,1.0118577075098814,False,NONE_DETECTED,/content/drive/MyDrive/satellite_change_detection/masks/Ahmedabad/Ahmedabad_r07_c02_2022_2023.png,UNKNOWN,0.793,Ahmedabad_r07_c02,22.94101608225452,72.53540212497725
5.0933837890625,0.3051263689994812,0.8874770402908325,33,0.60577392578125,Ahmedabad,Ahmedabad_r07_c02.tif,2023,2024,LOW_PRIORITY_REVIEW,SCATTERED_CHANGE,True,2020 -> 2021,6,PERSISTENT_CHANGE_SIGNAL,TEMPORAL_ONLY_EVIDENCE,0.0007781982421875,4.57763671875e-05,0.04290771484375,0.059814453125,1.0,1.0,0.13300151360139104,False,-0.12719011306762695,0.11129359155893326,-0.025579184293746948,1.0171673819742488,False,NONE_DETECTED,/content/drive/MyDrive/satellite_change_detection/masks/Ahmedabad/Ahmedabad_r07_c02_2023_2024.png,CONSTRUCTION,0.718,Ahmedabad_r07_c02,22.94101608225452,72.53540212497725
4.94384765625,0.32395169138908386,0.8356430530548096,32,0.6805419921875,Ahmedabad,Ahmedabad_r07_c02.tif,2024,2025,LOW_PRIORITY_REVIEW,SCATTERED_CHANGE,True,2020 -> 2021,6,PERSISTENT_CHANGE_SIGNAL,TEMPORAL_ONLY_EVIDENCE,4.57763671875e-05,3.0517578125e-05,0.059814453125,0.0604400634765625,1.0,1.0,0.06579552878967508,False,0.09760347008705139,-0.08410937339067459,-0.027526646852493286,1.0413223140495869,False,NONE_DETECTED,/content/drive/MyDrive/satellite_change_detection/masks/Ahmedabad/Ahmedabad_r07_c02_2024_2025.png,UNKNOWN,0.721,Ahmedabad_r07_c02,22.94101608225452,72.53540212497725
6.2347412109375,0.31537145376205444,0.8661794662475586,30,0.92620849609375,Ahmedabad,Ahmedabad_r07_c02.tif,2025,2026,LOW_PRIORITY_REVIEW,SCATTERED_CHANGE,True,2020 -> 2021,6,PERSISTENT_CHANGE_SIGNAL,TEMPORAL_ONLY_EVIDENCE,3.0517578125e-05,0.0,0.0604400634765625,0.0538177490234375,1.0,1.0,0.051380095654108754,False,-0.14208221435546875,0.07456214725971222,0.07924291491508484,1.1327433628318584,False,NONE_DETECTED,/content/drive/MyDrive/satellite_change_detection/masks/Ahmedabad/Ahmedabad_r07_c02_2025_2026.png,UNKNOWN,0.731,Ahmedabad_r07_c02,22.94101608225452,72.53540212497725
3.85589599609375,0.2628541886806488,0.6160401701927185,23,0.7965087890625,Ahmedabad,Ahmedabad_r07_c03.tif,2020,2021,LOW_PRIORITY_REVIEW,SCATTERED_CHANGE,True,2020 -> 2021,6,PERSISTENT_CHANGE_SIGNAL,TEMPORAL_ONLY_EVIDENCE,0.00140380859375,0.0007781982421875,0.0,0.0,1.0,1.0,0.03619635114591761,False,0.0045552849769592285,0.01719812862575054,-0.02296149730682373,1.0,False,NONE_DETECTED,/content/drive/MyDrive/satellite_change_detection/masks/Ahmedabad/Ahmedabad_r07_c03_2020_2021.png,UNKNOWN,0.541,Ahmedabad_r07_c03,22.941401749401862,72.56034846109658
4.99114990234375,0.2795024514198303,0.8643566370010376,35,1.22833251953125,Ahmedabad,Ahmedabad_r07_c03.tif,2021,2022,REVIEW_REQUIRED,SCATTERED_CHANGE,True,2020 -> 2021,6,PERSISTENT_CHANGE_SIGNAL,TEMPORAL_ONLY_EVIDENCE,0.0007781982421875,0.0032806396484375,0.0,0.0,1.0,1.0,0.03989039584226375,False,-0.13202378153800964,0.0892907902598381,0.015300780534744263,1.0199203187250996,False,NONE_DETECTED,/content/drive/MyDrive/satellite_change_detection/masks/Ahmedabad/Ahmedabad_r07_c03_2021_2022.png,UNKNOWN,0.719,Ahmedabad_r07_c03,22.941401749401862,72.56034846109658
5.242919921875,0.29273515939712524,0.7723203897476196,21,1.08795166015625,Ahmedabad,Ahmedabad_r07_c03.tif,2022,2023,REVIEW_REQUIRED,SCATTERED_CHANGE,True,2020 -> 2021,6,PERSISTENT_CHANGE_SIGNAL,TEMPORAL_ONLY_EVIDENCE,0.0032806396484375,0.003265380859375,0.0,0.0,1.0,1.0,0.0642946291253302,False,0.013304680585861206,-0.03821193799376488,0.03161260485649109,1.1377777777777778,False,NONE_DETECTED,/content/drive/MyDrive/satellite_change_detection/masks/Ahmedabad/Ahmedabad_r07_c03_2022_2023.png,UNKNOWN,0.724,Ahmedabad_r07_c03,22.941401749401862,72.56034846109658
5.06134033203125,0.29328715801239014,0.7498818039894104,31,1.18255615234375,Ahmedabad,Ahmedabad_r07_c03.tif,2023,2024,REVIEW_REQUIRED,SCATTERED_CHANGE,True,2020 -> 2021,6,PERSISTENT_CHANGE_SIGNAL,TEMPORAL_ONLY_EVIDENCE,0.003265380859375,0.001220703125,0.0,0.0,1.0,1.0,0.027294340652571775,False,0.007891267538070679,-0.03831402584910393,0.04601544141769409,1.0118577075098814,False,NONE_DETECTED,/content/drive/MyDrive/satellite_change_detection/masks/Ahmedabad/Ahmedabad_r07_c03_2023_2024.png,UNKNOWN,0.726,Ahmedabad_r07_c03,22.941401749401862,72.56034846109658
3.91693115234375,0.3110620379447937,0.9288204908370972,25,0.69427490234375,Ahmedabad,Ahmedabad_r07_c03.tif,2024,2025,LOW_PRIORITY_REVIEW,SCATTERED_CHANGE,True,2020 -> 2021,6,PERSISTENT_CHANGE_SIGNAL,TEMPORAL_ONLY_EVIDENCE,0.001220703125,0.0007476806640625,0.0,0.0,1.0,1.0,0.11013675757920703,False,-0.07994779944419861,0.06416851282119751,-0.012812525033950806,1.0199203187250996,False,NONE_DETECTED,/content/drive/MyDrive/satellite_change_detection/masks/Ahmedabad/Ahmedabad_r07_c03_2024_2025.png,UNKNOWN,0.566,Ahmedabad_r07_c03,22.941401749401862,72.56034846109658
5.06134033203125,0.2819494903087616,0.7201555967330933,34,1.49993896484375,Ahmedabad,Ahmedabad_r07_c03.tif,2025,2026,REVIEW_REQUIRED,SCATTERED_CHANGE,True,2020 -> 2021,6,PERSISTENT_CHANGE_SIGNAL,TEMPORAL_ONLY_EVIDENCE,0.0007476806640625,0.0007781982421875,0.0,0.0,1.0,1.0,0.07611706191170861,False,-0.06757611036300659,0.06599818915128708,-0.010739237070083618,1.0,False,NONE_DETECTED,/content/drive/MyDrive/satellite_change_detection/masks/Ahmedabad/Ahmedabad_r07_c03_2025_2026.png,UNKNOWN,0.728,Ahmedabad_r07_c03,22.941401749401862,72.56034846109658
6.18438720703125,0.3026663661003113,0.9965607523918152,29,1.14898681640625,Ahmedabad,Ahmedabad_r07_c04.tif,2020,2021,REVIEW_REQUIRED,SCATTERED_CHANGE,True,2020 -> 2021,6,PERSISTENT_CHANGE_SIGNAL,TEMPORAL_ONLY_EVIDENCE,0.0038604736328125,0.001739501953125,1.52587890625e-05,0.0,1.0,1.0,0.025049879564702417,False,0.07381486892700195,-0.06489674746990204,0.007947802543640137,1.0199203187250996,False,NONE_DETECTED,/content/drive/MyDrive/satellite_change_detection/masks/Ahmedabad/Ahmedabad_r07_c04_2020_2021.png,UNKNOWN,0.73,Ahmedabad_r07_c04,22.94178350132451,72.58529533254848
3.46832275390625,0.3009227216243744,0.71852707862854,22,0.95672607421875,Ahmedabad,Ahmedabad_r07_c04.tif,2021,2022,LOW_PRIORITY_REVIEW,SCATTERED_CHANGE,True,2020 -> 2021,6,PERSISTENT_CHANGE_SIGNAL,TEMPORAL_ONLY_EVIDENCE,0.001739501953125,0.0027923583984375,0.0,0.0017852783203125,1.0,1.0,0.007138606061620883,False,-0.18813717365264893,0.1441732794046402,0.004107683897018433,1.012,False,NONE_DETECTED,/content/drive/MyDrive/satellite_change_detection/masks/Ahmedabad/Ahmedabad_r07_c04_2021_2022.png,CONSTRUCTION,0.502,Ahmedabad_r07_c04,22.94178350132451,72.58529533254848
16.00799560546875,0.3751572072505951,0.792865514755249,16,6.19659423828125,Ahmedabad,Ahmedabad_r07_c04.tif,2022,2023,MODERATE_STRUCTURED_CHANGE,MODERATELY_CONNECTED,True,2020 -> 2021,6,PERSISTENT_CHANGE_SIGNAL,MODERATE_EVIDENCE,0.0027923583984375,0.004974365234375,0.0017852783203125,0.0,1.0,1.0,0.021578172102037604,False,-0.15806157886981964,0.2183692753314972,-0.14527219533920288,1.0534979423868314,False,NONE_DETECTED,/content/drive/MyDrive/satellite_change_detection/masks/Ahmedabad/Ahmedabad_r07_c04_2022_2023.png,CONSTRUCTION,0.892,Ahmedabad_r07_c04,22.94178350132451,72.58529533254848
6.89239501953125,0.25754979252815247,0.7267999053001404,38,1.35498046875,Ahmedabad,Ahmedabad_r07_c04.tif,2023,2024,REVIEW_REQUIRED,SCATTERED_CHANGE,True,2020 -> 2021,6,PERSISTENT_CHANGE_SIGNAL,TEMPORAL_ONLY_EVIDENCE,0.004974365234375,0.00274658203125,0.0,0.0,1.0,1.0,0.1270382624727602,False,-0.019172698259353638,0.006757525727152824,0.024203121662139893,1.0,False,NONE_DETECTED,/content/drive/MyDrive/satellite_change_detection/masks/Ahmedabad/Ahmedabad_r07_c04_2023_2024.png,UNKNOWN,0.713,Ahmedabad_r07_c04,22.94178350132451,72.58529533254848
7.940673828125,0.2797949016094208,0.7583205699920654,26,1.14593505859375,Ahmedabad,Ahmedabad_r07_c04.tif,2024,2025,REVIEW_REQUIRED,SCATTERED_CHANGE,True,2020 -> 2021,6,PERSISTENT_CHANGE_SIGNAL,TEMPORAL_ONLY_EVIDENCE,0.00274658203125,0.00140380859375,0.0,0.0,1.0,1.0,0.04149217922563628,False,0.05889889597892761,-0.06823000311851501,0.003812253475189209,1.0118577075098814,False,NONE_DETECTED,/content/drive/MyDrive/satellite_change_detection/masks/Ahmedabad/Ahmedabad_r07_c04_2024_2025.png,UNKNOWN,0.719,Ahmedabad_r07_c04,22.94178350132451,72.58529533254848
9.97161865234375,0.3216734528541565,0.7979135513305664,28,2.51007080078125,Ahmedabad,Ahmedabad_r07_c04.tif,2025,2026,REVIEW_REQUIRED,MODERATELY_CONNECTED,True,2020 -> 2021,6,PERSISTENT_CHANGE_SIGNAL,MODERATE_EVIDENCE,0.00140380859375,0.0011749267578125,0.0,0.0,1.0,1.0,0.08995053402752178,False,0.07604643702507019,-0.11621688306331635,0.08930385112762451,1.0118577075098814,False,NONE_DETECTED,/content/drive/MyDrive/satellite_change_detection/masks/Ahmedabad/Ahmedabad_r07_c04_2025_2026.png,UNKNOWN,0.774,Ahmedabad_r07_c04,22.94178350132451,72.58529533254848
5.17120361328125,0.283694863319397,0.6821964979171753,26,0.55389404296875,Ahmedabad,Ahmedabad_r07_c05.tif,2020,2021,LOW_PRIORITY_REVIEW,SCATTERED_CHANGE,True,2020 -> 2021,6,PERSISTENT_CHANGE_SIGNAL,TEMPORAL_ONLY_EVIDENCE,0.004547119140625,0.0023040771484375,0.0,0.0,1.0,1.0,0.058354185260517805,False,0.07026293873786926,-0.06622660160064697,0.014569073915481567,1.0995475113122173,False,NONE_DETECTED,/content/drive/MyDrive/satellite_change_detection/masks/Ahmedabad/Ahmedabad_r07_c05_2020_2021.png,UNKNOWN,0.706,Ahmedabad_r07_c05,22.94216133768289,72.61024273387703
8.54034423828125,0.325926810503006,0.9431663751602173,34,2.43988037109375,Ahmedabad,Ahmedabad_r07_c05.tif,2021,2022,REVIEW_REQUIRED,MODERATELY_CONNECTED,True,2020 -> 2021,6,PERSISTENT_CHANGE_SIGNAL,MODERATE_EVIDENCE,0.0023040771484375,0.0030059814453125,0.0,0.0,1.0,1.0,0.0790110305346501,False,-0.28335052728652954,0.22620922327041626,-0.025130033493041992,1.080168776371308,False,NONE_DETECTED,/content/drive/MyDrive/satellite_change_detection/masks/Ahmedabad/Ahmedabad_r07_c05_2021_2022.png,CONSTRUCTION,0.774,Ahmedabad_r07_c05,22.94216133768289,72.61024273387703
13.52996826171875,0.3090957999229431,0.7176192998886108,26,10.6964111328125,Ahmedabad,Ahmedabad_r07_c05.tif,2022,2023,MODERATE_STRUCTURED_CHANGE,SPATIALLY_CONNECTED,True,2020 -> 2021,6,PERSISTENT_CHANGE_SIGNAL,STRONG_EVIDENCE,0.0030059814453125,0.0054473876953125,0.0,0.0,1.0,1.0,0.08565356016472425,False,-0.1437232494354248,0.2190389335155487,-0.15447163581848145,1.1096491228070176,False,NONE_DETECTED,/content/drive/MyDrive/satellite_change_detection/masks/Ahmedabad/Ahmedabad_r07_c05_2022_2023.png,CONSTRUCTION,0.955,Ahmedabad_r07_c05,22.94216133768289,72.61024273387703
4.7271728515625,0.29730337858200073,0.7050143480300903,32,0.5950927734375,Ahmedabad,Ahmedabad_r07_c05.tif,2023,2024,LOW_PRIORITY_REVIEW,SCATTERED_CHANGE,True,2020 -> 2021,6,PERSISTENT_CHANGE_SIGNAL,TEMPORAL_ONLY_EVIDENCE,0.0054473876953125,0.003936767578125,0.0,0.0,1.0,1.0,0.1549332870950715,False,0.06807354092597961,-0.06426887214183807,0.022341936826705933,1.0608695652173914,False,NONE_DETECTED,/content/drive/MyDrive/satellite_change_detection/masks/Ahmedabad/Ahmedabad_r07_c05_2023_2024.png,UNKNOWN,0.675,Ahmedabad_r07_c05,22.94216133768289,72.61024273387703
7.0281982421875,0.3358735740184784,0.7680527567863464,25,2.777099609375,Ahmedabad,Ahmedabad_r07_c05.tif,2024,2025,REVIEW_REQUIRED,MODERATELY_CONNECTED,True,2020 -> 2021,6,PERSISTENT_CHANGE_SIGNAL,MODERATE_EVIDENCE,0.003936767578125,0.00213623046875,0.0,0.0,1.0,1.0,0.018477705441095362,False,-0.1245344877243042,0.05795111134648323,0.006826668977737427,1.1563981042654028,False,NONE_DETECTED,/content/drive/MyDrive/satellite_change_detection/masks/Ahmedabad/Ahmedabad_r07_c05_2024_2025.png,UNKNOWN,0.787,Ahmedabad_r07_c05,22.94216133768289,72.61024273387703
13.7420654296875,0.37511178851127625,0.8238998055458069,32,8.07037353515625,Ahmedabad,Ahmedabad_r07_c05.tif,2025,2026,MODERATE_STRUCTURED_CHANGE,MODERATELY_CONNECTED,True,2020 -> 2021,6,PERSISTENT_CHANGE_SIGNAL,MODERATE_EVIDENCE,0.00213623046875,0.0019989013671875,0.0,0.0,1.0,1.0,0.0269728909939269,False,0.07939302921295166,-0.13474981486797333,0.11489212512969971,1.1636363636363636,False,NONE_DETECTED,/content/drive/MyDrive/satellite_change_detection/masks/Ahmedabad/Ahmedabad_r07_c05_2025_2026.png,UNKNOWN,0.939,Ahmedabad_r07_c05,22.94216133768289,72.61024273387703
6.51092529296875,0.35970818996429443,0.8756328821182251,27,1.4251708984375,Ahmedabad,Ahmedabad_r07_c06.tif,2020,2021,REVIEW_REQUIRED,SCATTERED_CHANGE,True,2020 -> 2021,6,PERSISTENT_CHANGE_SIGNAL,TEMPORAL_ONLY_EVIDENCE,0.000579833984375,0.0001373291015625,0.0059661865234375,6.103515625e-05,1.0,1.0,0.02869913628499178,False,-0.10690498352050781,0.03907451778650284,0.0332866907119751,1.0,False,NONE_DETECTED,/content/drive/MyDrive/satellite_change_detection/masks/Ahmedabad/Ahmedabad_r07_c06_2020_2021.png,UNKNOWN,0.765,Ahmedabad_r07_c06,22.942535258140907,72.63519065962564
7.04803466796875,0.33507922291755676,0.9679732322692871,41,0.99639892578125,Ahmedabad,Ahmedabad_r07_c06.tif,2021,2022,LOW_PRIORITY_REVIEW,SCATTERED_CHANGE,True,2020 -> 2021,6,PERSISTENT_CHANGE_SIGNAL,TEMPORAL_ONLY_EVIDENCE,0.0001373291015625,0.0005950927734375,6.103515625e-05,0.000518798828125,1.0,1.0,0.07723772213863715,False,-0.13170452415943146,0.09210391342639923,0.009995490312576294,1.0,False,NONE_DETECTED,/content/drive/MyDrive/satellite_change_detection/masks/Ahmedabad/Ahmedabad_r07_c06_2021_2022.png,UNKNOWN,0.742,Ahmedabad_r07_c06,22.942535258140907,72.63519065962564
6.20880126953125,0.30215197801589966,0.9177793860435486,37,0.84991455078125,Ahmedabad,Ahmedabad_r07_c06.tif,2022,2023,LOW_PRIORITY_REVIEW,SCATTERED_CHANGE,True,2020 -> 2021,6,PERSISTENT_CHANGE_SIGNAL,TEMPORAL_ONLY_EVIDENCE,0.0005950927734375,0.00286865234375,0.000518798828125,0.0,1.0,1.0,0.03394898234260653,False,-0.0320548415184021,0.0012105144560337067,0.019079506397247314,1.0158730158730158,False,NONE_DETECTED,/content/drive/MyDrive/satellite_change_detection/masks/Ahmedabad/Ahmedabad_r07_c06_2022_2023.png,UNKNOWN,0.722,Ahmedabad_r07_c06,22.942535258140907,72.63519065962564
3.448486328125,0.33411598205566406,0.9017530679702759,28,0.92315673828125,Ahmedabad,Ahmedabad_r07_c06.tif,2023,2024,LOW_PRIORITY_REVIEW,SCATTERED_CHANGE,True,2020 -> 2021,6,PERSISTENT_CHANGE_SIGNAL,TEMPORAL_ONLY_EVIDENCE,0.00286865234375,0.0026092529296875,0.0,0.000396728515625,1.0,1.0,0.09711444587758641,False,-0.11791035532951355,0.09242989122867584,0.014722883701324463,1.0585774058577406,False,NONE_DETECTED,/content/drive/MyDrive/satellite_change_detection/masks/Ahmedabad/Ahmedabad_r07_c06_2023_2024.png,UNKNOWN,0.51,Ahmedabad_r07_c06,22.942535258140907,72.63519065962564
4.51202392578125,0.3347840905189514,0.925285816192627,38,0.457763671875,Ahmedabad,Ahmedabad_r07_c06.tif,2024,2025,LOW_PRIORITY_REVIEW,SCATTERED_CHANGE,True,2020 -> 2021,6,PERSISTENT_CHANGE_SIGNAL,TEMPORAL_ONLY_EVIDENCE,0.0026092529296875,0.001373291015625,0.000396728515625,0.0,1.0,1.0,0.06512297173580976,False,-0.07566183805465698,0.0042360275983810425,0.05399727821350098,1.2248803827751196,False,NONE_DETECTED,/content/drive/MyDrive/satellite_change_detection/masks/Ahmedabad/Ahmedabad_r07_c06_2024_2025.png,UNKNOWN,0.658,Ahmedabad_r07_c06,22.942535258140907,72.63519065962564
2.7496337890625,0.3299191892147064,1.0,25,0.45318603515625,Ahmedabad,Ahmedabad_r07_c06.tif,2025,2026,LOW_PRIORITY_REVIEW,SCATTERED_CHANGE,True,2020 -> 2021,6,PERSISTENT_CHANGE_SIGNAL,TEMPORAL_ONLY_EVIDENCE,0.001373291015625,0.00067138671875,0.0,0.0,1.0,1.0,0.02544830646160563,False,-0.1120460033416748,0.089316226541996,0.014544308185577393,1.017391304347826,False,NONE_DETECTED,/content/drive/MyDrive/satellite_change_detection/masks/Ahmedabad/Ahmedabad_r07_c06_2025_2026.png,VEHICLE_OR_ACTIVITY,0.399,Ahmedabad_r07_c06,22.942535258140907,72.63519065962564
3.75518798828125,0.31588318943977356,0.9401944875717163,32,0.47607421875,Ahmedabad,Ahmedabad_r07_c07.tif,2020,2021,LOW_PRIORITY_REVIEW,SCATTERED_CHANGE,True,2020 -> 2021,6,PERSISTENT_CHANGE_SIGNAL,TEMPORAL_ONLY_EVIDENCE,0.001861572265625,0.0009307861328125,0.0018310546875,0.0,1.0,1.0,0.02879799225105841,False,-0.08602067828178406,0.050048187375068665,0.018230944871902466,1.1689497716894977,False,NONE_DETECTED,/content/drive/MyDrive/satellite_change_detection/masks/Ahmedabad/Ahmedabad_r07_c07_2020_2021.png,UNKNOWN,0.541,Ahmedabad_r07_c07,22.94290526236592,72.66013910433708
5.5145263671875,0.30883121490478516,0.7529252767562866,42,0.74920654296875,Ahmedabad,Ahmedabad_r07_c07.tif,2021,2022,LOW_PRIORITY_REVIEW,SCATTERED_CHANGE,True,2020 -> 2021,6,PERSISTENT_CHANGE_SIGNAL,TEMPORAL_ONLY_EVIDENCE,0.0009307861328125,0.0011444091796875,0.0,0.0,1.0,1.0,0.03416456523882789,False,-0.11305567622184753,0.08622712641954422,0.004903256893157959,1.0606060606060606,False,NONE_DETECTED,/content/drive/MyDrive/satellite_change_detection/masks/Ahmedabad/Ahmedabad_r07_c07_2021_2022.png,UNKNOWN,0.723,Ahmedabad_r07_c07,22.94290526236592,72.66013910433708
5.2886962890625,0.3109897971153259,0.8364385366439819,33,1.03607177734375,Ahmedabad,Ahmedabad_r07_c07.tif,2022,2023,REVIEW_REQUIRED,SCATTERED_CHANGE,True,2020 -> 2021,6,PERSISTENT_CHANGE_SIGNAL,TEMPORAL_ONLY_EVIDENCE,0.0011444091796875,0.0024871826171875,0.0,0.0,1.0,1.0,0.041464259781330906,False,-0.08486172556877136,0.008531183004379272,0.04940935969352722,1.0290456431535269,False,NONE_DETECTED,/content/drive/MyDrive/satellite_change_detection/masks/Ahmedabad/Ahmedabad_r07_c07_2022_2023.png,UNKNOWN,0.731,Ahmedabad_r07_c07,22.94290526236592,72.66013910433708
4.461669921875,0.305625855922699,0.8563742637634277,27,0.732421875,Ahmedabad,Ahmedabad_r07_c07.tif,2023,2024,LOW_PRIORITY_REVIEW,SCATTERED_CHANGE,True,2020 -> 2021,6,PERSISTENT_CHANGE_SIGNAL,TEMPORAL_ONLY_EVIDENCE,0.0024871826171875,0.002227783203125,0.0,0.0,1.0,1.0,0.09807676488443244,False,-0.1220196932554245,0.052324943244457245,0.04316437244415283,1.0472103004291846,False,NONE_DETECTED,/content/drive/MyDrive/satellite_change_detection/masks/Ahmedabad/Ahmedabad_r07_c07_2023_2024.png,UNKNOWN,0.643,Ahmedabad_r07_c07,22.94290526236592,72.66013910433708
5.6365966796875,0.31102603673934937,0.911329984664917,33,1.0406494140625,Ahmedabad,Ahmedabad_r07_c07.tif,2024,2025,REVIEW_REQUIRED,SCATTERED_CHANGE,True,2020 -> 2021,6,PERSISTENT_CHANGE_SIGNAL,TEMPORAL_ONLY_EVIDENCE,0.002227783203125,0.0016326904296875,0.0,0.0,1.0,1.0,0.024180921146433325,False,-0.11471474170684814,0.042584098875522614,0.046271324157714844,1.0163934426229508,False,NONE_DETECTED,/content/drive/MyDrive/satellite_change_detection/masks/Ahmedabad/Ahmedabad_r07_c07_2024_2025.png,UNKNOWN,0.732,Ahmedabad_r07_c07,22.94290526236592,72.66013910433708
6.3079833984375,0.3043999671936035,0.9157344102859497,43,0.88653564453125,Ahmedabad,Ahmedabad_r07_c07.tif,2025,2026,LOW_PRIORITY_REVIEW,SCATTERED_CHANGE,True,2020 -> 2021,6,PERSISTENT_CHANGE_SIGNAL,TEMPORAL_ONLY_EVIDENCE,0.0016326904296875,0.0015106201171875,0.0,0.0,1.0,1.0,0.0644523151350135,False,-0.08849263191223145,0.06874187290668488,0.006482422351837158,1.0129870129870129,False,NONE_DETECTED,/content/drive/MyDrive/satellite_change_detection/masks/Ahmedabad/Ahmedabad_r07_c07_2025_2026.png,UNKNOWN,0.724,Ahmedabad_r07_c07,22.94290526236592,72.66013910433708
0.8697509765625,0.27977123856544495,0.4833468496799469,6,0.39215087890625,Delhi,Delhi_r00_c00.tif,2020,2021,LIKELY_NO_CHANGE,SCATTERED_CHANGE,False,2020 -> 2025,2,PERSISTENT_CHANGE_SIGNAL,TEMPORAL_ONLY_EVIDENCE,0.0004730224609375,0.0003204345703125,0.0,0.0,1.0,1.0,0.03804554501956866,False,-0.052175313234329224,0.012816904112696648,0.0189894437789917,1.1612903225806452,False,NONE_DETECTED,/content/drive/MyDrive/satellite_change_detection/masks/Delhi/Delhi_r00_c00_2020_2021.png,UNKNOWN,0.101,Delhi_r00_c00,28.696139716889437,77.11903289934004
0.8880615234375,0.3570753335952759,0.6626421213150024,7,0.31890869140625,Delhi,Delhi_r00_c00.tif,2021,2022,LIKELY_NO_CHANGE,SCATTERED_CHANGE,False,2020 -> 2025,2,PERSISTENT_CHANGE_SIGNAL,TEMPORAL_ONLY_EVIDENCE,0.0003204345703125,0.00048828125,0.0,0.0001678466796875,1.0,1.0,0.08434782634937323,False,0.24202294647693634,-0.1027955710887909,-0.12079262733459473,1.4433962264150944,False,NONE_DETECTED,/content/drive/MyDrive/satellite_change_detection/masks/Delhi/Delhi_r00_c00_2021_2022.png,VEGETATION_GAIN,0.11,Delhi_r00_c00,28.696139716889437,77.11903289934004
0.1068115234375,0.327173113822937,0.5826493501663208,2,0.06866455078125,Delhi,Delhi_r00_c00.tif,2022,2023,LIKELY_NO_CHANGE,SCATTERED_CHANGE,False,2020 -> 2025,2,PERSISTENT_CHANGE_SIGNAL,TEMPORAL_ONLY_EVIDENCE,0.00048828125,0.0005340576171875,0.0001678466796875,0.0004119873046875,1.0,1.0,0.055240872039292344,False,-0.23624321818351746,0.10822765529155731,0.09514820575714111,2.125,False,NONE_DETECTED,/content/drive/MyDrive/satellite_change_detection/masks/Delhi/Delhi_r00_c00_2022_2023.png,CONSTRUCTION,0.013,Delhi_r00_c00,28.696139716889437,77.11903289934004
0.2685546875,0.3465873599052429,0.7813369631767273,4,0.09765625,Delhi,Delhi_r00_c00.tif,2023,2024,LIKELY_NO_CHANGE,SCATTERED_CHANGE,False,2020 -> 2025,2,PERSISTENT_CHANGE_SIGNAL,TEMPORAL_ONLY_EVIDENCE,0.0005340576171875,0.0009002685546875,0.0004119873046875,0.005523681640625,1.0,1.0,0.06237467854207393,False,-0.043025463819503784,-0.0007825270295143127,0.03625461459159851,3.8421052631578947,False,NONE_DETECTED,/content/drive/MyDrive/satellite_change_detection/masks/Delhi/Delhi_r00_c00_2023_2024.png,UNKNOWN,0.033,Delhi_r00_c00,28.696139716889437,77.11903289934004
0.054931640625,0.4472965598106384,0.6022276878356934,1,0.054931640625,Delhi,Delhi_r00_c00.tif,2024,2025,LIKELY_NO_CHANGE,SCATTERED_CHANGE,False,2020 -> 2025,2,PERSISTENT_CHANGE_SIGNAL,TEMPORAL_ONLY_EVIDENCE,0.0009002685546875,0.000579833984375,0.005523681640625,0.001220703125,1.0,1.0,0.03014591851276984,False,-0.1583675593137741,-0.013126913458108902,0.11887499690055847,2.25,True,SEASONAL_VARIATION_LIKELY,/content/drive/MyDrive/satellite_change_detection/masks/Delhi/Delhi_r00_c00_2024_2025.png,UNKNOWN,0.006,Delhi_r00_c00,28.696139716889437,77.11903289934004
1.5960693359375,0.3662590980529785,0.8451112508773804,5,1.0711669921875,Delhi,Delhi_r00_c00.tif,2025,2026,REVIEW_REQUIRED,SCATTERED_CHANGE,False,2020 -> 2025,2,PERSISTENT_CHANGE_SIGNAL,TEMPORAL_ONLY_EVIDENCE,0.000579833984375,0.0011138916015625,0.001220703125,0.006195068359375,1.0,1.0,0.041324713695839725,False,-0.2781187891960144,0.13159744441509247,0.127655029296875,1.4038461538461537,False,NONE_DETECTED,/content/drive/MyDrive/satellite_change_detection/masks/Delhi/Delhi_r00_c00_2025_2026.png,CONSTRUCTION,0.205,Delhi_r00_c00,28.696139716889437,77.11903289934004
1.07879638671875,0.3976024389266968,0.9963167905807495,8,0.3509521484375,Delhi,Delhi_r00_c01.tif,2020,2021,LOW_PRIORITY_REVIEW,SCATTERED_CHANGE,False,No supported change interval,0,NO_SIGNIFICANT_CHANGE,LOW_PRIORITY_REVIEW,0.000732421875,0.000213623046875,0.0,0.0,1.0,1.0,0.055905425533817055,False,-0.06506779789924622,0.018450375646352768,0.0381828248500824,1.2418300653594772,False,NONE_DETECTED,/content/drive/MyDrive/satellite_change_detection/masks/Delhi/Delhi_r00_c01_2020_2021.png,UNKNOWN,0.088,Delhi_r00_c01,28.695726924237366,77.1452217403209
0.4119873046875,0.3678757846355438,0.852394700050354,5,0.19989013671875,Delhi,Delhi_r00_c01.tif,2021,2022,LIKELY_NO_CHANGE,SCATTERED_CHANGE,False,No supported change interval,0,NO_SIGNIFICANT_CHANGE,LOW_PRIORITY_REVIEW,0.000213623046875,0.000762939453125,0.0,0.0003509521484375,1.0,1.0,0.06704874935841049,False,0.13108225166797638,-0.04712744802236557,-0.07096311450004578,1.6635514018691588,False,NONE_DETECTED,/content/drive/MyDrive/satellite_change_detection/masks/Delhi/Delhi_r00_c01_2021_2022.png,UNKNOWN,0.032,Delhi_r00_c01,28.695726924237366,77.1452217403209
0.26092529296875,0.407301127910614,0.9526559114456177,3,0.09765625,Delhi,Delhi_r00_c01.tif,2022,2023,LIKELY_NO_CHANGE,SCATTERED_CHANGE,False,No supported change interval,0,NO_SIGNIFICANT_CHANGE,LOW_PRIORITY_REVIEW,0.000762939453125,0.0010528564453125,0.0003509521484375,0.000274658203125,1.0,1.0,0.0345495200039567,False,-0.1614820659160614,0.02482774667441845,0.07696017622947693,1.5596330275229358,True,SEASONAL_VARIATION_LIKELY,/content/drive/MyDrive/satellite_change_detection/masks/Delhi/Delhi_r00_c01_2022_2023.png,UNKNOWN,0.018,Delhi_r00_c01,28.695726924237366,77.1452217403209
0.33111572265625,0.34869396686553955,0.8026316165924072,7,0.079345703125,Delhi,Delhi_r00_c01.tif,2023,2024,LIKELY_NO_CHANGE,SCATTERED_CHANGE,False,No supported change interval,0,NO_SIGNIFICANT_CHANGE,LOW_PRIORITY_REVIEW,0.0010528564453125,0.0018768310546875,0.000274658203125,0.0010528564453125,1.0,1.0,0.05866586784309452,False,-0.027566656470298767,-0.015712011605501175,0.037276118993759155,1.4423076923076923,False,NONE_DETECTED,/content/drive/MyDrive/satellite_change_detection/masks/Delhi/Delhi_r00_c01_2023_2024.png,UNKNOWN,0.025,Delhi_r00_c01,28.695726924237366,77.1452217403209
0.03814697265625,0.24046461284160614,0.5250928401947021,1,0.03814697265625,Delhi,Delhi_r00_c01.tif,2024,2025,LIKELY_NO_CHANGE,SCATTERED_CHANGE,False,No supported change interval,0,NO_SIGNIFICANT_CHANGE,LOW_PRIORITY_REVIEW,0.0018768310546875,0.0016937255859375,0.0010528564453125,0.00238037109375,1.0,1.0,0.0370084994674889,False,0.24655064940452576,0.4092029333114624,-0.30360472202301025,1.0,False,NONE_DETECTED,/content/drive/MyDrive/satellite_change_detection/masks/Delhi/Delhi_r00_c01_2024_2025.png,UNKNOWN,0.002,Delhi_r00_c01,28.695726924237366,77.1452217403209
0.262451171875,0.3921069800853729,0.723326563835144,4,0.1251220703125,Delhi,Delhi_r00_c01.tif,2025,2026,LIKELY_NO_CHANGE,SCATTERED_CHANGE,False,No supported change interval,0,NO_SIGNIFICANT_CHANGE,LOW_PRIORITY_REVIEW,0.0016937255859375,0.001190185546875,0.00238037109375,0.0043487548828125,1.0,1.0,0.0341110218202515,False,-0.07990869879722595,0.05913686007261276,0.000615924596786499,1.7272727272727273,False,NONE_DETECTED,/content/drive/MyDrive/satellite_change_detection/masks/Delhi/Delhi_r00_c01_2025_2026.png,UNKNOWN,0.021,Delhi_r00_c01,28.695726924237366,77.1452217403209
0.60882568359375,0.3130659759044647,0.6553609371185303,6,0.3204345703125,Delhi,Delhi_r00_c02.tif,2020,2021,LIKELY_NO_CHANGE,SCATTERED_CHANGE,False,No supported change interval,0,NO_SIGNIFICANT_CHANGE,LOW_PRIORITY_REVIEW,0.000457763671875,4.57763671875e-05,0.00018310546875,0.0,1.0,1.0,0.046977575809418824,False,-0.10679423809051514,0.03446769714355469,0.02203202247619629,1.1022222222222222,False,NONE_DETECTED,/content/drive/MyDrive/satellite_change_detection/masks/Delhi/Delhi_r00_c02_2020_2021.png,UNKNOWN,0.044,Delhi_r00_c02,28.69530906918496,77.17141002774576
0.2899169921875,0.27193841338157654,0.4931296110153198,5,0.1068115234375,Delhi,Delhi_r00_c02.tif,2021,2022,LIKELY_NO_CHANGE,SCATTERED_CHANGE,False,No supported change interval,0,NO_SIGNIFICANT_CHANGE,LOW_PRIORITY_REVIEW,4.57763671875e-05,0.000457763671875,0.0,0.000274658203125,1.0,1.0,0.0599690258651341,False,0.2281222939491272,-0.11844881623983383,-0.09242027997970581,1.9213483146067416,False,NONE_DETECTED,/content/drive/MyDrive/satellite_change_detection/masks/Delhi/Delhi_r00_c02_2021_2022.png,UNKNOWN,0.02,Delhi_r00_c02,28.69530906918496,77.17141002774576
0.25634765625,0.27616333961486816,0.51646888256073,2,0.1556396484375,Delhi,Delhi_r00_c02.tif,2022,2023,LIKELY_NO_CHANGE,SCATTERED_CHANGE,False,No supported change interval,0,NO_SIGNIFICANT_CHANGE,LOW_PRIORITY_REVIEW,0.000457763671875,0.00042724609375,0.000274658203125,9.1552734375e-05,1.0,1.0,0.055408678824977756,False,-0.14062967896461487,0.11871183663606644,-0.004346996545791626,1.7397260273972603,False,NONE_DETECTED,/content/drive/MyDrive/satellite_change_detection/masks/Delhi/Delhi_r00_c02_2022_2023.png,UNKNOWN,0.018,Delhi_r00_c02,28.69530906918496,77.17141002774576
0.543212890625,0.2902233600616455,0.5719406604766846,5,0.14801025390625,Delhi,Delhi_r00_c02.tif,2023,2024,LIKELY_NO_CHANGE,SCATTERED_CHANGE,False,No supported change interval,0,NO_SIGNIFICANT_CHANGE,LOW_PRIORITY_REVIEW,0.00042724609375,0.000701904296875,9.1552734375e-05,0.0,1.0,1.0,0.06106043840008618,False,-0.17258566617965698,0.03873465955257416,0.1087217926979065,2.07,True,SEASONAL_VARIATION_LIKELY,/content/drive/MyDrive/satellite_change_detection/masks/Delhi/Delhi_r00_c02_2023_2024.png,UNKNOWN,0.031,Delhi_r00_c02,28.69530906918496,77.17141002774576
0.5340576171875,0.29514822363853455,0.5647901296615601,3,0.30517578125,Delhi,Delhi_r00_c02.tif,2024,2025,LIKELY_NO_CHANGE,SCATTERED_CHANGE,False,No supported change interval,0,NO_SIGNIFICANT_CHANGE,LOW_PRIORITY_REVIEW,0.000701904296875,0.0008392333984375,0.0,0.00079345703125,1.0,1.0,0.020827873980575413,False,0.28708416223526,-0.153255894780159,-0.08345457911491394,1.7721518987341771,False,NONE_DETECTED,/content/drive/MyDrive/satellite_change_detection/masks/Delhi/Delhi_r00_c02_2024_2025.png,UNKNOWN,0.038,Delhi_r00_c02,28.69530906918496,77.17141002774576
0.286865234375,0.3775317370891571,0.5980809926986694,3,0.1617431640625,Delhi,Delhi_r00_c02.tif,2025,2026,LIKELY_NO_CHANGE,SCATTERED_CHANGE,False,No supported change interval,0,NO_SIGNIFICANT_CHANGE,LOW_PRIORITY_REVIEW,0.0008392333984375,0.0008087158203125,0.00079345703125,0.0116729736328125,1.0,1.0,0.019793858185665356,False,0.13964198529720306,0.011492445133626461,-0.15801243484020233,1.673913043478261,False,NONE_DETECTED,/content/drive/MyDrive/satellite_change_detection/masks/Delhi/Delhi_r00_c02_2025_2026.png,UNKNOWN,0.023,Delhi_r00_c02,28.69530906918496,77.17141002774576
0.1495361328125,0.22004631161689758,0.3898790180683136,3,0.0732421875,Delhi,Delhi_r00_c03.tif,2020,2021,LIKELY_NO_CHANGE,SCATTERED_CHANGE,False,No supported change interval,0,NO_SIGNIFICANT_CHANGE,LOW_PRIORITY_REVIEW,0.000152587890625,6.103515625e-05,0.000335693359375,0.0,1.0,1.0,0.027901303998285124,False,-0.03651857376098633,0.028139209374785423,0.01780247688293457,1.1420765027322404,False,NONE_DETECTED,/content/drive/MyDrive/satellite_change_detection/masks/Delhi/Delhi_r00_c03_2020_2021.png,UNKNOWN,0.009,Delhi_r00_c03,28.6948861521278,77.19759775487707
0.140380859375,0.22012971341609955,0.35612934827804565,2,0.10223388671875,Delhi,Delhi_r00_c03.tif,2021,2022,LIKELY_NO_CHANGE,SCATTERED_CHANGE,False,No supported change interval,0,NO_SIGNIFICANT_CHANGE,LOW_PRIORITY_REVIEW,6.103515625e-05,0.0002288818359375,0.0,0.0007476806640625,1.0,1.0,0.1168020698282581,False,0.20232421159744263,-0.0729139968752861,-0.09257686138153076,2.1551724137931036,False,NONE_DETECTED,/content/drive/MyDrive/satellite_change_detection/masks/Delhi/Delhi_r00_c03_2021_2022.png,UNKNOWN,0.009,Delhi_r00_c03,28.6948861521278,77.19759775487707
0.6103515625,0.345958948135376,0.776306688785553,5,0.20904541015625,Delhi,Delhi_r00_c03.tif,2022,2023,LIKELY_NO_CHANGE,SCATTERED_CHANGE,False,No supported change interval,0,NO_SIGNIFICANT_CHANGE,LOW_PRIORITY_REVIEW,0.0002288818359375,0.000213623046875,0.0007476806640625,0.0001068115234375,1.0,1.0,0.051053048556057155,False,-0.20975062251091003,0.07229676842689514,0.08515775203704834,1.0451977401129944,False,NONE_DETECTED,/content/drive/MyDrive/satellite_change_detection/masks/Delhi/Delhi_r00_c03_2022_2023.png,UNKNOWN,0.046,Delhi_r00_c03,28.6948861521278,77.19759775487707
0.31280517578125,0.32448610663414,0.6894569396972656,3,0.140380859375,Delhi,Delhi_r00_c03.tif,2023,2024,LIKELY_NO_CHANGE,SCATTERED_CHANGE,False,No supported change interval,0,NO_SIGNIFICANT_CHANGE,LOW_PRIORITY_REVIEW,0.000213623046875,0.0003814697265625,0.0001068115234375,0.0003814697265625,1.0,1.0,0.04887294829276595,False,-0.21609549224376678,0.04010207951068878,0.1485772430896759,1.671641791044776,True,SEASONAL_VARIATION_LIKELY,/content/drive/MyDrive/satellite_change_detection/masks/Delhi/Delhi_r00_c03_2023_2024.png,UNKNOWN,0.019,Delhi_r00_c03,28.6948861521278,77.19759775487707
0.05340576171875,0.38143205642700195,0.5169115662574768,1,0.05340576171875,Delhi,Delhi_r00_c03.tif,2024,2025,LIKELY_NO_CHANGE,SCATTERED_CHANGE,False,No supported change interval,0,NO_SIGNIFICANT_CHANGE,LOW_PRIORITY_REVIEW,0.0003814697265625,0.0005340576171875,0.0003814697265625,0.0001678466796875,1.0,1.0,0.014391450603200935,False,0.22302810847759247,-0.05465298891067505,-0.1350345015525818,1.4,False,NONE_DETECTED,/content/drive/MyDrive/satellite_change_detection/masks/Delhi/Delhi_r00_c03_2024_2025.png,UNKNOWN,0.004,Delhi_r00_c03,28.6948861521278,77.19759775487707
0.0457763671875,0.3643961250782013,0.4608973562717438,1,0.0457763671875,Delhi,Delhi_r00_c03.tif,2025,2026,LIKELY_NO_CHANGE,SCATTERED_CHANGE,False,No supported change interval,0,NO_SIGNIFICANT_CHANGE,LOW_PRIORITY_REVIEW,0.0005340576171875,0.00030517578125,0.0001678466796875,0.006011962890625,1.0,1.0,0.03939039272470804,False,0.2832104563713074,-0.04731485992670059,-0.1789504587650299,1.2,True,SEASONAL_VARIATION_LIKELY,/content/drive/MyDrive/satellite_change_detection/masks/Delhi/Delhi_r00_c03_2025_2026.png,UNKNOWN,0.003,Delhi_r00_c03,28.6948861521278,77.19759775487707
3.97491455078125,0.3651341497898102,0.8681606650352478,12,1.5350341796875,Delhi,Delhi_r00_c04.tif,2020,2021,REVIEW_REQUIRED,SCATTERED_CHANGE,True,2020 -> 2021,6,PERSISTENT_CHANGE_SIGNAL,TEMPORAL_ONLY_EVIDENCE,0.0002288818359375,6.103515625e-05,0.0016937255859375,0.0,1.0,1.0,0.03519873831084424,False,-0.12730944156646729,0.1831415891647339,-0.08372896909713745,1.0603448275862069,False,NONE_DETECTED,/content/drive/MyDrive/satellite_change_detection/masks/Delhi/Delhi_r00_c04_2020_2021.png,CONSTRUCTION,0.613,Delhi_r00_c04,28.69445817346623,77.22378491497803
5.10101318359375,0.2344646155834198,0.7321828007698059,12,1.64031982421875,Delhi,Delhi_r00_c04.tif,2021,2022,REVIEW_REQUIRED,SCATTERED_CHANGE,True,2020 -> 2021,6,PERSISTENT_CHANGE_SIGNAL,TEMPORAL_ONLY_EVIDENCE,6.103515625e-05,0.00030517578125,0.0,0.0009002685546875,1.0,1.0,0.05140045522689856,False,0.2046339213848114,-0.1157204806804657,-0.05524209141731262,1.0,False,NONE_DETECTED,/content/drive/MyDrive/satellite_change_detection/masks/Delhi/Delhi_r00_c04_2021_2022.png,VEGETATION_GAIN,0.708,Delhi_r00_c04,28.69445817346623,77.22378491497803
2.04315185546875,0.358760267496109,0.9010331034660339,7,0.701904296875,Delhi,Delhi_r00_c04.tif,2022,2023,LOW_PRIORITY_REVIEW,SCATTERED_CHANGE,True,2020 -> 2021,6,PERSISTENT_CHANGE_SIGNAL,TEMPORAL_ONLY_EVIDENCE,0.00030517578125,0.0002288818359375,0.0009002685546875,4.57763671875e-05,1.0,1.0,0.10014434981802528,False,-0.045510098338127136,0.03039194643497467,0.019237235188484192,1.105263157894737,False,NONE_DETECTED,/content/drive/MyDrive/satellite_change_detection/masks/Delhi/Delhi_r00_c04_2022_2023.png,UNKNOWN,0.305,Delhi_r00_c04,28.69445817346623,77.22378491497803
2.23541259765625,0.40970104932785034,0.8862079977989197,7,0.7476806640625,Delhi,Delhi_r00_c04.tif,2023,2024,LOW_PRIORITY_REVIEW,SCATTERED_CHANGE,True,2020 -> 2021,6,PERSISTENT_CHANGE_SIGNAL,TEMPORAL_ONLY_EVIDENCE,0.0002288818359375,0.0004730224609375,4.57763671875e-05,0.00128173828125,1.0,1.0,0.1147444055258819,False,-0.1604808270931244,0.018140548840165138,0.12576180696487427,1.0579710144927537,True,SEASONAL_VARIATION_LIKELY,/content/drive/MyDrive/satellite_change_detection/masks/Delhi/Delhi_r00_c04_2023_2024.png,UNKNOWN,0.3,Delhi_r00_c04,28.69445817346623,77.22378491497803
2.63519287109375,0.3938412666320801,0.8769981861114502,5,1.11541748046875,Delhi,Delhi_r00_c04.tif,2024,2025,REVIEW_REQUIRED,SCATTERED_CHANGE,True,2020 -> 2021,6,PERSISTENT_CHANGE_SIGNAL,TEMPORAL_ONLY_EVIDENCE,0.0004730224609375,0.000335693359375,0.00128173828125,0.000885009765625,1.0,1.0,0.047584713447493446,False,0.16060340404510498,-0.008406064473092556,-0.16884566843509674,4.735849056603773,True,SEASONAL_VARIATION_LIKELY,/content/drive/MyDrive/satellite_change_detection/masks/Delhi/Delhi_r00_c04_2024_2025.png,UNKNOWN,0.3,Delhi_r00_c04,28.69445817346623,77.22378491497803
3.4912109375,0.4389776885509491,0.9522789716720581,8,2.33001708984375,Delhi,Delhi_r00_c04.tif,2025,2026,REVIEW_REQUIRED,MODERATELY_CONNECTED,True,2020 -> 2021,6,PERSISTENT_CHANGE_SIGNAL,MODERATE_EVIDENCE,0.000335693359375,0.0003814697265625,0.000885009765625,0.0057525634765625,1.0,1.0,0.03280187658813618,False,-0.1785716563463211,0.03466043993830681,0.14814424514770508,1.2135922330097086,False,NONE_DETECTED,/content/drive/MyDrive/satellite_change_detection/masks/Delhi/Delhi_r00_c04_2025_2026.png,VEGETATION_LOSS,0.564,Delhi_r00_c04,28.69445817346623,77.22378491497803
12.2222900390625,0.27630239725112915,0.813955545425415,24,2.51312255859375,Delhi,Delhi_r00_c05.tif,2020,2021,REVIEW_REQUIRED,MODERATELY_CONNECTED,True,2020 -> 2021,6,PERSISTENT_CHANGE_SIGNAL,MODERATE_EVIDENCE,0.0,0.0,3.0517578125e-05,0.0,1.0,1.0,0.13093387792455524,False,-0.06318624317646027,0.1272510439157486,-0.09321027994155884,1.0,False,NONE_DETECTED,/content/drive/MyDrive/satellite_change_detection/masks/Delhi/Delhi_r00_c05_2020_2021.png,CONSTRUCTION,0.751,Delhi_r00_c05,28.69402513360538,77.24997150131291
3.24859619140625,0.26729562878608704,0.7603311538696289,18,1.07421875,Delhi,Delhi_r00_c05.tif,2021,2022,REVIEW_REQUIRED,SCATTERED_CHANGE,True,2020 -> 2021,6,PERSISTENT_CHANGE_SIGNAL,TEMPORAL_ONLY_EVIDENCE,0.0,0.0,0.0,1.52587890625e-05,1.0,1.0,0.044728149842318043,False,0.18619737029075623,-0.07596713304519653,-0.08044809103012085,1.35,False,NONE_DETECTED,/content/drive/MyDrive/satellite_change_detection/masks/Delhi/Delhi_r00_c05_2021_2022.png,VEGETATION_GAIN,0.462,Delhi_r00_c05,28.69402513360538,77.24997150131291
4.595947265625,0.3219854235649109,0.8966714143753052,12,1.3275146484375,Delhi,Delhi_r00_c05.tif,2022,2023,REVIEW_REQUIRED,SCATTERED_CHANGE,True,2020 -> 2021,6,PERSISTENT_CHANGE_SIGNAL,TEMPORAL_ONLY_EVIDENCE,0.0,0.0,1.52587890625e-05,4.57763671875e-05,1.0,1.0,0.07679198006524625,False,-0.2631855905056,-0.010167826898396015,0.29800868034362793,1.2712765957446808,True,SEASONAL_VARIATION_LIKELY,/content/drive/MyDrive/satellite_change_detection/masks/Delhi/Delhi_r00_c05_2022_2023.png,UNKNOWN,0.3,Delhi_r00_c05,28.69402513360538,77.24997150131291
1.1138916015625,0.3196483552455902,0.7975683212280273,8,0.5096435546875,Delhi,Delhi_r00_c05.tif,2023,2024,LOW_PRIORITY_REVIEW,SCATTERED_CHANGE,False,2020 -> 2021,6,PERSISTENT_CHANGE_SIGNAL,TEMPORAL_ONLY_EVIDENCE,0.0,0.0006103515625,4.57763671875e-05,0.0003204345703125,1.0,1.0,0.06585327601735352,False,-0.1455720216035843,0.004971057176589966,0.12165319919586182,1.5515151515151515,False,NONE_DETECTED,/content/drive/MyDrive/satellite_change_detection/masks/Delhi/Delhi_r00_c05_2023_2024.png,UNKNOWN,0.161,Delhi_r00_c05,28.69402513360538,77.24997150131291
4.59136962890625,0.3522956967353821,0.8618758916854858,17,1.18865966796875,Delhi,Delhi_r00_c05.tif,2024,2025,REVIEW_REQUIRED,SCATTERED_CHANGE,True,2020 -> 2021,6,PERSISTENT_CHANGE_SIGNAL,TEMPORAL_ONLY_EVIDENCE,0.0006103515625,0.0003662109375,0.0003204345703125,0.000579833984375,1.0,1.0,0.08331783601998968,False,0.2699327766895294,0.03825125843286514,-0.30284583568573,1.4143646408839778,True,SEASONAL_VARIATION_LIKELY,/content/drive/MyDrive/satellite_change_detection/masks/Delhi/Delhi_r00_c05_2024_2025.png,UNKNOWN,0.3,Delhi_r00_c05,28.69402513360538,77.24997150131291
6.24542236328125,0.35461369156837463,0.9927767515182495,14,2.40325927734375,Delhi,Delhi_r00_c05.tif,2025,2026,REVIEW_REQUIRED,MODERATELY_CONNECTED,True,2020 -> 2021,6,PERSISTENT_CHANGE_SIGNAL,MODERATE_EVIDENCE,0.0003662109375,3.0517578125e-05,0.000579833984375,0.0095672607421875,1.0,1.0,0.083750459352359,False,-0.14335103332996368,-0.10052834451198578,0.2958942651748657,1.0756302521008403,False,NONE_DETECTED,/content/drive/MyDrive/satellite_change_detection/masks/Delhi/Delhi_r00_c05_2025_2026.png,WATER,0.787,Delhi_r00_c05,28.69402513360538,77.24997150131291
0.16326904296875,0.33644524216651917,0.689174473285675,2,0.11138916015625,Delhi,Delhi_r00_c06.tif,2020,2021,LIKELY_NO_CHANGE,SCATTERED_CHANGE,False,No supported change interval,0,NO_SIGNIFICANT_CHANGE,LOW_PRIORITY_REVIEW,0.0,0.0,0.0,0.0,1.0,1.0,0.05620791396683752,False,-0.13851794600486755,0.044280342757701874,0.06889456510543823,1.6753246753246753,False,NONE_DETECTED,/content/drive/MyDrive/satellite_change_detection/masks/Delhi/Delhi_r00_c06_2020_2021.png,UNKNOWN,0.012,Delhi_r00_c06,28.693587032955158,77.27615750714673
0.3662109375,0.3614831864833832,0.5854118466377258,5,0.1922607421875,Delhi,Delhi_r00_c06.tif,2021,2022,LIKELY_NO_CHANGE,SCATTERED_CHANGE,False,No supported change interval,0,NO_SIGNIFICANT_CHANGE,LOW_PRIORITY_REVIEW,0.0,0.0,0.0,0.0,1.0,1.0,0.1281101932384702,False,-0.023509249091148376,0.05215331166982651,-0.04388110339641571,1.7640449438202248,False,NONE_DETECTED,/content/drive/MyDrive/satellite_change_detection/masks/Delhi/Delhi_r00_c06_2021_2022.png,UNKNOWN,0.028,Delhi_r00_c06,28.693587032955158,77.27615750714673
0.115966796875,0.41976407170295715,0.7701772451400757,2,0.07781982421875,Delhi,Delhi_r00_c06.tif,2022,2023,LIKELY_NO_CHANGE,SCATTERED_CHANGE,False,No supported change interval,0,NO_SIGNIFICANT_CHANGE,LOW_PRIORITY_REVIEW,0.0,0.0,0.0,0.0,1.0,1.0,0.0567627115015173,False,-0.1112901121377945,0.018570879474282265,0.0603162944316864,3.0454545454545454,False,NONE_DETECTED,/content/drive/MyDrive/satellite_change_detection/masks/Delhi/Delhi_r00_c06_2022_2023.png,UNKNOWN,0.009,Delhi_r00_c06,28.693587032955158,77.27615750714673
0.0,0.0,0.0,0,0.0,Delhi,Delhi_r00_c06.tif,2023,2024,LIKELY_NO_CHANGE,SCATTERED_CHANGE,False,No supported change interval,0,NO_SIGNIFICANT_CHANGE,LOW_PRIORITY_REVIEW,0.0,1.52587890625e-05,0.0,0.000244140625,1.0,1.0,0.05529356180585893,False,0.0,0.0,0.0,1.0,False,NONE_DETECTED,/content/drive/MyDrive/satellite_change_detection/masks/Delhi/Delhi_r00_c06_2023_2024.png,UNKNOWN,0.0,Delhi_r00_c06,28.693587032955158,77.27615750714673
0.15106201171875,0.3560684323310852,0.6979560852050781,3,0.067138671875,Delhi,Delhi_r00_c06.tif,2024,2025,LIKELY_NO_CHANGE,SCATTERED_CHANGE,False,No supported change interval,0,NO_SIGNIFICANT_CHANGE,LOW_PRIORITY_REVIEW,1.52587890625e-05,0.000335693359375,0.000244140625,0.0,1.0,1.0,0.03387380197799107,False,0.15531465411186218,-0.10353530943393707,-0.017298609018325806,1.9732142857142858,False,NONE_DETECTED,/content/drive/MyDrive/satellite_change_detection/masks/Delhi/Delhi_r00_c06_2024_2025.png,UNKNOWN,0.011,Delhi_r00_c06,28.693587032955158,77.27615750714673
0.23651123046875,0.34602922201156616,0.7140388488769531,5,0.06256103515625,Delhi,Delhi_r00_c06.tif,2025,2026,LIKELY_NO_CHANGE,SCATTERED_CHANGE,False,No supported change interval,0,NO_SIGNIFICANT_CHANGE,LOW_PRIORITY_REVIEW,0.000335693359375,0.0001068115234375,0.0,1.52587890625e-05,1.0,1.0,0.015398631812314847,False,0.07834422588348389,-0.08453968167304993,0.028768181800842285,2.25,False,NONE_DETECTED,/content/drive/MyDrive/satellite_change_detection/masks/Delhi/Delhi_r00_c06_2025_2026.png,UNKNOWN,0.018,Delhi_r00_c06,28.693587032955158,77.27615750714673
0.30670166015625,0.3881078362464905,0.8261623382568359,3,0.1373291015625,Delhi,Delhi_r00_c07.tif,2020,2021,LIKELY_NO_CHANGE,SCATTERED_CHANGE,False,2020 -> 2025,2,PERSISTENT_CHANGE_SIGNAL,TEMPORAL_ONLY_EVIDENCE,0.0,0.0,0.0,0.0,1.0,1.0,0.024080490978600377,False,-0.003639042377471924,-0.031611472368240356,0.054442524909973145,1.3333333333333333,False,NONE_DETECTED,/content/drive/MyDrive/satellite_change_detection/masks/Delhi/Delhi_r00_c07_2020_2021.png,UNKNOWN,0.039,Delhi_r00_c07,28.69314387193023,77.30234292574546
0.4547119140625,0.4000910818576813,0.7761855125427246,4,0.2532958984375,Delhi,Delhi_r00_c07.tif,2021,2022,LIKELY_NO_CHANGE,SCATTERED_CHANGE,False,2020 -> 2025,2,PERSISTENT_CHANGE_SIGNAL,TEMPORAL_ONLY_EVIDENCE,0.0,0.000946044921875,0.0,0.0,1.0,1.0,0.03065292796344299,False,-0.18213841319084167,0.07580860704183578,0.07915517687797546,2.317073170731707,False,NONE_DETECTED,/content/drive/MyDrive/satellite_change_detection/masks/Delhi/Delhi_r00_c07_2021_2022.png,VEGETATION_LOSS,0.058,Delhi_r00_c07,28.69314387193023,77.30234292574546
0.28839111328125,0.4314785897731781,0.7609518766403198,5,0.0885009765625,Delhi,Delhi_r00_c07.tif,2022,2023,LIKELY_NO_CHANGE,SCATTERED_CHANGE,False,2020 -> 2025,2,PERSISTENT_CHANGE_SIGNAL,TEMPORAL_ONLY_EVIDENCE,0.000946044921875,0.0,0.0,0.0,1.0,1.0,0.042578623055454776,False,-0.2083170861005783,0.10645906627178192,0.06788814067840576,2.3780487804878048,False,NONE_DETECTED,/content/drive/MyDrive/satellite_change_detection/masks/Delhi/Delhi_r00_c07_2022_2023.png,CONSTRUCTION,0.037,Delhi_r00_c07,28.69314387193023,77.30234292574546
0.34332275390625,0.28718262910842896,0.7182150483131409,4,0.152587890625,Delhi,Delhi_r00_c07.tif,2023,2024,LIKELY_NO_CHANGE,SCATTERED_CHANGE,False,2020 -> 2025,2,PERSISTENT_CHANGE_SIGNAL,TEMPORAL_ONLY_EVIDENCE,0.0,1.52587890625e-05,0.0,3.0517578125e-05,1.0,1.0,0.05084670438320204,False,-0.05988742411136627,0.004094185307621956,0.03313648700714111,1.817391304347826,False,NONE_DETECTED,/content/drive/MyDrive/satellite_change_detection/masks/Delhi/Delhi_r00_c07_2023_2024.png,UNKNOWN,0.04,Delhi_r00_c07,28.69314387193023,77.30234292574546
0.5401611328125,0.4381316900253296,0.769122838973999,2,0.323486328125,Delhi,Delhi_r00_c07.tif,2024,2025,LIKELY_NO_CHANGE,SCATTERED_CHANGE,False,2020 -> 2025,2,PERSISTENT_CHANGE_SIGNAL,TEMPORAL_ONLY_EVIDENCE,1.52587890625e-05,1.52587890625e-05,3.0517578125e-05,0.0,1.0,1.0,0.029064981451500632,False,-0.09779788553714752,-0.00019984226673841476,0.11634063720703125,5.25,False,NONE_DETECTED,/content/drive/MyDrive/satellite_change_detection/masks/Delhi/Delhi_r00_c07_2024_2025.png,UNKNOWN,0.069,Delhi_r00_c07,28.69314387193023,77.30234292574546
0.49591064453125,0.3716161549091339,0.7334086894989014,6,0.2288818359375,Delhi,Delhi_r00_c07.tif,2025,2026,LIKELY_NO_CHANGE,SCATTERED_CHANGE,False,2020 -> 2025,2,PERSISTENT_CHANGE_SIGNAL,TEMPORAL_ONLY_EVIDENCE,1.52587890625e-05,0.0,0.0,0.0,1.0,1.0,0.025791721439116958,False,0.12194240093231201,-0.0762735903263092,-0.030127495527267456,1.078048780487805,False,NONE_DETECTED,/content/drive/MyDrive/satellite_change_detection/masks/Delhi/Delhi_r00_c07_2025_2026.png,UNKNOWN,0.062,Delhi_r00_c07,28.69314387193023,77.30234292574546
0.5401611328125,0.29485058784484863,0.6430680751800537,6,0.189208984375,Delhi,Delhi_r01_c00.tif,2020,2021,LIKELY_NO_CHANGE,SCATTERED_CHANGE,False,2020 -> 2024,3,PERSISTENT_CHANGE_SIGNAL,TEMPORAL_ONLY_EVIDENCE,0.0002593994140625,0.000244140625,0.0,0.0,1.0,1.0,0.06868233846244218,False,-0.14553360641002655,0.048932306468486786,0.07396221160888672,1.3543307086614174,False,NONE_DETECTED,/content/drive/MyDrive/satellite_change_detection/masks/Delhi/Delhi_r01_c00_2020_2021.png,UNKNOWN,0.076,Delhi_r01_c00,28.673048016999235,77.11856787986275
1.6815185546875,0.32099026441574097,0.9687167406082153,8,0.47607421875,Delhi,Delhi_r01_c00.tif,2021,2022,LOW_PRIORITY_REVIEW,SCATTERED_CHANGE,False,2020 -> 2024,3,PERSISTENT_CHANGE_SIGNAL,TEMPORAL_ONLY_EVIDENCE,0.000244140625,0.0003204345703125,0.0,0.005157470703125,1.0,1.0,0.09876226146959002,False,0.182806596159935,-0.11430513113737106,-0.04774045944213867,1.2043010752688172,False,NONE_DETECTED,/content/drive/MyDrive/satellite_change_detection/masks/Delhi/Delhi_r01_c00_2021_2022.png,VEGETATION_GAIN,0.243,Delhi_r01_c00,28.673048016999235,77.11856787986275
0.59967041015625,0.35399582982063293,0.7646278142929077,10,0.09765625,Delhi,Delhi_r01_c00.tif,2022,2023,LIKELY_NO_CHANGE,SCATTERED_CHANGE,False,2020 -> 2024,3,PERSISTENT_CHANGE_SIGNAL,TEMPORAL_ONLY_EVIDENCE,0.0003204345703125,0.0003509521484375,0.005157470703125,0.003448486328125,1.0,1.0,0.057017105878875096,False,-0.2164357453584671,0.09717627614736557,0.05596756935119629,1.0098522167487685,False,NONE_DETECTED,/content/drive/MyDrive/satellite_change_detection/masks/Delhi/Delhi_r01_c00_2022_2023.png,VEGETATION_LOSS,0.087,Delhi_r01_c00,28.673048016999235,77.11856787986275
1.1444091796875,0.3507441282272339,0.8694305419921875,7,0.29296875,Delhi,Delhi_r01_c00.tif,2023,2024,LOW_PRIORITY_REVIEW,SCATTERED_CHANGE,False,2020 -> 2024,3,PERSISTENT_CHANGE_SIGNAL,TEMPORAL_ONLY_EVIDENCE,0.0003509521484375,0.0009918212890625,0.003448486328125,0.001861572265625,1.0,1.0,0.06198742912450878,False,-0.05984416604042053,0.047820884734392166,0.018722593784332275,1.3125,False,NONE_DETECTED,/content/drive/MyDrive/satellite_change_detection/masks/Delhi/Delhi_r01_c00_2023_2024.png,UNKNOWN,0.168,Delhi_r01_c00,28.673048016999235,77.11856787986275
0.25177001953125,0.260736882686615,0.525795578956604,4,0.09918212890625,Delhi,Delhi_r01_c00.tif,2024,2025,LIKELY_NO_CHANGE,SCATTERED_CHANGE,False,2020 -> 2024,3,PERSISTENT_CHANGE_SIGNAL,TEMPORAL_ONLY_EVIDENCE,0.0009918212890625,0.0004425048828125,0.001861572265625,0.0046234130859375,1.0,1.0,0.03539838693263279,False,0.13274964690208435,-0.08706620335578918,-0.017872989177703857,1.3806451612903226,False,NONE_DETECTED,/content/drive/MyDrive/satellite_change_detection/masks/Delhi/Delhi_r01_c00_2024_2025.png,UNKNOWN,0.034,Delhi_r01_c00,28.673048016999235,77.11856787986275
1.2451171875,0.3219699561595917,0.9464616775512695,5,0.81787109375,Delhi,Delhi_r01_c00.tif,2025,2026,LOW_PRIORITY_REVIEW,SCATTERED_CHANGE,False,2020 -> 2024,3,PERSISTENT_CHANGE_SIGNAL,TEMPORAL_ONLY_EVIDENCE,0.0004425048828125,0.0002593994140625,0.0046234130859375,0.016143798828125,1.0,1.0,0.05990933190602257,False,-0.06629157066345215,0.0736856460571289,-0.024243265390396118,1.025974025974026,False,NONE_DETECTED,/content/drive/MyDrive/satellite_change_detection/masks/Delhi/Delhi_r01_c00_2025_2026.png,UNKNOWN,0.182,Delhi_r01_c00,28.673048016999235,77.11856787986275
0.08392333984375,0.24182730913162231,0.5471287369728088,2,0.0457763671875,Delhi,Delhi_r01_c01.tif,2020,2021,LIKELY_NO_CHANGE,SCATTERED_CHANGE,False,No supported change interval,0,NO_SIGNIFICANT_CHANGE,LOW_PRIORITY_REVIEW,0.0001068115234375,1.52587890625e-05,0.003570556640625,0.0,1.0,1.0,0.06162926145495808,False,0.03972041606903076,-0.07323666661977768,0.04199281334877014,3.024390243902439,False,NONE_DETECTED,/content/drive/MyDrive/satellite_change_detection/masks/Delhi/Delhi_r01_c01_2020_2021.png,UNKNOWN,0.005,Delhi_r01_c01,28.672635617372677,77.14475098440738
0.43792724609375,0.32205823063850403,0.6936937570571899,4,0.15106201171875,Delhi,Delhi_r01_c01.tif,2021,2022,LIKELY_NO_CHANGE,SCATTERED_CHANGE,False,No supported change interval,0,NO_SIGNIFICANT_CHANGE,LOW_PRIORITY_REVIEW,1.52587890625e-05,0.0001068115234375,0.0,0.014007568359375,1.0,1.0,0.06407494845134748,False,0.17495539784431458,-0.06988972425460815,-0.08744427561759949,1.1260504201680672,False,NONE_DETECTED,/content/drive/MyDrive/satellite_change_detection/masks/Delhi/Delhi_r01_c01_2021_2022.png,UNKNOWN,0.032,Delhi_r01_c01,28.672635617372677,77.14475098440738
0.42266845703125,0.3094141483306885,0.7249140739440918,5,0.128173828125,Delhi,Delhi_r01_c01.tif,2022,2023,LIKELY_NO_CHANGE,SCATTERED_CHANGE,False,No supported change interval,0,NO_SIGNIFICANT_CHANGE,LOW_PRIORITY_REVIEW,0.0001068115234375,0.000213623046875,0.014007568359375,0.0087127685546875,1.0,1.0,0.03420811703075657,False,-0.18502508103847504,0.08649168908596039,0.08241316676139832,1.56,False,NONE_DETECTED,/content/drive/MyDrive/satellite_change_detection/masks/Delhi/Delhi_r01_c01_2022_2023.png,UNKNOWN,0.03,Delhi_r01_c01,28.672635617372677,77.14475098440738
0.1251220703125,0.3633843958377838,0.5663709044456482,1,0.1251220703125,Delhi,Delhi_r01_c01.tif,2023,2024,LIKELY_NO_CHANGE,SCATTERED_CHANGE,False,No supported change interval,0,NO_SIGNIFICANT_CHANGE,LOW_PRIORITY_REVIEW,0.000213623046875,0.0002899169921875,0.0087127685546875,0.00494384765625,1.0,1.0,0.08289342099481523,False,-0.19532367587089539,0.035050470381975174,0.09059703350067139,1.1111111111111112,True,SEASONAL_VARIATION_LIKELY,/content/drive/MyDrive/satellite_change_detection/masks/Delhi/Delhi_r01_c01_2023_2024.png,UNKNOWN,0.008,Delhi_r01_c01,28.672635617372677,77.14475098440738
0.37841796875,0.3281709551811218,0.5011159777641296,3,0.2655029296875,Delhi,Delhi_r01_c01.tif,2024,2025,LIKELY_NO_CHANGE,SCATTERED_CHANGE,False,No supported change interval,0,NO_SIGNIFICANT_CHANGE,LOW_PRIORITY_REVIEW,0.0002899169921875,0.000457763671875,0.00494384765625,0.0186767578125,1.0,1.0,0.0405742431430162,False,0.08873012661933899,0.005044016987085342,-0.08988463878631592,1.064516129032258,False,NONE_DETECTED,/content/drive/MyDrive/satellite_change_detection/masks/Delhi/Delhi_r01_c01_2024_2025.png,UNKNOWN,0.028,Delhi_r01_c01,28.672635617372677,77.14475098440738
0.164794921875,0.27516961097717285,0.7962312698364258,3,0.0732421875,Delhi,Delhi_r01_c01.tif,2025,2026,LIKELY_NO_CHANGE,SCATTERED_CHANGE,False,No supported change interval,0,NO_SIGNIFICANT_CHANGE,LOW_PRIORITY_REVIEW,0.000457763671875,0.0003662109375,0.0186767578125,0.018524169921875,1.0,1.0,0.012710196048138719,False,-0.060710519552230835,0.061184246093034744,-0.0002448558807373047,1.1741935483870967,False,NONE_DETECTED,/content/drive/MyDrive/satellite_change_detection/masks/Delhi/Delhi_r01_c01_2025_2026.png,UNKNOWN,0.011,Delhi_r01_c01,28.672635617372677,77.14475098440738
0.27923583984375,0.31004613637924194,0.6002680063247681,4,0.14495849609375,Delhi,Delhi_r01_c02.tif,2020,2021,LIKELY_NO_CHANGE,SCATTERED_CHANGE,False,2020 -> 2026,1,SINGLE_INTERVAL_CHANGE,LOW_PRIORITY_REVIEW,0.000701904296875,0.0001220703125,0.0,0.0,1.0,1.0,0.04451711171265515,False,-0.023637115955352783,0.054248563945293427,-0.017898350954055786,1.2950819672131149,False,NONE_DETECTED,/content/drive/MyDrive/satellite_change_detection/masks/Delhi/Delhi_r01_c02_2020_2021.png,UNKNOWN,0.027,Delhi_r01_c02,28.67221816016265,77.1709335359105
0.30517578125,0.2417045384645462,0.5054726600646973,4,0.13275146484375,Delhi,Delhi_r01_c02.tif,2021,2022,LIKELY_NO_CHANGE,SCATTERED_CHANGE,False,2020 -> 2026,1,SINGLE_INTERVAL_CHANGE,LOW_PRIORITY_REVIEW,0.0001220703125,0.0011444091796875,0.0,0.00152587890625,1.0,1.0,0.06253054352282275,False,0.034270405769348145,-0.054646655917167664,0.015572577714920044,6.827586206896552,False,NONE_DETECTED,/content/drive/MyDrive/satellite_change_detection/masks/Delhi/Delhi_r01_c02_2021_2022.png,UNKNOWN,0.027,Delhi_r01_c02,28.67221816016265,77.1709335359105
0.2532958984375,0.3270464837551117,0.5770268440246582,2,0.152587890625,Delhi,Delhi_r01_c02.tif,2022,2023,LIKELY_NO_CHANGE,SCATTERED_CHANGE,False,2020 -> 2026,1,SINGLE_INTERVAL_CHANGE,LOW_PRIORITY_REVIEW,0.0011444091796875,0.0009918212890625,0.00152587890625,0.0,1.0,1.0,0.04928223194885309,False,-0.11706291139125824,0.042466118931770325,0.05235740542411804,3.2666666666666666,False,NONE_DETECTED,/content/drive/MyDrive/satellite_change_detection/masks/Delhi/Delhi_r01_c02_2022_2023.png,UNKNOWN,0.025,Delhi_r01_c02,28.67221816016265,77.1709335359105
0.189208984375,0.383243590593338,0.7192295789718628,3,0.0823974609375,Delhi,Delhi_r01_c02.tif,2023,2024,LIKELY_NO_CHANGE,SCATTERED_CHANGE,False,2020 -> 2026,1,SINGLE_INTERVAL_CHANGE,LOW_PRIORITY_REVIEW,0.0009918212890625,0.0009613037109375,0.0,0.0,1.0,1.0,0.061769579699676655,False,-0.21213746070861816,0.06570128351449966,0.08815139532089233,1.58,False,NONE_DETECTED,/content/drive/MyDrive/satellite_change_detection/masks/Delhi/Delhi_r01_c02_2023_2024.png,UNKNOWN,0.019,Delhi_r01_c02,28.67221816016265,77.1709335359105
0.26092529296875,0.27199700474739075,0.43979009985923767,3,0.1007080078125,Delhi,Delhi_r01_c02.tif,2024,2025,LIKELY_NO_CHANGE,SCATTERED_CHANGE,False,2020 -> 2026,1,SINGLE_INTERVAL_CHANGE,LOW_PRIORITY_REVIEW,0.0009613037109375,0.0008697509765625,0.0,0.0018463134765625,1.0,1.0,0.06031753893929375,False,-0.024104952812194824,0.05444721877574921,-0.03174641728401184,1.8,False,NONE_DETECTED,/content/drive/MyDrive/satellite_change_detection/masks/Delhi/Delhi_r01_c02_2024_2025.png,UNKNOWN,0.024,Delhi_r01_c02,28.67221816016265,77.1709335359105
0.10833740234375,0.2999947965145111,0.49343472719192505,2,0.0701904296875,Delhi,Delhi_r01_c02.tif,2025,2026,LIKELY_NO_CHANGE,SCATTERED_CHANGE,False,2020 -> 2026,1,SINGLE_INTERVAL_CHANGE,LOW_PRIORITY_REVIEW,0.0008697509765625,0.000518798828125,0.0018463134765625,0.00201416015625,1.0,1.0,0.0528687152701031,False,-0.13121342658996582,0.11189451068639755,-0.00978347659111023,1.238938053097345,False,NONE_DETECTED,/content/drive/MyDrive/satellite_change_detection/masks/Delhi/Delhi_r01_c02_2025_2026.png,UNKNOWN,0.01,Delhi_r01_c02,28.67221816016265,77.1709335359105
0.14495849609375,0.25234565138816833,0.4989165663719177,2,0.0762939453125,Delhi,Delhi_r01_c03.tif,2020,2021,LIKELY_NO_CHANGE,SCATTERED_CHANGE,False,No supported change interval,0,NO_SIGNIFICANT_CHANGE,LOW_PRIORITY_REVIEW,9.1552734375e-05,6.103515625e-05,0.0002899169921875,0.0,1.0,1.0,0.018341797653251387,False,0.11810660362243652,-0.10281623899936676,0.03368508815765381,3.175438596491228,False,NONE_DETECTED,/content/drive/MyDrive/satellite_change_detection/masks/Delhi/Delhi_r01_c03_2020_2021.png,UNKNOWN,0.01,Delhi_r01_c03,28.67179564576428,77.1971155276408
0.079345703125,0.25020331144332886,0.3508513867855072,1,0.079345703125,Delhi,Delhi_r01_c03.tif,2021,2022,LIKELY_NO_CHANGE,SCATTERED_CHANGE,False,No supported change interval,0,NO_SIGNIFICANT_CHANGE,LOW_PRIORITY_REVIEW,6.103515625e-05,9.1552734375e-05,0.0,0.00079345703125,1.0,1.0,0.1186664167447196,False,0.19262340664863586,-0.22989007830619812,0.21825163066387177,1.1428571428571428,False,NONE_DETECTED,/content/drive/MyDrive/satellite_change_detection/masks/Delhi/Delhi_r01_c03_2021_2022.png,UNKNOWN,0.005,Delhi_r01_c03,28.67179564576428,77.1971155276408
0.14801025390625,0.28190165758132935,0.6543010473251343,2,0.08697509765625,Delhi,Delhi_r01_c03.tif,2022,2023,LIKELY_NO_CHANGE,SCATTERED_CHANGE,False,No supported change interval,0,NO_SIGNIFICANT_CHANGE,LOW_PRIORITY_REVIEW,9.1552734375e-05,9.1552734375e-05,0.00079345703125,0.0002288818359375,1.0,1.0,0.07272941817915306,False,-0.19655519723892212,0.2361062467098236,-0.13081195950508118,1.875,False,NONE_DETECTED,/content/drive/MyDrive/satellite_change_detection/masks/Delhi/Delhi_r01_c03_2022_2023.png,UNKNOWN,0.01,Delhi_r01_c03,28.67179564576428,77.1971155276408
0.091552734375,0.3839191198348999,0.6032516956329346,2,0.05340576171875,Delhi,Delhi_r01_c03.tif,2023,2024,LIKELY_NO_CHANGE,SCATTERED_CHANGE,False,No supported change interval,0,NO_SIGNIFICANT_CHANGE,LOW_PRIORITY_REVIEW,9.1552734375e-05,0.0008697509765625,0.0002288818359375,0.0,1.0,1.0,0.05595602009968845,False,-0.08552193641662598,0.022242765873670578,0.04728373885154724,1.7142857142857142,False,NONE_DETECTED,/content/drive/MyDrive/satellite_change_detection/masks/Delhi/Delhi_r01_c03_2023_2024.png,UNKNOWN,0.007,Delhi_r01_c03,28.67179564576428,77.1971155276408
0.19073486328125,0.32294517755508423,0.6319663524627686,2,0.152587890625,Delhi,Delhi_r01_c03.tif,2024,2025,LIKELY_NO_CHANGE,SCATTERED_CHANGE,False,No supported change interval,0,NO_SIGNIFICANT_CHANGE,LOW_PRIORITY_REVIEW,0.0008697509765625,0.0008087158203125,0.0,0.0025177001953125,1.0,1.0,0.059410532566237004,False,0.20423923432826996,-0.029288336634635925,-0.11141544580459595,2.6,True,SEASONAL_VARIATION_LIKELY,/content/drive/MyDrive/satellite_change_detection/masks/Delhi/Delhi_r01_c03_2024_2025.png,UNKNOWN,0.012,Delhi_r01_c03,28.67179564576428,77.1971155276408
0.0762939453125,0.3541036546230316,0.5187811255455017,2,0.03814697265625,Delhi,Delhi_r01_c03.tif,2025,2026,LIKELY_NO_CHANGE,SCATTERED_CHANGE,False,No supported change interval,0,NO_SIGNIFICANT_CHANGE,LOW_PRIORITY_REVIEW,0.0008087158203125,0.000762939453125,0.0025177001953125,0.003692626953125,1.0,1.0,0.0338896501847308,False,0.07224893569946289,-0.08685776591300964,0.02764308452606201,3.75,False,NONE_DETECTED,/content/drive/MyDrive/satellite_change_detection/masks/Delhi/Delhi_r01_c03_2025_2026.png,UNKNOWN,0.006,Delhi_r01_c03,28.67179564576428,77.1971155276408
1.95770263671875,0.2803562879562378,0.7511708736419678,4,1.71356201171875,Delhi,Delhi_r01_c04.tif,2020,2021,REVIEW_REQUIRED,SCATTERED_CHANGE,False,2020 -> 2024,3,PERSISTENT_CHANGE_SIGNAL,TEMPORAL_ONLY_EVIDENCE,0.0001068115234375,0.0,0.000274658203125,0.0,1.0,1.0,0.01643990078434944,False,-0.21728450059890747,0.2562834918498993,-0.08277109265327454,4.235294117647059,False,NONE_DETECTED,/content/drive/MyDrive/satellite_change_detection/masks/Delhi/Delhi_r01_c04_2020_2021.png,ROAD_INFRASTRUCTURE,0.287,Delhi_r01_c04,28.671368074577423,77.22329695286781
1.055908203125,0.2193892002105713,0.647356390953064,9,0.20751953125,Delhi,Delhi_r01_c04.tif,2021,2022,LOW_PRIORITY_REVIEW,SCATTERED_CHANGE,False,2020 -> 2024,3,PERSISTENT_CHANGE_SIGNAL,TEMPORAL_ONLY_EVIDENCE,0.0,0.0001678466796875,0.0,0.00177001953125,1.0,1.0,0.11783976504037047,False,0.08361111581325531,-0.1394958794116974,0.07816709578037262,2.0689655172413794,False,NONE_DETECTED,/content/drive/MyDrive/satellite_change_detection/masks/Delhi/Delhi_r01_c04_2021_2022.png,UNKNOWN,0.14,Delhi_r01_c04,28.671368074577423,77.22329695286781
0.42572021484375,0.30802589654922485,0.6419227123260498,6,0.12969970703125,Delhi,Delhi_r01_c04.tif,2022,2023,LIKELY_NO_CHANGE,SCATTERED_CHANGE,False,2020 -> 2024,3,PERSISTENT_CHANGE_SIGNAL,TEMPORAL_ONLY_EVIDENCE,0.0001678466796875,0.0001678466796875,0.00177001953125,7.62939453125e-05,1.0,1.0,0.06425405012795668,False,-0.2506638169288635,0.09344106912612915,0.13282686471939087,2.951219512195122,False,NONE_DETECTED,/content/drive/MyDrive/satellite_change_detection/masks/Delhi/Delhi_r01_c04_2022_2023.png,VEGETATION_LOSS,0.06,Delhi_r01_c04,28.671368074577423,77.22329695286781
2.10723876953125,0.4278934895992279,0.93248450756073,8,1.53961181640625,Delhi,Delhi_r01_c04.tif,2023,2024,REVIEW_REQUIRED,SCATTERED_CHANGE,True,2020 -> 2024,3,PERSISTENT_CHANGE_SIGNAL,TEMPORAL_ONLY_EVIDENCE,0.0001678466796875,0.000396728515625,7.62939453125e-05,6.103515625e-05,1.0,1.0,0.04841015176589494,False,0.031155526638031006,0.09774205833673477,-0.1265166997909546,1.4147727272727273,False,NONE_DETECTED,/content/drive/MyDrive/satellite_change_detection/masks/Delhi/Delhi_r01_c04_2023_2024.png,UNKNOWN,0.332,Delhi_r01_c04,28.671368074577423,77.22329695286781
2.7313232421875,0.3774847686290741,0.8580280542373657,8,0.8453369140625,Delhi,Delhi_r01_c04.tif,2024,2025,LOW_PRIORITY_REVIEW,SCATTERED_CHANGE,True,2020 -> 2024,3,PERSISTENT_CHANGE_SIGNAL,TEMPORAL_ONLY_EVIDENCE,0.000396728515625,0.0003509521484375,6.103515625e-05,0.0001678466796875,1.0,1.0,0.007114784241974625,False,0.09550198912620544,-0.03863056004047394,-0.059697821736335754,1.0476190476190477,False,NONE_DETECTED,/content/drive/MyDrive/satellite_change_detection/masks/Delhi/Delhi_r01_c04_2024_2025.png,UNKNOWN,0.415,Delhi_r01_c04,28.671368074577423,77.22329695286781
2.05535888671875,0.4141916036605835,0.9052156805992126,9,1.41754150390625,Delhi,Delhi_r01_c04.tif,2025,2026,REVIEW_REQUIRED,SCATTERED_CHANGE,True,2020 -> 2024,3,PERSISTENT_CHANGE_SIGNAL,TEMPORAL_ONLY_EVIDENCE,0.0003509521484375,0.0003509521484375,0.0001678466796875,0.0030670166015625,1.0,1.0,0.0648142015052841,False,-0.20529049634933472,0.004465403035283089,0.20882001519203186,1.0163934426229508,True,SEASONAL_VARIATION_LIKELY,/content/drive/MyDrive/satellite_change_detection/masks/Delhi/Delhi_r01_c04_2025_2026.png,UNKNOWN,0.298,Delhi_r01_c04,28.671368074577423,77.22329695286781
9.87701416015625,0.30109289288520813,0.7798097133636475,20,4.64324951171875,Delhi,Delhi_r01_c05.tif,2020,2021,REVIEW_REQUIRED,MODERATELY_CONNECTED,True,2020 -> 2021,6,PERSISTENT_CHANGE_SIGNAL,MODERATE_EVIDENCE,1.52587890625e-05,1.52587890625e-05,0.0,0.0,1.0,1.0,0.0136968140884489,False,-0.1761295199394226,0.23833782970905304,-0.10162785649299622,1.0964912280701755,False,NONE_DETECTED,/content/drive/MyDrive/satellite_change_detection/masks/Delhi/Delhi_r01_c05_2020_2021.png,CONSTRUCTION,0.817,Delhi_r01_c05,28.67093544700669,77.24947780486191
7.720947265625,0.26011282205581665,0.6877716779708862,19,2.51617431640625,Delhi,Delhi_r01_c05.tif,2021,2022,REVIEW_REQUIRED,MODERATELY_CONNECTED,True,2020 -> 2021,6,PERSISTENT_CHANGE_SIGNAL,MODERATE_EVIDENCE,1.52587890625e-05,1.52587890625e-05,0.0,0.0001373291015625,1.0,1.0,0.0987759196978558,False,0.1252393126487732,-0.015270274132490158,-0.08903345465660095,1.0161943319838056,False,NONE_DETECTED,/content/drive/MyDrive/satellite_change_detection/masks/Delhi/Delhi_r01_c05_2021_2022.png,UNKNOWN,0.743,Delhi_r01_c05,28.67093544700669,77.24947780486191
6.30035400390625,0.2802291214466095,0.6961996555328369,25,1.98211669921875,Delhi,Delhi_r01_c05.tif,2022,2023,REVIEW_REQUIRED,SCATTERED_CHANGE,True,2020 -> 2021,6,PERSISTENT_CHANGE_SIGNAL,TEMPORAL_ONLY_EVIDENCE,1.52587890625e-05,1.52587890625e-05,0.0001373291015625,0.0,1.0,1.0,0.0696853838279461,False,-0.1960248053073883,0.02444292977452278,0.16462399065494537,1.0158730158730158,True,SEASONAL_VARIATION_LIKELY,/content/drive/MyDrive/satellite_change_detection/masks/Delhi/Delhi_r01_c05_2022_2023.png,UNKNOWN,0.3,Delhi_r01_c05,28.67093544700669,77.24947780486191
5.28106689453125,0.2546248435974121,0.7439266443252563,25,0.885009765625,Delhi,Delhi_r01_c05.tif,2023,2024,LOW_PRIORITY_REVIEW,SCATTERED_CHANGE,True,2020 -> 2021,6,PERSISTENT_CHANGE_SIGNAL,TEMPORAL_ONLY_EVIDENCE,1.52587890625e-05,0.000396728515625,0.0,1.52587890625e-05,1.0,1.0,0.14432383979695126,False,0.0980168879032135,-0.057421207427978516,-0.030895203351974487,1.0406504065040652,False,NONE_DETECTED,/content/drive/MyDrive/satellite_change_detection/masks/Delhi/Delhi_r01_c05_2023_2024.png,UNKNOWN,0.699,Delhi_r01_c05,28.67093544700669,77.24947780486191
7.35015869140625,0.2802419066429138,0.7361717224121094,20,3.01055908203125,Delhi,Delhi_r01_c05.tif,2024,2025,REVIEW_REQUIRED,MODERATELY_CONNECTED,True,2020 -> 2021,6,PERSISTENT_CHANGE_SIGNAL,MODERATE_EVIDENCE,0.000396728515625,1.52587890625e-05,1.52587890625e-05,0.009521484375,1.0,1.0,0.13254247891765122,False,0.006385356187820435,0.07653575390577316,-0.09143872559070587,1.0364372469635628,False,NONE_DETECTED,/content/drive/MyDrive/satellite_change_detection/masks/Delhi/Delhi_r01_c05_2024_2025.png,UNKNOWN,0.765,Delhi_r01_c05,28.67093544700669,77.24947780486191
10.87646484375,0.3096538186073303,0.8893492221832275,10,6.90460205078125,Delhi,Delhi_r01_c05.tif,2025,2026,MODERATE_STRUCTURED_CHANGE,MODERATELY_CONNECTED,True,2020 -> 2021,6,PERSISTENT_CHANGE_SIGNAL,MODERATE_EVIDENCE,1.52587890625e-05,1.52587890625e-05,0.009521484375,0.00030517578125,1.0,1.0,0.03722499222251968,False,-0.03047606348991394,-0.07345177978277206,0.13701066374778748,1.0711297071129706,False,NONE_DETECTED,/content/drive/MyDrive/satellite_change_detection/masks/Delhi/Delhi_r01_c05_2025_2026.png,UNKNOWN,0.877,Delhi_r01_c05,28.67093544700669,77.24947780486191
0.5828857421875,0.2961653470993042,0.5960388779640198,4,0.4364013671875,Delhi,Delhi_r01_c06.tif,2020,2021,LIKELY_NO_CHANGE,SCATTERED_CHANGE,False,2020 -> 2026,1,SINGLE_INTERVAL_CHANGE,LOW_PRIORITY_REVIEW,0.0,0.0,0.0,0.0,1.0,1.0,0.09708469038078237,False,-0.021277382969856262,-0.014922835864126682,0.05950784683227539,1.6263736263736264,False,NONE_DETECTED,/content/drive/MyDrive/satellite_change_detection/masks/Delhi/Delhi_r01_c06_2020_2021.png,UNKNOWN,0.055,Delhi_r01_c06,28.67049776346149,77.27565807689446
0.6195068359375,0.6630549430847168,1.0,4,0.43792724609375,Delhi,Delhi_r01_c06.tif,2021,2022,LIKELY_NO_CHANGE,SCATTERED_CHANGE,False,2020 -> 2026,1,SINGLE_INTERVAL_CHANGE,LOW_PRIORITY_REVIEW,0.0,1.52587890625e-05,0.0,0.0,1.0,1.0,0.0833977275199153,False,0.13218823075294495,-0.153167262673378,0.16942718625068665,1.448,False,NONE_DETECTED,/content/drive/MyDrive/satellite_change_detection/masks/Delhi/Delhi_r01_c06_2021_2022.png,UNKNOWN,0.065,Delhi_r01_c06,28.67049776346149,77.27565807689446
0.7080078125,0.43569520115852356,1.0,5,0.3814697265625,Delhi,Delhi_r01_c06.tif,2022,2023,LIKELY_NO_CHANGE,SCATTERED_CHANGE,False,2020 -> 2026,1,SINGLE_INTERVAL_CHANGE,LOW_PRIORITY_REVIEW,1.52587890625e-05,1.52587890625e-05,0.0,0.0,1.0,1.0,0.027028054150803,False,-0.062206387519836426,0.033964868634939194,-0.03736613690853119,1.1592356687898089,False,NONE_DETECTED,/content/drive/MyDrive/satellite_change_detection/masks/Delhi/Delhi_r01_c06_2022_2023.png,UNKNOWN,0.075,Delhi_r01_c06,28.67049776346149,77.27565807689446
0.28228759765625,0.30617526173591614,0.5088639259338379,2,0.22125244140625,Delhi,Delhi_r01_c06.tif,2023,2024,LIKELY_NO_CHANGE,SCATTERED_CHANGE,False,2020 -> 2026,1,SINGLE_INTERVAL_CHANGE,LOW_PRIORITY_REVIEW,1.52587890625e-05,0.0,0.0,0.0,1.0,1.0,0.03999738188681867,False,0.2380141168832779,0.08391527831554413,-0.39284399151802063,8.666666666666666,False,NONE_DETECTED,/content/drive/MyDrive/satellite_change_detection/masks/Delhi/Delhi_r01_c06_2023_2024.png,UNKNOWN,0.027,Delhi_r01_c06,28.67049776346149,77.27565807689446
0.0,0.0,0.0,0,0.0,Delhi,Delhi_r01_c06.tif,2024,2025,LIKELY_NO_CHANGE,SCATTERED_CHANGE,False,2020 -> 2026,1,SINGLE_INTERVAL_CHANGE,LOW_PRIORITY_REVIEW,0.0,0.0,0.0,0.0,1.0,1.0,0.025382396891132444,False,0.0,0.0,0.0,1.0,False,NONE_DETECTED,/content/drive/MyDrive/satellite_change_detection/masks/Delhi/Delhi_r01_c06_2024_2025.png,UNKNOWN,0.0,Delhi_r01_c06,28.67049776346149,77.27565807689446
0.408935546875,0.3332228660583496,0.7526726722717285,3,0.1678466796875,Delhi,Delhi_r01_c06.tif,2025,2026,LIKELY_NO_CHANGE,SCATTERED_CHANGE,False,2020 -> 2026,1,SINGLE_INTERVAL_CHANGE,LOW_PRIORITY_REVIEW,0.0,0.0001373291015625,0.0,0.0,1.0,1.0,0.0284648298791569,False,-0.2322683036327362,0.1772172600030899,-0.021514028310775757,1.5606060606060606,False,NONE_DETECTED,/content/drive/MyDrive/satellite_change_detection/masks/Delhi/Delhi_r01_c06_2025_2026.png,UNKNOWN,0.04,Delhi_r01_c06,28.67049776346149,77.27565807689446
0.7049560546875,0.3986642062664032,0.7727330327033997,5,0.30364990234375,Delhi,Delhi_r01_c07.tif,2020,2021,LIKELY_NO_CHANGE,SCATTERED_CHANGE,False,2020 -> 2025,2,PERSISTENT_CHANGE_SIGNAL,TEMPORAL_ONLY_EVIDENCE,0.001007080078125,0.00030517578125,0.0,0.0,1.0,1.0,0.021782516531890683,False,-0.024235263466835022,-0.004244230687618256,0.043321043252944946,1.1349693251533743,False,NONE_DETECTED,/content/drive/MyDrive/satellite_change_detection/masks/Delhi/Delhi_r01_c07_2020_2021.png,UNKNOWN,0.09,Delhi_r01_c07,28.67005502435597,77.30183776223761
0.96893310546875,0.3512275218963623,0.6572856903076172,7,0.39520263671875,Delhi,Delhi_r01_c07.tif,2021,2022,LIKELY_NO_CHANGE,SCATTERED_CHANGE,False,2020 -> 2025,2,PERSISTENT_CHANGE_SIGNAL,TEMPORAL_ONLY_EVIDENCE,0.00030517578125,0.0006256103515625,0.0,0.0,1.0,1.0,0.030770107482957214,False,0.18910840153694153,-0.08391548693180084,-0.08812353014945984,1.4855072463768115,False,NONE_DETECTED,/content/drive/MyDrive/satellite_change_detection/masks/Delhi/Delhi_r01_c07_2021_2022.png,VEGETATION_GAIN,0.12,Delhi_r01_c07,28.67005502435597,77.30183776223761
1.22222900390625,0.3801223933696747,0.9224012494087219,8,0.36163330078125,Delhi,Delhi_r01_c07.tif,2022,2023,LOW_PRIORITY_REVIEW,SCATTERED_CHANGE,False,2020 -> 2025,2,PERSISTENT_CHANGE_SIGNAL,TEMPORAL_ONLY_EVIDENCE,0.0006256103515625,0.0010986328125,0.0,3.0517578125e-05,1.0,1.0,0.031496762932073,False,-0.18957366049289703,0.07338723540306091,0.07848241925239563,1.312883435582822,False,NONE_DETECTED,/content/drive/MyDrive/satellite_change_detection/masks/Delhi/Delhi_r01_c07_2022_2023.png,VEGETATION_LOSS,0.155,Delhi_r01_c07,28.67005502435597,77.30183776223761
0.3143310546875,0.32330775260925293,0.6562473773956299,4,0.11749267578125,Delhi,Delhi_r01_c07.tif,2023,2024,LIKELY_NO_CHANGE,SCATTERED_CHANGE,False,2020 -> 2025,2,PERSISTENT_CHANGE_SIGNAL,TEMPORAL_ONLY_EVIDENCE,0.0010986328125,0.002197265625,3.0517578125e-05,0.000335693359375,1.0,1.0,0.038891400084605274,False,0.09269136190414429,-0.026331866160035133,-0.06233853101730347,1.4709302325581395,False,NONE_DETECTED,/content/drive/MyDrive/satellite_change_detection/masks/Delhi/Delhi_r01_c07_2023_2024.png,UNKNOWN,0.038,Delhi_r01_c07,28.67005502435597,77.30183776223761
0.7232666015625,0.3516806960105896,0.8135039806365967,4,0.53863525390625,Delhi,Delhi_r01_c07.tif,2024,2025,LIKELY_NO_CHANGE,SCATTERED_CHANGE,False,2020 -> 2025,2,PERSISTENT_CHANGE_SIGNAL,TEMPORAL_ONLY_EVIDENCE,0.002197265625,0.003326416015625,0.000335693359375,0.0,1.0,1.0,0.0332936895896015,False,-0.14851142466068268,-7.696636021137238e-05,0.16607779264450073,1.2826086956521738,False,NONE_DETECTED,/content/drive/MyDrive/satellite_change_detection/masks/Delhi/Delhi_r01_c07_2024_2025.png,WATER,0.09,Delhi_r01_c07,28.67005502435597,77.30183776223761
0.37841796875,0.33565160632133484,0.6921658515930176,5,0.10833740234375,Delhi,Delhi_r01_c07.tif,2025,2026,LIKELY_NO_CHANGE,SCATTERED_CHANGE,False,2020 -> 2025,2,PERSISTENT_CHANGE_SIGNAL,TEMPORAL_ONLY_EVIDENCE,0.003326416015625,0.0025482177734375,0.0,3.0517578125e-05,1.0,1.0,0.020535554920170274,False,0.10484984517097473,-0.005521827843040228,-0.08117884397506714,1.5323741007194245,False,NONE_DETECTED,/content/drive/MyDrive/satellite_change_detection/masks/Delhi/Delhi_r01_c07_2025_2026.png,UNKNOWN,0.046,Delhi_r01_c07,28.67005502435597,77.30183776223761
0.26397705078125,0.2787071764469147,0.5770117044448853,5,0.06866455078125,Delhi,Delhi_r02_c00.tif,2020,2021,LIKELY_NO_CHANGE,SCATTERED_CHANGE,False,No supported change interval,0,NO_SIGNIFICANT_CHANGE,LOW_PRIORITY_REVIEW,0.0005645751953125,0.000396728515625,0.0,0.0,1.0,1.0,0.011544026751668381,False,-0.07442034780979156,0.03640877828001976,0.04219570755958557,3.2666666666666666,False,NONE_DETECTED,/content/drive/MyDrive/satellite_change_detection/masks/Delhi/Delhi_r02_c00_2020_2021.png,UNKNOWN,0.018,Delhi_r02_c00,28.64995623140436,77.1181034066949
0.55694580078125,0.3542916476726532,0.68245530128479,3,0.4364013671875,Delhi,Delhi_r02_c00.tif,2021,2022,LIKELY_NO_CHANGE,SCATTERED_CHANGE,False,No supported change interval,0,NO_SIGNIFICANT_CHANGE,LOW_PRIORITY_REVIEW,0.000396728515625,0.0007476806640625,0.0,0.01605224609375,1.0,1.0,0.0956592804175096,False,-0.026118487119674683,0.041733160614967346,-0.051027774810791016,1.2032520325203253,False,NONE_DETECTED,/content/drive/MyDrive/satellite_change_detection/masks/Delhi/Delhi_r02_c00_2021_2022.png,UNKNOWN,0.043,Delhi_r02_c00,28.64995623140436,77.1181034066949
0.6622314453125,0.3389532268047333,0.7189245223999023,7,0.14495849609375,Delhi,Delhi_r02_c00.tif,2022,2023,LIKELY_NO_CHANGE,SCATTERED_CHANGE,False,No supported change interval,0,NO_SIGNIFICANT_CHANGE,LOW_PRIORITY_REVIEW,0.0007476806640625,0.0002288818359375,0.01605224609375,0.00946044921875,1.0,1.0,0.038895554056627514,False,-0.30002471804618835,0.12578150629997253,0.151487797498703,1.6940298507462686,False,NONE_DETECTED,/content/drive/MyDrive/satellite_change_detection/masks/Delhi/Delhi_r02_c00_2022_2023.png,UNKNOWN,0.049,Delhi_r02_c00,28.64995623140436,77.1181034066949
0.78125,0.3679288327693939,0.7705198526382446,5,0.35247802734375,Delhi,Delhi_r02_c00.tif,2023,2024,LIKELY_NO_CHANGE,SCATTERED_CHANGE,False,No supported change interval,0,NO_SIGNIFICANT_CHANGE,LOW_PRIORITY_REVIEW,0.0002288818359375,0.0003814697265625,0.00946044921875,0.0063629150390625,1.0,1.0,0.13310174341252967,False,-0.06978961825370789,0.10084471106529236,-0.022096633911132812,1.06,False,NONE_DETECTED,/content/drive/MyDrive/satellite_change_detection/masks/Delhi/Delhi_r02_c00_2023_2024.png,UNKNOWN,0.061,Delhi_r02_c00,28.64995623140436,77.1181034066949
0.24871826171875,0.2295096516609192,0.4869374930858612,4,0.11444091796875,Delhi,Delhi_r02_c00.tif,2024,2025,LIKELY_NO_CHANGE,SCATTERED_CHANGE,False,No supported change interval,0,NO_SIGNIFICANT_CHANGE,LOW_PRIORITY_REVIEW,0.0003814697265625,0.000152587890625,0.0063629150390625,0.011260986328125,1.0,1.0,0.03049269022885219,False,0.37896794080734253,-0.19426411390304565,-0.18612606823444366,1.3529411764705883,False,NONE_DETECTED,/content/drive/MyDrive/satellite_change_detection/masks/Delhi/Delhi_r02_c00_2024_2025.png,UNKNOWN,0.016,Delhi_r02_c00,28.64995623140436,77.1181034066949
0.5645751953125,0.32053259015083313,0.7606464624404907,2,0.37994384765625,Delhi,Delhi_r02_c00.tif,2025,2026,LIKELY_NO_CHANGE,SCATTERED_CHANGE,False,No supported change interval,0,NO_SIGNIFICANT_CHANGE,LOW_PRIORITY_REVIEW,0.000152587890625,0.0003204345703125,0.011260986328125,0.0172576904296875,1.0,1.0,0.04333937343185932,False,-0.38657379150390625,0.21584759652614594,0.1298743188381195,4.0344827586206895,False,NONE_DETECTED,/content/drive/MyDrive/satellite_change_detection/masks/Delhi/Delhi_r02_c00_2025_2026.png,UNKNOWN,0.042,Delhi_r02_c00,28.64995623140436,77.1181034066949
3.18756103515625,0.3205620050430298,0.8575660586357117,11,0.96588134765625,Delhi,Delhi_r02_c01.tif,2020,2021,LOW_PRIORITY_REVIEW,SCATTERED_CHANGE,True,2020 -> 2021,6,PERSISTENT_CHANGE_SIGNAL,TEMPORAL_ONLY_EVIDENCE,0.000396728515625,0.0001220703125,0.0,0.0,1.0,1.0,0.03317649751038334,False,-0.004755526781082153,-0.05696137994527817,0.062088221311569214,1.2610837438423645,False,NONE_DETECTED,/content/drive/MyDrive/satellite_change_detection/masks/Delhi/Delhi_r02_c01_2020_2021.png,UNKNOWN,0.468,Delhi_r02_c01,28.649544224635267,77.14428078153549
1.824951171875,0.2985442280769348,0.7037720084190369,12,0.701904296875,Delhi,Delhi_r02_c01.tif,2021,2022,LOW_PRIORITY_REVIEW,SCATTERED_CHANGE,False,2020 -> 2021,6,PERSISTENT_CHANGE_SIGNAL,TEMPORAL_ONLY_EVIDENCE,0.0001220703125,0.00054931640625,0.0,1.52587890625e-05,1.0,1.0,0.06348122357898597,False,0.05074825882911682,-0.0005725771188735962,-0.08708888292312622,1.1538461538461537,False,NONE_DETECTED,/content/drive/MyDrive/satellite_change_detection/masks/Delhi/Delhi_r02_c01_2021_2022.png,UNKNOWN,0.262,Delhi_r02_c01,28.649544224635267,77.14428078153549
2.008056640625,0.2988010048866272,0.6570895910263062,18,0.3265380859375,Delhi,Delhi_r02_c01.tif,2022,2023,LOW_PRIORITY_REVIEW,SCATTERED_CHANGE,True,2020 -> 2021,6,PERSISTENT_CHANGE_SIGNAL,TEMPORAL_ONLY_EVIDENCE,0.00054931640625,0.0001068115234375,1.52587890625e-05,4.57763671875e-05,1.0,1.0,0.023260591725029756,False,-0.11616575717926025,0.10351251065731049,0.014350354671478271,1.1782178217821782,False,NONE_DETECTED,/content/drive/MyDrive/satellite_change_detection/masks/Delhi/Delhi_r02_c01_2022_2023.png,CONSTRUCTION,0.284,Delhi_r02_c01,28.649544224635267,77.14428078153549
1.5472412109375,0.30438652634620667,0.9292899370193481,14,0.46844482421875,Delhi,Delhi_r02_c01.tif,2023,2024,LOW_PRIORITY_REVIEW,SCATTERED_CHANGE,False,2020 -> 2021,6,PERSISTENT_CHANGE_SIGNAL,TEMPORAL_ONLY_EVIDENCE,0.0001068115234375,0.000335693359375,4.57763671875e-05,0.0001983642578125,1.0,1.0,0.074067652004515,False,0.10226616263389587,-0.10792653262615204,0.001398235559463501,1.037037037037037,False,NONE_DETECTED,/content/drive/MyDrive/satellite_change_detection/masks/Delhi/Delhi_r02_c01_2023_2024.png,UNKNOWN,0.221,Delhi_r02_c01,28.649544224635267,77.14428078153549
2.8167724609375,0.31115370988845825,0.6693745851516724,16,0.9063720703125,Delhi,Delhi_r02_c01.tif,2024,2025,LOW_PRIORITY_REVIEW,SCATTERED_CHANGE,True,2020 -> 2021,6,PERSISTENT_CHANGE_SIGNAL,TEMPORAL_ONLY_EVIDENCE,0.000335693359375,0.0003662109375,0.0001983642578125,0.0008392333984375,1.0,1.0,0.04843801355437086,False,-0.10708281397819519,0.08549889922142029,0.022886067628860474,1.2311827956989247,False,NONE_DETECTED,/content/drive/MyDrive/satellite_change_detection/masks/Delhi/Delhi_r02_c01_2024_2025.png,UNKNOWN,0.41,Delhi_r02_c01,28.649544224635267,77.14428078153549
2.11944580078125,0.33481377363204956,0.8009090423583984,14,0.4486083984375,Delhi,Delhi_r02_c01.tif,2025,2026,LOW_PRIORITY_REVIEW,SCATTERED_CHANGE,True,2020 -> 2021,6,PERSISTENT_CHANGE_SIGNAL,TEMPORAL_ONLY_EVIDENCE,0.0003662109375,0.000244140625,0.0008392333984375,0.0009613037109375,1.0,1.0,0.045715692643307076,False,0.06308212876319885,-0.06579189002513885,0.011531680822372437,1.062240663900415,False,NONE_DETECTED,/content/drive/MyDrive/satellite_change_detection/masks/Delhi/Delhi_r02_c01_2025_2026.png,UNKNOWN,0.309,Delhi_r02_c01,28.649544224635267,77.14428078153549
0.66070556640625,0.3075617253780365,0.6726312637329102,6,0.177001953125,Delhi,Delhi_r02_c02.tif,2020,2021,LIKELY_NO_CHANGE,SCATTERED_CHANGE,False,No supported change interval,0,NO_SIGNIFICANT_CHANGE,LOW_PRIORITY_REVIEW,0.0,0.0,0.0007781982421875,0.0,1.0,1.0,0.024986911318635972,False,0.03687122464179993,-0.06668888032436371,0.02299615740776062,1.0081967213114753,False,NONE_DETECTED,/content/drive/MyDrive/satellite_change_detection/masks/Delhi/Delhi_r02_c02_2020_2021.png,UNKNOWN,0.047,Delhi_r02_c02,28.64912716509757,77.17045760384823
0.2716064453125,0.2093876451253891,0.468379408121109,3,0.12969970703125,Delhi,Delhi_r02_c02.tif,2021,2022,LIKELY_NO_CHANGE,SCATTERED_CHANGE,False,No supported change interval,0,NO_SIGNIFICANT_CHANGE,LOW_PRIORITY_REVIEW,0.0,0.0,0.0,0.0036163330078125,1.0,1.0,0.07414038686003449,False,0.28506770730018616,-0.16729497909545898,-0.09311029314994812,1.4462809917355373,False,NONE_DETECTED,/content/drive/MyDrive/satellite_change_detection/masks/Delhi/Delhi_r02_c02_2021_2022.png,UNKNOWN,0.017,Delhi_r02_c02,28.64912716509757,77.17045760384823
0.3265380859375,0.29044508934020996,0.46353811025619507,5,0.15106201171875,Delhi,Delhi_r02_c02.tif,2022,2023,LIKELY_NO_CHANGE,SCATTERED_CHANGE,False,No supported change interval,0,NO_SIGNIFICANT_CHANGE,LOW_PRIORITY_REVIEW,0.0,1.52587890625e-05,0.0036163330078125,0.000244140625,1.0,1.0,0.015525785364103562,False,0.09995457530021667,-0.1741108000278473,0.07281056046485901,1.453416149068323,False,NONE_DETECTED,/content/drive/MyDrive/satellite_change_detection/masks/Delhi/Delhi_r02_c02_2022_2023.png,UNKNOWN,0.023,Delhi_r02_c02,28.64912716509757,77.17045760384823
0.927734375,0.32842928171157837,0.7469812631607056,8,0.2410888671875,Delhi,Delhi_r02_c02.tif,2023,2024,LIKELY_NO_CHANGE,SCATTERED_CHANGE,False,No supported change interval,0,NO_SIGNIFICANT_CHANGE,LOW_PRIORITY_REVIEW,1.52587890625e-05,3.0517578125e-05,0.000244140625,0.000457763671875,1.0,1.0,0.07548328192610078,False,-0.1696149706840515,0.15082281827926636,-0.02013874053955078,2.6744186046511627,False,NONE_DETECTED,/content/drive/MyDrive/satellite_change_detection/masks/Delhi/Delhi_r02_c02_2023_2024.png,UNKNOWN,0.069,Delhi_r02_c02,28.64912716509757,77.17045760384823
0.9124755859375,0.3256925344467163,0.753164529800415,7,0.4180908203125,Delhi,Delhi_r02_c02.tif,2024,2025,LIKELY_NO_CHANGE,SCATTERED_CHANGE,False,No supported change interval,0,NO_SIGNIFICANT_CHANGE,LOW_PRIORITY_REVIEW,3.0517578125e-05,4.57763671875e-05,0.000457763671875,0.0023651123046875,1.0,1.0,0.02940797322291882,False,0.14045047760009766,-0.1283014565706253,0.02064692974090576,1.7162162162162162,False,NONE_DETECTED,/content/drive/MyDrive/satellite_change_detection/masks/Delhi/Delhi_r02_c02_2024_2025.png,UNKNOWN,0.068,Delhi_r02_c02,28.64912716509757,77.17045760384823
0.537109375,0.303348571062088,0.7144253849983215,5,0.15869140625,Delhi,Delhi_r02_c02.tif,2025,2026,LIKELY_NO_CHANGE,SCATTERED_CHANGE,False,No supported change interval,0,NO_SIGNIFICANT_CHANGE,LOW_PRIORITY_REVIEW,4.57763671875e-05,6.103515625e-05,0.0023651123046875,0.0088043212890625,1.0,1.0,0.07750366887035536,False,-0.19289961457252502,0.1770307570695877,-0.005819648504257202,1.9292035398230087,False,NONE_DETECTED,/content/drive/MyDrive/satellite_change_detection/masks/Delhi/Delhi_r02_c02_2025_2026.png,UNKNOWN,0.038,Delhi_r02_c02,28.64912716509757,77.17045760384823
0.15869140625,0.3456389307975769,0.4871249496936798,1,0.15869140625,Delhi,Delhi_r02_c03.tif,2020,2021,LIKELY_NO_CHANGE,SCATTERED_CHANGE,False,No supported change interval,0,NO_SIGNIFICANT_CHANGE,LOW_PRIORITY_REVIEW,6.103515625e-05,7.62939453125e-05,0.0002593994140625,0.0,1.0,1.0,0.02805424752114966,False,0.23545607924461365,-0.14891892671585083,-0.029110461473464966,1.1,False,NONE_DETECTED,/content/drive/MyDrive/satellite_change_detection/masks/Delhi/Delhi_r02_c03_2020_2021.png,UNKNOWN,0.012,Delhi_r02_c03,28.64870505318589,77.19663386690804
0.09765625,0.26370787620544434,0.4114477336406708,1,0.09765625,Delhi,Delhi_r02_c03.tif,2021,2022,LIKELY_NO_CHANGE,SCATTERED_CHANGE,False,No supported change interval,0,NO_SIGNIFICANT_CHANGE,LOW_PRIORITY_REVIEW,7.62939453125e-05,0.0001068115234375,0.0,0.0020599365234375,1.0,1.0,0.08664405108124504,False,0.28860461711883545,-0.13862408697605133,-0.08049434423446655,1.625,False,NONE_DETECTED,/content/drive/MyDrive/satellite_change_detection/masks/Delhi/Delhi_r02_c03_2021_2022.png,UNKNOWN,0.007,Delhi_r02_c03,28.64870505318589,77.19663386690804
0.3265380859375,0.29055553674697876,0.7439543008804321,4,0.09613037109375,Delhi,Delhi_r02_c03.tif,2022,2023,LIKELY_NO_CHANGE,SCATTERED_CHANGE,False,No supported change interval,0,NO_SIGNIFICANT_CHANGE,LOW_PRIORITY_REVIEW,0.0001068115234375,0.000152587890625,0.0020599365234375,0.0003814697265625,1.0,1.0,0.044591500510430766,False,-0.24506404995918274,0.17082682251930237,0.028151273727416992,1.887218045112782,False,NONE_DETECTED,/content/drive/MyDrive/satellite_change_detection/masks/Delhi/Delhi_r02_c03_2022_2023.png,UNKNOWN,0.023,Delhi_r02_c03,28.64870505318589,77.19663386690804
0.03814697265625,0.44455868005752563,0.6873453855514526,1,0.03814697265625,Delhi,Delhi_r02_c03.tif,2023,2024,LIKELY_NO_CHANGE,SCATTERED_CHANGE,False,No supported change interval,0,NO_SIGNIFICANT_CHANGE,LOW_PRIORITY_REVIEW,0.000152587890625,0.0009307861328125,0.0003814697265625,0.00067138671875,1.0,1.0,0.0699245257994518,False,-0.16803522408008575,0.020097387954592705,0.08634158968925476,1.0,True,SEASONAL_VARIATION_LIKELY,/content/drive/MyDrive/satellite_change_detection/masks/Delhi/Delhi_r02_c03_2023_2024.png,UNKNOWN,0.003,Delhi_r02_c03,28.64870505318589,77.19663386690804
0.469970703125,0.2687259614467621,0.6919468641281128,3,0.29296875,Delhi,Delhi_r02_c03.tif,2024,2025,LIKELY_NO_CHANGE,SCATTERED_CHANGE,False,No supported change interval,0,NO_SIGNIFICANT_CHANGE,LOW_PRIORITY_REVIEW,0.0009307861328125,0.0008544921875,0.00067138671875,0.0032958984375,1.0,1.0,0.06738057322806987,False,-0.152959406375885,0.05946112796664238,0.01536664366722107,1.7634408602150538,False,NONE_DETECTED,/content/drive/MyDrive/satellite_change_detection/masks/Delhi/Delhi_r02_c03_2024_2025.png,UNKNOWN,0.032,Delhi_r02_c03,28.64870505318589,77.19663386690804
0.2960205078125,0.32011231780052185,0.6752612590789795,3,0.1861572265625,Delhi,Delhi_r02_c03.tif,2025,2026,LIKELY_NO_CHANGE,SCATTERED_CHANGE,False,No supported change interval,0,NO_SIGNIFICANT_CHANGE,LOW_PRIORITY_REVIEW,0.0008544921875,0.0007476806640625,0.0032958984375,0.0053558349609375,1.0,1.0,0.06694341668669991,False,-0.11425331234931946,0.08378481864929199,-0.008967012166976929,1.3669064748201438,False,NONE_DETECTED,/content/drive/MyDrive/satellite_change_detection/masks/Delhi/Delhi_r02_c03_2025_2026.png,UNKNOWN,0.022,Delhi_r02_c03,28.64870505318589,77.19663386690804
0.091552734375,0.47498619556427,0.7253053188323975,1,0.091552734375,Delhi,Delhi_r02_c04.tif,2020,2021,LIKELY_NO_CHANGE,SCATTERED_CHANGE,False,No supported change interval,0,NO_SIGNIFICANT_CHANGE,LOW_PRIORITY_REVIEW,0.0001983642578125,0.0,0.0005340576171875,0.0,1.0,1.0,0.03382741674909557,False,-0.02610567957162857,0.09906274080276489,-0.051057085394859314,2.1666666666666665,False,NONE_DETECTED,/content/drive/MyDrive/satellite_change_detection/masks/Delhi/Delhi_r02_c04_2020_2021.png,UNKNOWN,0.007,Delhi_r02_c04,28.648277889299568,77.22280956399064
0.0,0.0,0.0,0,0.0,Delhi,Delhi_r02_c04.tif,2021,2022,LIKELY_NO_CHANGE,SCATTERED_CHANGE,False,No supported change interval,0,NO_SIGNIFICANT_CHANGE,LOW_PRIORITY_REVIEW,0.0,0.0003814697265625,0.0,0.00030517578125,1.0,1.0,0.06501657322465412,False,0.0,0.0,0.0,1.0,False,NONE_DETECTED,/content/drive/MyDrive/satellite_change_detection/masks/Delhi/Delhi_r02_c04_2021_2022.png,UNKNOWN,0.0,Delhi_r02_c04,28.648277889299568,77.22280956399064
0.26397705078125,0.3874063789844513,0.9308338761329651,3,0.1007080078125,Delhi,Delhi_r02_c04.tif,2022,2023,LIKELY_NO_CHANGE,SCATTERED_CHANGE,False,No supported change interval,0,NO_SIGNIFICANT_CHANGE,LOW_PRIORITY_REVIEW,0.0003814697265625,0.0,0.00030517578125,0.0002899169921875,1.0,1.0,0.03258135051473403,False,-0.0959707647562027,0.006707925349473953,0.07582876086235046,1.4485294117647058,False,NONE_DETECTED,/content/drive/MyDrive/satellite_change_detection/masks/Delhi/Delhi_r02_c04_2022_2023.png,UNKNOWN,0.021,Delhi_r02_c04,28.648277889299568,77.22280956399064
0.0,0.0,0.0,0,0.0,Delhi,Delhi_r02_c04.tif,2023,2024,LIKELY_NO_CHANGE,SCATTERED_CHANGE,False,No supported change interval,0,NO_SIGNIFICANT_CHANGE,LOW_PRIORITY_REVIEW,0.0,0.000640869140625,0.0002899169921875,0.000518798828125,1.0,1.0,0.04527030680995036,False,0.0,0.0,0.0,1.0,False,NONE_DETECTED,/content/drive/MyDrive/satellite_change_detection/masks/Delhi/Delhi_r02_c04_2023_2024.png,UNKNOWN,0.0,Delhi_r02_c04,28.648277889299568,77.22280956399064
0.05950927734375,0.44340673089027405,0.6571056842803955,1,0.05950927734375,Delhi,Delhi_r02_c04.tif,2024,2025,LIKELY_NO_CHANGE,SCATTERED_CHANGE,False,No supported change interval,0,NO_SIGNIFICANT_CHANGE,LOW_PRIORITY_REVIEW,0.000640869140625,0.000152587890625,0.000518798828125,0.0010223388671875,1.0,1.0,0.03050433838046066,False,0.003345247358083725,0.007210835814476013,-0.0024317800998687744,1.1666666666666667,False,NONE_DETECTED,/content/drive/MyDrive/satellite_change_detection/masks/Delhi/Delhi_r02_c04_2024_2025.png,UNKNOWN,0.005,Delhi_r02_c04,28.648277889299568,77.22280956399064
0.1953125,0.4005633592605591,0.7727608680725098,2,0.15716552734375,Delhi,Delhi_r02_c04.tif,2025,2026,LIKELY_NO_CHANGE,SCATTERED_CHANGE,False,No supported change interval,0,NO_SIGNIFICANT_CHANGE,LOW_PRIORITY_REVIEW,0.000152587890625,0.00103759765625,0.0010223388671875,0.00054931640625,1.0,1.0,0.042847286379545865,False,-0.22903549671173096,0.1106514260172844,0.07056796550750732,1.1666666666666667,False,NONE_DETECTED,/content/drive/MyDrive/satellite_change_detection/masks/Delhi/Delhi_r02_c04_2025_2026.png,UNKNOWN,0.016,Delhi_r02_c04,28.648277889299568,77.22280956399064
2.47650146484375,0.293175607919693,0.6692525148391724,8,1.6448974609375,Delhi,Delhi_r02_c05.tif,2020,2021,REVIEW_REQUIRED,SCATTERED_CHANGE,True,2020 -> 2021,6,PERSISTENT_CHANGE_SIGNAL,TEMPORAL_ONLY_EVIDENCE,0.0,0.0,0.0003509521484375,0.0,1.0,1.0,0.06285663924019229,False,-0.22968387603759766,0.10384228825569153,0.12317714095115662,1.2167487684729064,False,NONE_DETECTED,/content/drive/MyDrive/satellite_change_detection/masks/Delhi/Delhi_r02_c05_2020_2021.png,CONSTRUCTION,0.365,Delhi_r02_c05,28.64784567384273,77.24898468837269
0.8392333984375,0.2754691541194916,0.7903198599815369,10,0.19378662109375,Delhi,Delhi_r02_c05.tif,2021,2022,LIKELY_NO_CHANGE,SCATTERED_CHANGE,False,2020 -> 2021,6,PERSISTENT_CHANGE_SIGNAL,TEMPORAL_ONLY_EVIDENCE,0.0,0.0001068115234375,0.0,0.00067138671875,1.0,1.0,0.05433210895180734,False,0.08531433343887329,-0.02810802310705185,-0.022465169429779053,1.4393939393939394,False,NONE_DETECTED,/content/drive/MyDrive/satellite_change_detection/masks/Delhi/Delhi_r02_c05_2021_2022.png,UNKNOWN,0.116,Delhi_r02_c05,28.64784567384273,77.24898468837269
1.507568359375,0.30333709716796875,0.7763493061065674,11,0.3570556640625,Delhi,Delhi_r02_c05.tif,2022,2023,LOW_PRIORITY_REVIEW,SCATTERED_CHANGE,False,2020 -> 2021,6,PERSISTENT_CHANGE_SIGNAL,TEMPORAL_ONLY_EVIDENCE,0.0001068115234375,9.1552734375e-05,0.00067138671875,1.52587890625e-05,1.0,1.0,0.06798352592335191,False,-0.14286184310913086,0.05065763741731644,0.06183898448944092,1.161137440758294,False,NONE_DETECTED,/content/drive/MyDrive/satellite_change_detection/masks/Delhi/Delhi_r02_c05_2022_2023.png,UNKNOWN,0.214,Delhi_r02_c05,28.64784567384273,77.24898468837269
2.41851806640625,0.3333365023136139,0.6839388608932495,11,0.87432861328125,Delhi,Delhi_r02_c05.tif,2023,2024,LOW_PRIORITY_REVIEW,SCATTERED_CHANGE,True,2020 -> 2021,6,PERSISTENT_CHANGE_SIGNAL,TEMPORAL_ONLY_EVIDENCE,9.1552734375e-05,0.000274658203125,1.52587890625e-05,0.000152587890625,1.0,1.0,0.10816246367441645,False,-0.16158783435821533,0.0653570294380188,0.07452228665351868,1.9035087719298245,False,NONE_DETECTED,/content/drive/MyDrive/satellite_change_detection/masks/Delhi/Delhi_r02_c05_2023_2024.png,VEGETATION_LOSS,0.357,Delhi_r02_c05,28.64784567384273,77.24898468837269
2.886962890625,0.38103821873664856,0.9581669569015503,18,0.439453125,Delhi,Delhi_r02_c05.tif,2024,2025,LOW_PRIORITY_REVIEW,SCATTERED_CHANGE,True,2020 -> 2021,6,PERSISTENT_CHANGE_SIGNAL,TEMPORAL_ONLY_EVIDENCE,0.000274658203125,0.0002288818359375,0.000152587890625,0.0115509033203125,1.0,1.0,0.05046336913889244,False,0.06378039717674255,0.03755883499979973,-0.10647249221801758,1.2596685082872927,False,NONE_DETECTED,/content/drive/MyDrive/satellite_change_detection/masks/Delhi/Delhi_r02_c05_2024_2025.png,UNKNOWN,0.434,Delhi_r02_c05,28.64784567384273,77.24898468837269
2.362060546875,0.36566561460494995,0.946889340877533,11,0.76751708984375,Delhi,Delhi_r02_c05.tif,2025,2026,LOW_PRIORITY_REVIEW,SCATTERED_CHANGE,True,2020 -> 2021,6,PERSISTENT_CHANGE_SIGNAL,TEMPORAL_ONLY_EVIDENCE,0.0002288818359375,0.0005950927734375,0.0115509033203125,0.0007476806640625,1.0,1.0,0.03286128044087389,False,0.023775935173034668,-0.052949681878089905,0.05081886053085327,1.0294117647058822,False,NONE_DETECTED,/content/drive/MyDrive/satellite_change_detection/masks/Delhi/Delhi_r02_c05_2025_2026.png,UNKNOWN,0.355,Delhi_r02_c05,28.64784567384273,77.24898468837269
0.9124755859375,0.305158406496048,0.5588005781173706,4,0.42877197265625,Delhi,Delhi_r02_c06.tif,2020,2021,LIKELY_NO_CHANGE,SCATTERED_CHANGE,False,2020 -> 2023,4,PERSISTENT_CHANGE_SIGNAL,TEMPORAL_ONLY_EVIDENCE,0.0006866455078125,0.00054931640625,0.000152587890625,0.0,1.0,1.0,0.06363739260986097,False,-0.11180877685546875,0.12520094215869904,-0.03919416666030884,2.246376811594203,False,NONE_DETECTED,/content/drive/MyDrive/satellite_change_detection/masks/Delhi/Delhi_r02_c06_2020_2021.png,CONSTRUCTION,0.13,Delhi_r02_c06,28.64740840722429,77.27515923333172
2.0294189453125,0.2955563962459564,0.6817322969436646,7,0.77972412109375,Delhi,Delhi_r02_c06.tif,2021,2022,LOW_PRIORITY_REVIEW,SCATTERED_CHANGE,True,2020 -> 2023,4,PERSISTENT_CHANGE_SIGNAL,TEMPORAL_ONLY_EVIDENCE,0.00054931640625,0.0005950927734375,0.0,0.0001983642578125,1.0,1.0,0.06184884453070615,False,0.11892572045326233,-0.058827877044677734,-0.03184998035430908,1.3563218390804597,False,NONE_DETECTED,/content/drive/MyDrive/satellite_change_detection/masks/Delhi/Delhi_r02_c06_2021_2022.png,UNKNOWN,0.291,Delhi_r02_c06,28.64740840722429,77.27515923333172
2.77862548828125,0.28509142994880676,0.6154391765594482,9,1.13677978515625,Delhi,Delhi_r02_c06.tif,2022,2023,REVIEW_REQUIRED,SCATTERED_CHANGE,True,2020 -> 2023,4,PERSISTENT_CHANGE_SIGNAL,TEMPORAL_ONLY_EVIDENCE,0.0005950927734375,0.0009765625,0.0001983642578125,0.00018310546875,1.0,1.0,0.07247288181125595,False,-0.2684597373008728,0.12339121848344803,0.11573180556297302,3.140845070422535,False,NONE_DETECTED,/content/drive/MyDrive/satellite_change_detection/masks/Delhi/Delhi_r02_c06_2022_2023.png,ROAD_INFRASTRUCTURE,0.401,Delhi_r02_c06,28.64740840722429,77.27515923333172
1.53656005859375,0.2808007597923279,0.5598604679107666,9,0.40283203125,Delhi,Delhi_r02_c06.tif,2023,2024,LOW_PRIORITY_REVIEW,SCATTERED_CHANGE,False,2020 -> 2023,4,PERSISTENT_CHANGE_SIGNAL,TEMPORAL_ONLY_EVIDENCE,0.0009765625,0.0012359619140625,0.00018310546875,0.0003662109375,1.0,1.0,0.06624376397718935,False,0.20936211943626404,-0.09090662002563477,-0.09420859813690186,2.6666666666666665,False,NONE_DETECTED,/content/drive/MyDrive/satellite_change_detection/masks/Delhi/Delhi_r02_c06_2023_2024.png,VEGETATION_GAIN,0.215,Delhi_r02_c06,28.64740840722429,77.27515923333172
0.0823974609375,0.2277439832687378,0.33701854944229126,1,0.0823974609375,Delhi,Delhi_r02_c06.tif,2024,2025,LIKELY_NO_CHANGE,SCATTERED_CHANGE,False,2020 -> 2023,4,PERSISTENT_CHANGE_SIGNAL,TEMPORAL_ONLY_EVIDENCE,0.0012359619140625,0.0010528564453125,0.0003662109375,0.0379180908203125,1.0,1.0,0.030008287215135192,False,-0.16310012340545654,0.12947779893875122,0.023730099201202393,1.1111111111111112,False,NONE_DETECTED,/content/drive/MyDrive/satellite_change_detection/masks/Delhi/Delhi_r02_c06_2024_2025.png,CONSTRUCTION,0.011,Delhi_r02_c06,28.64740840722429,77.27515923333172
1.53350830078125,0.25516557693481445,0.6413789987564087,6,0.71258544921875,Delhi,Delhi_r02_c06.tif,2025,2026,LOW_PRIORITY_REVIEW,SCATTERED_CHANGE,False,2020 -> 2023,4,PERSISTENT_CHANGE_SIGNAL,TEMPORAL_ONLY_EVIDENCE,0.0010528564453125,0.0008392333984375,0.0379180908203125,0.0024871826171875,1.0,1.0,0.027461178301503332,False,0.0056164562702178955,-0.012834548950195312,0.03300490975379944,2.787878787878788,False,NONE_DETECTED,/content/drive/MyDrive/satellite_change_detection/masks/Delhi/Delhi_r02_c06_2025_2026.png,UNKNOWN,0.213,Delhi_r02_c06,28.64740840722429,77.27515923333172
2.1759033203125,0.32478445768356323,0.7760236859321594,7,1.129150390625,Delhi,Delhi_r02_c07.tif,2020,2021,REVIEW_REQUIRED,SCATTERED_CHANGE,True,2020 -> 2021,4,PERSISTENT_CHANGE_SIGNAL,TEMPORAL_ONLY_EVIDENCE,0.0005340576171875,0.0001678466796875,0.0002288818359375,0.0,1.0,1.0,0.07317671846145346,False,-0.05579131841659546,0.026432044804096222,0.026754051446914673,1.7902097902097902,False,NONE_DETECTED,/content/drive/MyDrive/satellite_change_detection/masks/Delhi/Delhi_r02_c07_2020_2021.png,UNKNOWN,0.322,Delhi_r02_c07,28.64696608985788,77.30133319214619
0.8209228515625,0.3712889850139618,0.7598472833633423,6,0.38604736328125,Delhi,Delhi_r02_c07.tif,2021,2022,LIKELY_NO_CHANGE,SCATTERED_CHANGE,False,2020 -> 2021,4,PERSISTENT_CHANGE_SIGNAL,TEMPORAL_ONLY_EVIDENCE,0.0001678466796875,0.000274658203125,0.0,0.0,1.0,1.0,0.09979165830259466,False,-0.04753594100475311,-0.015066336840391159,0.06874555349349976,1.2314814814814814,False,NONE_DETECTED,/content/drive/MyDrive/satellite_change_detection/masks/Delhi/Delhi_r02_c07_2021_2022.png,UNKNOWN,0.122,Delhi_r02_c07,28.64696608985788,77.30133319214619
0.60882568359375,0.34517261385917664,0.7992671728134155,6,0.30670166015625,Delhi,Delhi_r02_c07.tif,2022,2023,LIKELY_NO_CHANGE,SCATTERED_CHANGE,False,2020 -> 2021,4,PERSISTENT_CHANGE_SIGNAL,TEMPORAL_ONLY_EVIDENCE,0.000274658203125,0.0005950927734375,0.0,0.0,1.0,1.0,0.07729452713946887,False,0.053130120038986206,-0.0049187010154128075,-0.04234108328819275,2.217821782178218,False,NONE_DETECTED,/content/drive/MyDrive/satellite_change_detection/masks/Delhi/Delhi_r02_c07_2022_2023.png,UNKNOWN,0.089,Delhi_r02_c07,28.64696608985788,77.30133319214619
0.4974365234375,0.3868394196033478,0.8732597827911377,6,0.12664794921875,Delhi,Delhi_r02_c07.tif,2023,2024,LIKELY_NO_CHANGE,SCATTERED_CHANGE,False,2020 -> 2021,4,PERSISTENT_CHANGE_SIGNAL,TEMPORAL_ONLY_EVIDENCE,0.0005950927734375,0.0011749267578125,0.0,0.0030059814453125,1.0,1.0,0.05906902249910571,False,-0.09046761691570282,0.04713257774710655,0.03724253177642822,2.276190476190476,False,NONE_DETECTED,/content/drive/MyDrive/satellite_change_detection/masks/Delhi/Delhi_r02_c07_2023_2024.png,UNKNOWN,0.074,Delhi_r02_c07,28.64696608985788,77.30133319214619
0.20599365234375,0.4085906744003296,0.7084784507751465,2,0.16021728515625,Delhi,Delhi_r02_c07.tif,2024,2025,LIKELY_NO_CHANGE,SCATTERED_CHANGE,False,2020 -> 2021,4,PERSISTENT_CHANGE_SIGNAL,TEMPORAL_ONLY_EVIDENCE,0.0011749267578125,0.0007476806640625,0.0030059814453125,0.0015106201171875,1.0,1.0,0.022009928527268265,False,-0.18113559484481812,0.05992073193192482,0.10586696863174438,1.736842105263158,False,NONE_DETECTED,/content/drive/MyDrive/satellite_change_detection/masks/Delhi/Delhi_r02_c07_2024_2025.png,VEGETATION_LOSS,0.031,Delhi_r02_c07,28.64696608985788,77.30133319214619
0.2105712890625,0.3519580066204071,0.7002667188644409,3,0.07781982421875,Delhi,Delhi_r02_c07.tif,2025,2026,LIKELY_NO_CHANGE,SCATTERED_CHANGE,False,2020 -> 2021,4,PERSISTENT_CHANGE_SIGNAL,TEMPORAL_ONLY_EVIDENCE,0.0007476806640625,0.0003509521484375,0.0015106201171875,0.0015106201171875,1.0,1.0,0.026668181996889532,False,0.06231717765331268,-0.013627611100673676,-0.046958327293395996,2.0657894736842106,False,NONE_DETECTED,/content/drive/MyDrive/satellite_change_detection/masks/Delhi/Delhi_r02_c07_2025_2026.png,UNKNOWN,0.031,Delhi_r02_c07,28.64696608985788,77.30133319214619
0.43792724609375,0.33343505859375,0.6915311813354492,6,0.1495361328125,Delhi,Delhi_r03_c00.tif,2020,2021,LIKELY_NO_CHANGE,SCATTERED_CHANGE,False,No supported change interval,0,NO_SIGNIFICANT_CHANGE,LOW_PRIORITY_REVIEW,0.0024566650390625,0.0008697509765625,1.52587890625e-05,0.0,1.0,1.0,0.028107550677045897,False,0.011893987655639648,0.0010058842599391937,-0.006413310766220093,1.7605633802816902,False,NONE_DETECTED,/content/drive/MyDrive/satellite_change_detection/masks/Delhi/Delhi_r03_c00_2020_2021.png,UNKNOWN,0.032,Delhi_r03_c00,28.62686436015474,77.11763947932911
0.8941650390625,0.3233375549316406,0.7212962508201599,7,0.445556640625,Delhi,Delhi_r03_c00.tif,2021,2022,LIKELY_NO_CHANGE,SCATTERED_CHANGE,False,No supported change interval,0,NO_SIGNIFICANT_CHANGE,LOW_PRIORITY_REVIEW,0.0008697509765625,0.0012969970703125,0.0,0.0005950927734375,1.0,1.0,0.07845133002945956,False,0.277863472700119,-0.14241111278533936,-0.12111440300941467,1.3407821229050279,False,NONE_DETECTED,/content/drive/MyDrive/satellite_change_detection/masks/Delhi/Delhi_r03_c00_2021_2022.png,UNKNOWN,0.067,Delhi_r03_c00,28.62686436015474,77.11763947932911
0.59814453125,0.30710840225219727,0.6575601100921631,5,0.262451171875,Delhi,Delhi_r03_c00.tif,2022,2023,LIKELY_NO_CHANGE,SCATTERED_CHANGE,False,No supported change interval,0,NO_SIGNIFICANT_CHANGE,LOW_PRIORITY_REVIEW,0.0012969970703125,0.00091552734375,0.0005950927734375,0.0002288818359375,1.0,1.0,0.04369389569549235,False,-0.1453455686569214,0.1341543048620224,0.007049083709716797,1.509433962264151,False,NONE_DETECTED,/content/drive/MyDrive/satellite_change_detection/masks/Delhi/Delhi_r03_c00_2022_2023.png,UNKNOWN,0.043,Delhi_r03_c00,28.62686436015474,77.11763947932911
0.48828125,0.3099498152732849,0.5917742252349854,5,0.14190673828125,Delhi,Delhi_r03_c00.tif,2023,2024,LIKELY_NO_CHANGE,SCATTERED_CHANGE,False,No supported change interval,0,NO_SIGNIFICANT_CHANGE,LOW_PRIORITY_REVIEW,0.00091552734375,0.0013275146484375,0.0002288818359375,0.0081939697265625,1.0,1.0,0.021694981644479337,False,0.06645560264587402,-0.001064896583557129,-0.02679532766342163,2.9014084507042255,False,NONE_DETECTED,/content/drive/MyDrive/satellite_change_detection/masks/Delhi/Delhi_r03_c00_2023_2024.png,UNKNOWN,0.035,Delhi_r03_c00,28.62686436015474,77.11763947932911
0.3509521484375,0.3319394588470459,0.7893305420875549,5,0.164794921875,Delhi,Delhi_r03_c00.tif,2024,2025,LIKELY_NO_CHANGE,SCATTERED_CHANGE,False,No supported change interval,0,NO_SIGNIFICANT_CHANGE,LOW_PRIORITY_REVIEW,0.0013275146484375,0.0005950927734375,0.0081939697265625,0.0007476806640625,1.0,1.0,0.017445808140706946,False,0.15813353657722473,-0.1415390968322754,0.04061621427536011,1.5802469135802468,False,NONE_DETECTED,/content/drive/MyDrive/satellite_change_detection/masks/Delhi/Delhi_r03_c00_2024_2025.png,UNKNOWN,0.026,Delhi_r03_c00,28.62686436015474,77.11763947932911
0.11444091796875,0.2774406671524048,0.5123069882392883,2,0.06256103515625,Delhi,Delhi_r03_c00.tif,2025,2026,LIKELY_NO_CHANGE,SCATTERED_CHANGE,False,No supported change interval,0,NO_SIGNIFICANT_CHANGE,LOW_PRIORITY_REVIEW,0.0005950927734375,0.0007476806640625,0.0007476806640625,0.0031890869140625,1.0,1.0,0.04818251578438723,False,0.19318774342536926,-0.014320245943963528,-0.12483742833137512,1.0481927710843373,True,SEASONAL_VARIATION_LIKELY,/content/drive/MyDrive/satellite_change_detection/masks/Delhi/Delhi_r03_c00_2025_2026.png,UNKNOWN,0.006,Delhi_r03_c00,28.62686436015474,77.11763947932911
2.96783447265625,0.3798586428165436,0.9223159551620483,13,1.37481689453125,Delhi,Delhi_r03_c01.tif,2020,2021,REVIEW_REQUIRED,SCATTERED_CHANGE,True,2020 -> 2021,6,PERSISTENT_CHANGE_SIGNAL,TEMPORAL_ONLY_EVIDENCE,0.000274658203125,0.000213623046875,1.52587890625e-05,0.0,1.0,1.0,0.05625174587021128,False,-0.2091343253850937,0.10345539450645447,0.044498980045318604,1.032258064516129,False,NONE_DETECTED,/content/drive/MyDrive/satellite_change_detection/masks/Delhi/Delhi_r03_c01_2020_2021.png,CONSTRUCTION,0.46,Delhi_r03_c01,28.626452746075344,77.14381113119161
1.4312744140625,0.30691105127334595,0.7474377751350403,11,0.4852294921875,Delhi,Delhi_r03_c01.tif,2021,2022,LOW_PRIORITY_REVIEW,SCATTERED_CHANGE,False,2020 -> 2021,6,PERSISTENT_CHANGE_SIGNAL,TEMPORAL_ONLY_EVIDENCE,0.000213623046875,0.00030517578125,0.0,0.0009765625,1.0,1.0,0.07422635610366432,False,0.0682939887046814,-0.02523225173354149,-0.05792972445487976,2.8764044943820224,False,NONE_DETECTED,/content/drive/MyDrive/satellite_change_detection/masks/Delhi/Delhi_r03_c01_2021_2022.png,UNKNOWN,0.205,Delhi_r03_c01,28.626452746075344,77.14381113119161
1.53045654296875,0.3059259057044983,0.6693533062934875,11,0.36773681640625,Delhi,Delhi_r03_c01.tif,2022,2023,LOW_PRIORITY_REVIEW,SCATTERED_CHANGE,False,2020 -> 2021,6,PERSISTENT_CHANGE_SIGNAL,TEMPORAL_ONLY_EVIDENCE,0.00030517578125,0.0003509521484375,0.0009765625,0.000213623046875,1.0,1.0,0.05314667306358574,False,0.09265020489692688,-0.06567563861608505,-0.018534034490585327,2.694736842105263,False,NONE_DETECTED,/content/drive/MyDrive/satellite_change_detection/masks/Delhi/Delhi_r03_c01_2022_2023.png,UNKNOWN,0.218,Delhi_r03_c01,28.626452746075344,77.14381113119161
0.787353515625,0.2780506908893585,0.748934805393219,9,0.17242431640625,Delhi,Delhi_r03_c01.tif,2023,2024,LIKELY_NO_CHANGE,SCATTERED_CHANGE,False,2020 -> 2021,6,PERSISTENT_CHANGE_SIGNAL,TEMPORAL_ONLY_EVIDENCE,0.0003509521484375,0.0004425048828125,0.000213623046875,0.0019378662109375,1.0,1.0,0.038574880221511954,False,0.050602465867996216,-0.0321861132979393,-0.034174591302871704,1.4195402298850575,False,NONE_DETECTED,/content/drive/MyDrive/satellite_change_detection/masks/Delhi/Delhi_r03_c01_2023_2024.png,UNKNOWN,0.109,Delhi_r03_c01,28.626452746075344,77.14381113119161
0.44403076171875,0.2694038450717926,0.49737685918807983,8,0.09307861328125,Delhi,Delhi_r03_c01.tif,2024,2025,LIKELY_NO_CHANGE,SCATTERED_CHANGE,False,2020 -> 2021,6,PERSISTENT_CHANGE_SIGNAL,TEMPORAL_ONLY_EVIDENCE,0.0004425048828125,0.00030517578125,0.0019378662109375,0.0009002685546875,1.0,1.0,0.05566778051481565,False,0.08518290519714355,-0.06914453953504562,0.01486930251121521,1.15,False,NONE_DETECTED,/content/drive/MyDrive/satellite_change_detection/masks/Delhi/Delhi_r03_c01_2024_2025.png,UNKNOWN,0.061,Delhi_r03_c01,28.626452746075344,77.14381113119161
0.25634765625,0.2668696939945221,0.5346997976303101,5,0.079345703125,Delhi,Delhi_r03_c01.tif,2025,2026,LIKELY_NO_CHANGE,SCATTERED_CHANGE,False,2020 -> 2021,6,PERSISTENT_CHANGE_SIGNAL,TEMPORAL_ONLY_EVIDENCE,0.00030517578125,0.000274658203125,0.0009002685546875,0.00421142578125,1.0,1.0,0.08157882652686992,False,-0.1290353536605835,0.08489929139614105,0.010129302740097046,1.1466666666666667,False,NONE_DETECTED,/content/drive/MyDrive/satellite_change_detection/masks/Delhi/Delhi_r03_c01_2025_2026.png,UNKNOWN,0.035,Delhi_r03_c01,28.626452746075344,77.14381113119161
1.263427734375,0.3295834958553314,0.7463357448577881,9,0.347900390625,Delhi,Delhi_r03_c02.tif,2020,2021,LOW_PRIORITY_REVIEW,SCATTERED_CHANGE,False,2020 -> 2024,3,PERSISTENT_CHANGE_SIGNAL,TEMPORAL_ONLY_EVIDENCE,0.0003662109375,0.0002899169921875,1.52587890625e-05,0.0,1.0,1.0,0.025166387805120923,False,-0.2520020306110382,0.16642147302627563,0.04318389296531677,1.3596491228070176,False,NONE_DETECTED,/content/drive/MyDrive/satellite_change_detection/masks/Delhi/Delhi_r03_c02_2020_2021.png,CONSTRUCTION,0.183,Delhi_r03_c02,28.626036084040148,77.16998223103911
2.16064453125,0.23834387958049774,0.8297712802886963,16,0.39520263671875,Delhi,Delhi_r03_c02.tif,2021,2022,LOW_PRIORITY_REVIEW,SCATTERED_CHANGE,True,2020 -> 2024,3,PERSISTENT_CHANGE_SIGNAL,TEMPORAL_ONLY_EVIDENCE,0.0002899169921875,0.0003814697265625,0.0,0.0012359619140625,1.0,1.0,0.05267094558377852,False,0.2533676028251648,-0.1384454369544983,-0.10032972693443298,1.187878787878788,False,NONE_DETECTED,/content/drive/MyDrive/satellite_change_detection/masks/Delhi/Delhi_r03_c02_2021_2022.png,VEGETATION_GAIN,0.293,Delhi_r03_c02,28.626036084040148,77.16998223103911
0.89111328125,0.33167383074760437,0.7263011932373047,5,0.30670166015625,Delhi,Delhi_r03_c02.tif,2022,2023,LIKELY_NO_CHANGE,SCATTERED_CHANGE,False,2020 -> 2024,3,PERSISTENT_CHANGE_SIGNAL,TEMPORAL_ONLY_EVIDENCE,0.0003814697265625,0.000701904296875,0.0012359619140625,7.62939453125e-05,1.0,1.0,0.05624186762719004,False,-0.10215190052986145,0.0399213582277298,0.06411722302436829,1.4285714285714286,False,NONE_DETECTED,/content/drive/MyDrive/satellite_change_detection/masks/Delhi/Delhi_r03_c02_2022_2023.png,UNKNOWN,0.129,Delhi_r03_c02,28.626036084040148,77.16998223103911
1.90277099609375,0.33381009101867676,0.766718327999115,9,0.73699951171875,Delhi,Delhi_r03_c02.tif,2023,2024,LOW_PRIORITY_REVIEW,SCATTERED_CHANGE,False,2020 -> 2024,3,PERSISTENT_CHANGE_SIGNAL,TEMPORAL_ONLY_EVIDENCE,0.000701904296875,0.0004425048828125,7.62939453125e-05,9.1552734375e-05,1.0,1.0,0.1074260641407266,False,-0.10408729314804077,0.03807368129491806,-0.005107372999191284,1.2736318407960199,False,NONE_DETECTED,/content/drive/MyDrive/satellite_change_detection/masks/Delhi/Delhi_r03_c02_2023_2024.png,UNKNOWN,0.28,Delhi_r03_c02,28.626036084040148,77.16998223103911
3.692626953125,0.2796109914779663,0.6096702814102173,21,1.20849609375,Delhi,Delhi_r03_c02.tif,2024,2025,REVIEW_REQUIRED,SCATTERED_CHANGE,True,2020 -> 2024,3,PERSISTENT_CHANGE_SIGNAL,TEMPORAL_ONLY_EVIDENCE,0.0004425048828125,0.0002899169921875,9.1552734375e-05,0.0007171630859375,1.0,1.0,0.05829530574315178,False,0.09014126658439636,-0.08190129697322845,-0.004203468561172485,1.0118577075098814,False,NONE_DETECTED,/content/drive/MyDrive/satellite_change_detection/masks/Delhi/Delhi_r03_c02_2024_2025.png,UNKNOWN,0.532,Delhi_r03_c02,28.626036084040148,77.16998223103911
0.69732666015625,0.26449835300445557,0.6008450984954834,5,0.2288818359375,Delhi,Delhi_r03_c02.tif,2025,2026,LIKELY_NO_CHANGE,SCATTERED_CHANGE,False,2020 -> 2024,3,PERSISTENT_CHANGE_SIGNAL,TEMPORAL_ONLY_EVIDENCE,0.0002899169921875,0.0002899169921875,0.0007171630859375,0.0024871826171875,1.0,1.0,0.046581414264446966,False,-0.02229231595993042,0.0552486851811409,-0.052447229623794556,1.6083916083916083,False,NONE_DETECTED,/content/drive/MyDrive/satellite_change_detection/masks/Delhi/Delhi_r03_c02_2025_2026.png,UNKNOWN,0.096,Delhi_r03_c02,28.626036084040148,77.16998223103911
0.35400390625,0.3572615385055542,0.8311882019042969,4,0.2044677734375,Delhi,Delhi_r03_c03.tif,2020,2021,LIKELY_NO_CHANGE,SCATTERED_CHANGE,False,No supported change interval,0,NO_SIGNIFICANT_CHANGE,LOW_PRIORITY_REVIEW,0.002349853515625,0.00213623046875,0.0003662109375,0.0,1.0,1.0,0.017899016763725233,False,-0.06224021315574646,0.042157527059316635,0.002618849277496338,1.127962085308057,False,NONE_DETECTED,/content/drive/MyDrive/satellite_change_detection/masks/Delhi/Delhi_r03_c03_2020_2021.png,UNKNOWN,0.027,Delhi_r03_c03,28.62561437444326,77.19615277215264
0.23193359375,0.22647608816623688,0.45414233207702637,4,0.0946044921875,Delhi,Delhi_r03_c03.tif,2021,2022,LIKELY_NO_CHANGE,SCATTERED_CHANGE,False,No supported change interval,0,NO_SIGNIFICANT_CHANGE,LOW_PRIORITY_REVIEW,0.00213623046875,0.002716064453125,0.0,0.0036773681640625,1.0,1.0,0.07060277537314555,False,0.294105589389801,-0.1474781334400177,-0.13811850547790527,1.1222222222222222,False,NONE_DETECTED,/content/drive/MyDrive/satellite_change_detection/masks/Delhi/Delhi_r03_c03_2021_2022.png,UNKNOWN,0.015,Delhi_r03_c03,28.62561437444326,77.19615277215264
0.59356689453125,0.33798933029174805,0.8832874298095703,6,0.17547607421875,Delhi,Delhi_r03_c03.tif,2022,2023,LIKELY_NO_CHANGE,SCATTERED_CHANGE,False,No supported change interval,0,NO_SIGNIFICANT_CHANGE,LOW_PRIORITY_REVIEW,0.002716064453125,0.0022735595703125,0.0036773681640625,0.0007171630859375,1.0,1.0,0.059408709669442526,False,-0.24478130042552948,0.11748901009559631,0.0946488082408905,1.7906976744186047,False,NONE_DETECTED,/content/drive/MyDrive/satellite_change_detection/masks/Delhi/Delhi_r03_c03_2022_2023.png,UNKNOWN,0.044,Delhi_r03_c03,28.62561437444326,77.19615277215264
0.4119873046875,0.3400897979736328,0.8796614408493042,6,0.10833740234375,Delhi,Delhi_r03_c03.tif,2023,2024,LIKELY_NO_CHANGE,SCATTERED_CHANGE,False,No supported change interval,0,NO_SIGNIFICANT_CHANGE,LOW_PRIORITY_REVIEW,0.0022735595703125,0.003936767578125,0.0007171630859375,0.000640869140625,1.0,1.0,0.03309081647816141,False,-0.1461680382490158,0.05974835157394409,0.056967467069625854,1.703125,False,NONE_DETECTED,/content/drive/MyDrive/satellite_change_detection/masks/Delhi/Delhi_r03_c03_2023_2024.png,UNKNOWN,0.031,Delhi_r03_c03,28.62561437444326,77.19615277215264
0.58441162109375,0.24513275921344757,0.7833644151687622,5,0.21514892578125,Delhi,Delhi_r03_c03.tif,2024,2025,LIKELY_NO_CHANGE,SCATTERED_CHANGE,False,No supported change interval,0,NO_SIGNIFICANT_CHANGE,LOW_PRIORITY_REVIEW,0.003936767578125,0.0030517578125,0.000640869140625,0.003173828125,1.0,1.0,0.03130903612576984,False,0.18835633993148804,-0.14271056652069092,-0.0313723087310791,1.0289855072463767,False,NONE_DETECTED,/content/drive/MyDrive/satellite_change_detection/masks/Delhi/Delhi_r03_c03_2024_2025.png,UNKNOWN,0.038,Delhi_r03_c03,28.62561437444326,77.19615277215264
0.78582763671875,0.23429660499095917,0.42166668176651,4,0.36163330078125,Delhi,Delhi_r03_c03.tif,2025,2026,LIKELY_NO_CHANGE,SCATTERED_CHANGE,False,No supported change interval,0,NO_SIGNIFICANT_CHANGE,LOW_PRIORITY_REVIEW,0.0030517578125,0.0025787353515625,0.003173828125,0.006591796875,1.0,1.0,0.05396816277987781,False,-0.3278454840183258,0.19460783898830414,0.031175285577774048,3.3793103448275863,False,NONE_DETECTED,/content/drive/MyDrive/satellite_change_detection/masks/Delhi/Delhi_r03_c03_2025_2026.png,UNKNOWN,0.051,Delhi_r03_c03,28.62561437444326,77.19615277215264
0.62713623046875,0.36209091544151306,0.7463812828063965,5,0.45623779296875,Delhi,Delhi_r03_c04.tif,2020,2021,LIKELY_NO_CHANGE,SCATTERED_CHANGE,False,2020 -> 2024,3,PERSISTENT_CHANGE_SIGNAL,TEMPORAL_ONLY_EVIDENCE,0.00054931640625,0.0003509521484375,0.0012359619140625,0.0,1.0,1.0,0.009223596236956087,False,-0.21948201954364777,0.11644038558006287,0.06232871115207672,2.2653061224489797,False,NONE_DETECTED,/content/drive/MyDrive/satellite_change_detection/masks/Delhi/Delhi_r03_c04_2020_2021.png,CONSTRUCTION,0.093,Delhi_r03_c04,28.62518761768356,77.22232274781419
1.66015625,0.35450372099876404,0.9616447687149048,10,0.750732421875,Delhi,Delhi_r03_c04.tif,2021,2022,LOW_PRIORITY_REVIEW,SCATTERED_CHANGE,False,2020 -> 2024,3,PERSISTENT_CHANGE_SIGNAL,TEMPORAL_ONLY_EVIDENCE,0.0003509521484375,0.0012054443359375,0.0,0.0026397705078125,1.0,1.0,0.10193901427019461,False,-0.18074670433998108,0.1271522045135498,-0.019787341356277466,1.0047169811320755,False,NONE_DETECTED,/content/drive/MyDrive/satellite_change_detection/masks/Delhi/Delhi_r03_c04_2021_2022.png,CONSTRUCTION,0.248,Delhi_r03_c04,28.62518761768356,77.22232274781419
1.44500732421875,0.338347852230072,0.9281716346740723,7,0.66986083984375,Delhi,Delhi_r03_c04.tif,2022,2023,LOW_PRIORITY_REVIEW,SCATTERED_CHANGE,False,2020 -> 2024,3,PERSISTENT_CHANGE_SIGNAL,TEMPORAL_ONLY_EVIDENCE,0.0012054443359375,0.001068115234375,0.0026397705078125,0.00274658203125,1.0,1.0,0.06758182562465236,False,0.023450031876564026,-0.038936711847782135,0.03547987341880798,4.674418604651163,False,NONE_DETECTED,/content/drive/MyDrive/satellite_change_detection/masks/Delhi/Delhi_r03_c04_2022_2023.png,UNKNOWN,0.213,Delhi_r03_c04,28.62518761768356,77.22232274781419
0.76751708984375,0.3910885155200958,0.7421160936355591,1,0.76751708984375,Delhi,Delhi_r03_c04.tif,2023,2024,LIKELY_NO_CHANGE,SCATTERED_CHANGE,False,2020 -> 2024,3,PERSISTENT_CHANGE_SIGNAL,TEMPORAL_ONLY_EVIDENCE,0.001068115234375,0.00225830078125,0.00274658203125,0.0027008056640625,1.0,1.0,0.0669792752977725,False,-0.060943543910980225,-0.022941887378692627,0.13591721653938293,3.6666666666666665,False,NONE_DETECTED,/content/drive/MyDrive/satellite_change_detection/masks/Delhi/Delhi_r03_c04_2023_2024.png,UNKNOWN,0.117,Delhi_r03_c04,28.62518761768356,77.22232274781419
0.3143310546875,0.3556632697582245,0.9883368015289307,4,0.12969970703125,Delhi,Delhi_r03_c04.tif,2024,2025,LIKELY_NO_CHANGE,SCATTERED_CHANGE,False,2020 -> 2024,3,PERSISTENT_CHANGE_SIGNAL,TEMPORAL_ONLY_EVIDENCE,0.00225830078125,0.0009765625,0.0027008056640625,0.0045013427734375,1.0,1.0,0.0156016105063766,False,-0.02530379220843315,0.023183930665254593,0.0029418617486953735,3.7058823529411766,False,NONE_DETECTED,/content/drive/MyDrive/satellite_change_detection/masks/Delhi/Delhi_r03_c04_2024_2025.png,UNKNOWN,0.046,Delhi_r03_c04,28.62518761768356,77.22232274781419
0.0946044921875,0.41091832518577576,0.679331362247467,1,0.0946044921875,Delhi,Delhi_r03_c04.tif,2025,2026,LIKELY_NO_CHANGE,SCATTERED_CHANGE,False,2020 -> 2024,3,PERSISTENT_CHANGE_SIGNAL,TEMPORAL_ONLY_EVIDENCE,0.0009765625,0.0022125244140625,0.0045013427734375,0.004730224609375,1.0,1.0,0.047187327340136746,False,-0.05291183292865753,-0.0065229833126068115,0.1289728432893753,1.8333333333333333,False,NONE_DETECTED,/content/drive/MyDrive/satellite_change_detection/masks/Delhi/Delhi_r03_c04_2025_2026.png,UNKNOWN,0.014,Delhi_r03_c04,28.62518761768356,77.22232274781419
1.31683349609375,0.3031637668609619,0.7358971834182739,10,0.42572021484375,Delhi,Delhi_r03_c05.tif,2020,2021,LOW_PRIORITY_REVIEW,SCATTERED_CHANGE,False,2020 -> 2022,5,PERSISTENT_CHANGE_SIGNAL,TEMPORAL_ONLY_EVIDENCE,0.003021240234375,0.00177001953125,0.000518798828125,0.0,1.0,1.0,0.048154404144733605,False,0.04917079955339432,0.09653425961732864,-0.15784592926502228,1.07,False,NONE_DETECTED,/content/drive/MyDrive/satellite_change_detection/masks/Delhi/Delhi_r03_c05_2020_2021.png,WATER,0.188,Delhi_r03_c05,28.624755814164665,77.24849215130665
0.5462646484375,0.26107147336006165,0.6272479295730591,5,0.286865234375,Delhi,Delhi_r03_c05.tif,2021,2022,LIKELY_NO_CHANGE,SCATTERED_CHANGE,False,2020 -> 2022,5,PERSISTENT_CHANGE_SIGNAL,TEMPORAL_ONLY_EVIDENCE,0.00177001953125,0.0040130615234375,0.0,0.0005950927734375,1.0,1.0,0.024593915095222546,False,0.09884786605834961,-0.16319337487220764,0.06278817355632782,1.0483870967741935,False,NONE_DETECTED,/content/drive/MyDrive/satellite_change_detection/masks/Delhi/Delhi_r03_c05_2021_2022.png,UNKNOWN,0.075,Delhi_r03_c05,28.624755814164665,77.24849215130665
0.836181640625,0.3290978968143463,0.7730953693389893,9,0.225830078125,Delhi,Delhi_r03_c05.tif,2022,2023,LIKELY_NO_CHANGE,SCATTERED_CHANGE,False,2020 -> 2022,5,PERSISTENT_CHANGE_SIGNAL,TEMPORAL_ONLY_EVIDENCE,0.0040130615234375,0.0053253173828125,0.0005950927734375,0.0230560302734375,1.0,1.0,0.03598648967837288,False,-0.08376847207546234,0.06956574320793152,0.011913210153579712,1.1428571428571428,False,NONE_DETECTED,/content/drive/MyDrive/satellite_change_detection/masks/Delhi/Delhi_r03_c05_2022_2023.png,UNKNOWN,0.12,Delhi_r03_c05,28.624755814164665,77.24849215130665
1.934814453125,0.3547408878803253,0.8624645471572876,10,0.63629150390625,Delhi,Delhi_r03_c05.tif,2023,2024,LOW_PRIORITY_REVIEW,SCATTERED_CHANGE,False,2020 -> 2022,5,PERSISTENT_CHANGE_SIGNAL,TEMPORAL_ONLY_EVIDENCE,0.0053253173828125,0.0066070556640625,0.0230560302734375,0.003021240234375,1.0,1.0,0.02988144182244103,False,-0.006840690970420837,0.028648482635617256,-0.03748783469200134,1.1590909090909092,False,NONE_DETECTED,/content/drive/MyDrive/satellite_change_detection/masks/Delhi/Delhi_r03_c05_2023_2024.png,UNKNOWN,0.288,Delhi_r03_c05,28.624755814164665,77.24849215130665
0.24871826171875,0.3075065314769745,0.6886752247810364,3,0.12664794921875,Delhi,Delhi_r03_c05.tif,2024,2025,LIKELY_NO_CHANGE,SCATTERED_CHANGE,False,2020 -> 2022,5,PERSISTENT_CHANGE_SIGNAL,TEMPORAL_ONLY_EVIDENCE,0.0066070556640625,0.005767822265625,0.003021240234375,0.0522613525390625,1.0,1.0,0.03835221178550515,False,0.11311554908752441,-0.02821674384176731,-0.08367875218391418,1.4,False,NONE_DETECTED,/content/drive/MyDrive/satellite_change_detection/masks/Delhi/Delhi_r03_c05_2024_2025.png,UNKNOWN,0.035,Delhi_r03_c05,28.624755814164665,77.24849215130665
1.92718505859375,0.3586028218269348,0.8015184998512268,9,0.762939453125,Delhi,Delhi_r03_c05.tif,2025,2026,LOW_PRIORITY_REVIEW,SCATTERED_CHANGE,False,2020 -> 2022,5,PERSISTENT_CHANGE_SIGNAL,TEMPORAL_ONLY_EVIDENCE,0.005767822265625,0.0048370361328125,0.0522613525390625,0.01702880859375,1.0,1.0,0.027230652219741365,False,-0.09273266792297363,0.09158944338560104,-0.029521986842155457,1.2330827067669172,False,NONE_DETECTED,/content/drive/MyDrive/satellite_change_detection/masks/Delhi/Delhi_r03_c05_2025_2026.png,UNKNOWN,0.288,Delhi_r03_c05,28.624755814164665,77.24849215130665
4.13360595703125,0.27933770418167114,0.7570606470108032,9,2.87017822265625,Delhi,Delhi_r03_c06.tif,2020,2021,REVIEW_REQUIRED,MODERATELY_CONNECTED,True,2020 -> 2021,6,PERSISTENT_CHANGE_SIGNAL,MODERATE_EVIDENCE,0.0011138916015625,0.000762939453125,0.0026702880859375,0.0,1.0,1.0,0.01847452135680469,False,-0.1503656506538391,0.14342188835144043,-0.009174346923828125,1.206896551724138,False,NONE_DETECTED,/content/drive/MyDrive/satellite_change_detection/masks/Delhi/Delhi_r03_c06_2020_2021.png,CONSTRUCTION,0.629,Delhi_r03_c06,28.624318964294968,77.27466097591376
2.7923583984375,0.24227970838546753,0.6410590410232544,12,1.556396484375,Delhi,Delhi_r03_c06.tif,2021,2022,REVIEW_REQUIRED,SCATTERED_CHANGE,True,2020 -> 2021,6,PERSISTENT_CHANGE_SIGNAL,TEMPORAL_ONLY_EVIDENCE,0.000762939453125,0.001129150390625,0.0,0.003204345703125,1.0,1.0,0.053705313122330754,False,0.20431917905807495,-0.07786189019680023,-0.1088305115699768,2.2857142857142856,False,NONE_DETECTED,/content/drive/MyDrive/satellite_change_detection/masks/Delhi/Delhi_r03_c06_2021_2022.png,VEGETATION_GAIN,0.397,Delhi_r03_c06,28.624318964294968,77.27466097591376
0.6744384765625,0.29467010498046875,0.7063876390457153,6,0.213623046875,Delhi,Delhi_r03_c06.tif,2022,2023,LIKELY_NO_CHANGE,SCATTERED_CHANGE,False,2020 -> 2021,6,PERSISTENT_CHANGE_SIGNAL,TEMPORAL_ONLY_EVIDENCE,0.001129150390625,0.000732421875,0.003204345703125,0.000701904296875,1.0,1.0,0.0631292759876012,False,-0.2025558352470398,0.13784301280975342,0.031899988651275635,1.0360824742268042,False,NONE_DETECTED,/content/drive/MyDrive/satellite_change_detection/masks/Delhi/Delhi_r03_c06_2022_2023.png,CONSTRUCTION,0.095,Delhi_r03_c06,28.624318964294968,77.27466097591376
1.59912109375,0.3127550780773163,0.7683149576187134,5,0.732421875,Delhi,Delhi_r03_c06.tif,2023,2024,LOW_PRIORITY_REVIEW,SCATTERED_CHANGE,False,2020 -> 2021,6,PERSISTENT_CHANGE_SIGNAL,TEMPORAL_ONLY_EVIDENCE,0.000732421875,0.0009765625,0.000701904296875,0.0024871826171875,1.0,1.0,0.056089344473053276,False,0.027931034564971924,0.009431436657905579,-0.02232423424720764,1.2097560975609756,False,NONE_DETECTED,/content/drive/MyDrive/satellite_change_detection/masks/Delhi/Delhi_r03_c06_2023_2024.png,UNKNOWN,0.232,Delhi_r03_c06,28.624318964294968,77.27466097591376
0.65155029296875,0.29918986558914185,0.6760915517807007,8,0.128173828125,Delhi,Delhi_r03_c06.tif,2024,2025,LIKELY_NO_CHANGE,SCATTERED_CHANGE,False,2020 -> 2021,6,PERSISTENT_CHANGE_SIGNAL,TEMPORAL_ONLY_EVIDENCE,0.0009765625,0.0013580322265625,0.0024871826171875,0.0021209716796875,1.0,1.0,0.03296291978534172,False,0.06723007559776306,-0.014515172690153122,-0.043900758028030396,2.1130434782608694,False,NONE_DETECTED,/content/drive/MyDrive/satellite_change_detection/masks/Delhi/Delhi_r03_c06_2024_2025.png,UNKNOWN,0.092,Delhi_r03_c06,28.624318964294968,77.27466097591376
0.23956298828125,0.24860817193984985,0.48349279165267944,2,0.177001953125,Delhi,Delhi_r03_c06.tif,2025,2026,LIKELY_NO_CHANGE,SCATTERED_CHANGE,False,2020 -> 2021,6,PERSISTENT_CHANGE_SIGNAL,TEMPORAL_ONLY_EVIDENCE,0.0013580322265625,0.0015106201171875,0.0021209716796875,0.005889892578125,1.0,1.0,0.0951309849496538,False,-0.19928044080734253,0.15223169326782227,0.017916500568389893,1.2971014492753623,False,NONE_DETECTED,/content/drive/MyDrive/satellite_change_detection/masks/Delhi/Delhi_r03_c06_2025_2026.png,CONSTRUCTION,0.033,Delhi_r03_c06,28.624318964294968,77.27466097591376
0.4638671875,0.25107184052467346,0.5610438585281372,5,0.14801025390625,Delhi,Delhi_r03_c07.tif,2020,2021,LIKELY_NO_CHANGE,SCATTERED_CHANGE,False,2020 -> 2023,4,PERSISTENT_CHANGE_SIGNAL,TEMPORAL_ONLY_EVIDENCE,0.0,0.0,0.003143310546875,0.0,1.0,1.0,0.02296166023250153,False,-0.21608181297779083,0.0801202654838562,0.11398497223854065,3.4133333333333336,False,NONE_DETECTED,/content/drive/MyDrive/satellite_change_detection/masks/Delhi/Delhi_r03_c07_2020_2021.png,VEGETATION_LOSS,0.063,Delhi_r03_c07,28.62387706848759,77.30082921492016
0.55694580078125,0.3006710410118103,0.5974734425544739,5,0.1495361328125,Delhi,Delhi_r03_c07.tif,2021,2022,LIKELY_NO_CHANGE,SCATTERED_CHANGE,False,2020 -> 2023,4,PERSISTENT_CHANGE_SIGNAL,TEMPORAL_ONLY_EVIDENCE,0.0,0.0,0.0,0.0001373291015625,1.0,1.0,0.06663012545998163,False,0.11343367397785187,-0.025433680042624474,-0.08812454342842102,1.7054794520547945,False,NONE_DETECTED,/content/drive/MyDrive/satellite_change_detection/masks/Delhi/Delhi_r03_c07_2021_2022.png,UNKNOWN,0.078,Delhi_r03_c07,28.62387706848759,77.30082921492016
2.64434814453125,0.5162482261657715,0.9927272796630859,5,2.1697998046875,Delhi,Delhi_r03_c07.tif,2022,2023,REVIEW_REQUIRED,MODERATELY_CONNECTED,True,2020 -> 2023,4,PERSISTENT_CHANGE_SIGNAL,MODERATE_EVIDENCE,0.0,9.1552734375e-05,0.0001373291015625,3.0517578125e-05,1.0,1.0,0.04483236501279529,False,-0.3274781405925751,0.45406484603881836,-0.3194904923439026,1.0041152263374487,False,NONE_DETECTED,/content/drive/MyDrive/satellite_change_detection/masks/Delhi/Delhi_r03_c07_2022_2023.png,CONSTRUCTION,0.425,Delhi_r03_c07,28.62387706848759,77.30082921492016
2.4383544921875,0.4163173735141754,0.9265543818473816,12,0.7537841796875,Delhi,Delhi_r03_c07.tif,2023,2024,LOW_PRIORITY_REVIEW,SCATTERED_CHANGE,True,2020 -> 2023,4,PERSISTENT_CHANGE_SIGNAL,TEMPORAL_ONLY_EVIDENCE,9.1552734375e-05,0.000244140625,3.0517578125e-05,0.0002899169921875,1.0,1.0,0.0813111771017153,False,0.03927701711654663,0.08982246369123459,-0.1900782287120819,1.0204918032786885,False,NONE_DETECTED,/content/drive/MyDrive/satellite_change_detection/masks/Delhi/Delhi_r03_c07_2023_2024.png,WATER,0.375,Delhi_r03_c07,28.62387706848759,77.30082921492016
1.89208984375,0.3654988706111908,0.749003529548645,6,1.40838623046875,Delhi,Delhi_r03_c07.tif,2024,2025,REVIEW_REQUIRED,SCATTERED_CHANGE,False,2020 -> 2023,4,PERSISTENT_CHANGE_SIGNAL,TEMPORAL_ONLY_EVIDENCE,0.000244140625,0.0001068115234375,0.0002899169921875,0.000335693359375,1.0,1.0,0.048861283126339555,False,0.048917174339294434,-0.034078460186719894,0.036198556423187256,2.1333333333333333,False,NONE_DETECTED,/content/drive/MyDrive/satellite_change_detection/masks/Delhi/Delhi_r03_c07_2024_2025.png,UNKNOWN,0.291,Delhi_r03_c07,28.62387706848759,77.30082921492016
2.75726318359375,0.42380788922309875,0.9525213241577148,5,2.142333984375,Delhi,Delhi_r03_c07.tif,2025,2026,REVIEW_REQUIRED,MODERATELY_CONNECTED,True,2020 -> 2023,4,PERSISTENT_CHANGE_SIGNAL,MODERATE_EVIDENCE,0.0001068115234375,0.00030517578125,0.000335693359375,0.00091552734375,1.0,1.0,0.011193171017773068,False,-0.08857621252536774,-0.28819307684898376,0.545599102973938,4.0,False,NONE_DETECTED,/content/drive/MyDrive/satellite_change_detection/masks/Delhi/Delhi_r03_c07_2025_2026.png,WATER,0.443,Delhi_r03_c07,28.62387706848759,77.30082921492016
0.1251220703125,0.3003915548324585,0.4713777005672455,2,0.08697509765625,Delhi,Delhi_r04_c00.tif,2020,2021,LIKELY_NO_CHANGE,SCATTERED_CHANGE,False,2020 -> 2025,2,PERSISTENT_CHANGE_SIGNAL,TEMPORAL_ONLY_EVIDENCE,0.00030517578125,0.0,9.1552734375e-05,0.0,1.0,1.0,0.055014113189504214,False,0.031506240367889404,0.013833615928888321,-0.02148580551147461,2.3292682926829267,False,NONE_DETECTED,/content/drive/MyDrive/satellite_change_detection/masks/Delhi/Delhi_r04_c00_2020_2021.png,UNKNOWN,0.015,Delhi_r04_c00,28.60377240330038,77.11717609725879
1.4312744140625,0.3166125416755676,0.7829272747039795,13,0.46234130859375,Delhi,Delhi_r04_c00.tif,2021,2022,LOW_PRIORITY_REVIEW,SCATTERED_CHANGE,False,2020 -> 2025,2,PERSISTENT_CHANGE_SIGNAL,TEMPORAL_ONLY_EVIDENCE,0.0,0.000640869140625,0.0,0.0069580078125,1.0,1.0,0.05715771696697892,False,0.11964309215545654,-0.09135234355926514,-0.017001807689666748,1.0352422907488987,False,NONE_DETECTED,/content/drive/MyDrive/satellite_change_detection/masks/Delhi/Delhi_r04_c00_2021_2022.png,UNKNOWN,0.173,Delhi_r04_c00,28.60377240330038,77.11717609725879
0.76751708984375,0.2743290662765503,0.7323476076126099,8,0.15716552734375,Delhi,Delhi_r04_c00.tif,2022,2023,LIKELY_NO_CHANGE,SCATTERED_CHANGE,False,2020 -> 2025,2,PERSISTENT_CHANGE_SIGNAL,TEMPORAL_ONLY_EVIDENCE,0.000640869140625,0.0005340576171875,0.0069580078125,0.0014190673828125,1.0,1.0,0.06747028317934957,False,-0.2203035056591034,0.13077951967716217,0.041938990354537964,1.4628571428571429,False,NONE_DETECTED,/content/drive/MyDrive/satellite_change_detection/masks/Delhi/Delhi_r04_c00_2022_2023.png,CONSTRUCTION,0.088,Delhi_r04_c00,28.60377240330038,77.11717609725879
0.6988525390625,0.3007878363132477,0.7487838268280029,4,0.47454833984375,Delhi,Delhi_r04_c00.tif,2023,2024,LIKELY_NO_CHANGE,SCATTERED_CHANGE,False,2020 -> 2025,2,PERSISTENT_CHANGE_SIGNAL,TEMPORAL_ONLY_EVIDENCE,0.0005340576171875,0.0005950927734375,0.0014190673828125,0.002532958984375,1.0,1.0,0.06457499331324187,False,0.1449420154094696,0.018534071743488312,-0.0710650384426117,1.3421052631578947,False,NONE_DETECTED,/content/drive/MyDrive/satellite_change_detection/masks/Delhi/Delhi_r04_c00_2023_2024.png,UNKNOWN,0.083,Delhi_r04_c00,28.60377240330038,77.11717609725879
0.9735107421875,0.2930120527744293,0.6157069206237793,11,0.146484375,Delhi,Delhi_r04_c00.tif,2024,2025,LIKELY_NO_CHANGE,SCATTERED_CHANGE,False,2020 -> 2025,2,PERSISTENT_CHANGE_SIGNAL,TEMPORAL_ONLY_EVIDENCE,0.0005950927734375,0.000335693359375,0.002532958984375,0.0009765625,1.0,1.0,0.07218013593831477,False,0.1574162244796753,-0.10551749914884567,-0.013524264097213745,1.1225806451612903,False,NONE_DETECTED,/content/drive/MyDrive/satellite_change_detection/masks/Delhi/Delhi_r04_c00_2024_2025.png,VEGETATION_GAIN,0.114,Delhi_r04_c00,28.60377240330038,77.11717609725879
1.02081298828125,0.3468806743621826,0.8102626800537109,7,0.6134033203125,Delhi,Delhi_r04_c00.tif,2025,2026,LOW_PRIORITY_REVIEW,SCATTERED_CHANGE,False,2020 -> 2025,2,PERSISTENT_CHANGE_SIGNAL,TEMPORAL_ONLY_EVIDENCE,0.000335693359375,0.00030517578125,0.0009765625,0.010833740234375,1.0,1.0,0.017378593586601807,False,-0.16773325204849243,0.013701267540454865,0.09926572442054749,1.3840579710144927,True,SEASONAL_VARIATION_LIKELY,/content/drive/MyDrive/satellite_change_detection/masks/Delhi/Delhi_r04_c00_2025_2026.png,UNKNOWN,0.115,Delhi_r04_c00,28.60377240330038,77.11717609725879
0.1251220703125,0.23131632804870605,0.3015825152397156,2,0.07171630859375,Delhi,Delhi_r04_c01.tif,2020,2021,LIKELY_NO_CHANGE,SCATTERED_CHANGE,False,No supported change interval,0,NO_SIGNIFICANT_CHANGE,LOW_PRIORITY_REVIEW,0.0,0.0,0.00128173828125,0.0,1.0,1.0,0.07110534655352473,False,0.12222573161125183,-0.10060974955558777,0.02647954225540161,1.9166666666666667,False,NONE_DETECTED,/content/drive/MyDrive/satellite_change_detection/masks/Delhi/Delhi_r04_c01_2020_2021.png,UNKNOWN,0.008,Delhi_r04_c01,28.60336118174313,77.143342032863
0.40435791015625,0.3274279236793518,0.6639537215232849,5,0.19378662109375,Delhi,Delhi_r04_c01.tif,2021,2022,LIKELY_NO_CHANGE,SCATTERED_CHANGE,False,No supported change interval,0,NO_SIGNIFICANT_CHANGE,LOW_PRIORITY_REVIEW,0.0,0.0001068115234375,0.0,0.0113983154296875,1.0,1.0,0.10547656538330717,False,0.09469908475875854,-0.05778806284070015,-0.060646623373031616,2.0454545454545454,False,NONE_DETECTED,/content/drive/MyDrive/satellite_change_detection/masks/Delhi/Delhi_r04_c01_2021_2022.png,UNKNOWN,0.03,Delhi_r04_c01,28.60336118174313,77.143342032863
1.220703125,0.3696119785308838,0.7589983940124512,5,0.96435546875,Delhi,Delhi_r04_c01.tif,2022,2023,LOW_PRIORITY_REVIEW,SCATTERED_CHANGE,False,No supported change interval,0,NO_SIGNIFICANT_CHANGE,LOW_PRIORITY_REVIEW,0.0001068115234375,0.0,0.0113983154296875,0.000885009765625,1.0,1.0,0.04125577455430356,False,-0.24876821041107178,0.132359117269516,0.06441813707351685,2.1964285714285716,False,NONE_DETECTED,/content/drive/MyDrive/satellite_change_detection/masks/Delhi/Delhi_r04_c01_2022_2023.png,UNKNOWN,0.1,Delhi_r04_c01,28.60336118174313,77.143342032863
0.4974365234375,0.27557313442230225,0.4213370084762573,2,0.3021240234375,Delhi,Delhi_r04_c01.tif,2023,2024,LIKELY_NO_CHANGE,SCATTERED_CHANGE,False,No supported change interval,0,NO_SIGNIFICANT_CHANGE,LOW_PRIORITY_REVIEW,0.0,0.00018310546875,0.000885009765625,0.008056640625,1.0,1.0,0.08409297759059328,False,-0.07253023982048035,0.09939765185117722,-0.07971185445785522,1.7222222222222223,False,NONE_DETECTED,/content/drive/MyDrive/satellite_change_detection/masks/Delhi/Delhi_r04_c01_2023_2024.png,UNKNOWN,0.034,Delhi_r04_c01,28.60336118174313,77.143342032863
1.18865966796875,0.2281806319952011,0.5471565127372742,6,0.6103515625,Delhi,Delhi_r04_c01.tif,2024,2025,LOW_PRIORITY_REVIEW,SCATTERED_CHANGE,False,No supported change interval,0,NO_SIGNIFICANT_CHANGE,LOW_PRIORITY_REVIEW,0.00018310546875,0.000274658203125,0.008056640625,0.0069732666015625,1.0,1.0,0.08963973233214302,False,0.20752575993537903,-0.17158889770507812,0.0038939714431762695,1.5900621118012421,False,NONE_DETECTED,/content/drive/MyDrive/satellite_change_detection/masks/Delhi/Delhi_r04_c01_2024_2025.png,UNKNOWN,0.078,Delhi_r04_c01,28.60336118174313,77.143342032863
0.65765380859375,0.2944720387458801,0.6590244174003601,3,0.53558349609375,Delhi,Delhi_r04_c01.tif,2025,2026,LIKELY_NO_CHANGE,SCATTERED_CHANGE,False,No supported change interval,0,NO_SIGNIFICANT_CHANGE,LOW_PRIORITY_REVIEW,0.000274658203125,0.000335693359375,0.0069732666015625,0.013916015625,1.0,1.0,0.07074496761219998,False,0.05718827247619629,-0.00266314297914505,-0.042482852935791016,1.0294117647058822,False,NONE_DETECTED,/content/drive/MyDrive/satellite_change_detection/masks/Delhi/Delhi_r04_c01_2025_2026.png,UNKNOWN,0.047,Delhi_r04_c01,28.60336118174313,77.143342032863
0.14190673828125,0.2537425756454468,0.4164528250694275,2,0.08087158203125,Delhi,Delhi_r04_c02.tif,2020,2021,LIKELY_NO_CHANGE,SCATTERED_CHANGE,False,2020 -> 2024,1,SINGLE_INTERVAL_CHANGE,LOW_PRIORITY_REVIEW,0.0004425048828125,0.0001678466796875,0.00146484375,0.0,1.0,1.0,0.03155837881230561,False,0.07968083024024963,-0.026537664234638214,-0.019206523895263672,1.7966101694915255,False,NONE_DETECTED,/content/drive/MyDrive/satellite_change_detection/masks/Delhi/Delhi_r04_c02_2020_2021.png,UNKNOWN,0.013,Delhi_r04_c02,28.60294491704085,77.1695074169641
0.29144287109375,0.26420608162879944,0.5621999502182007,5,0.07476806640625,Delhi,Delhi_r04_c02.tif,2021,2022,LIKELY_NO_CHANGE,SCATTERED_CHANGE,False,2020 -> 2024,1,SINGLE_INTERVAL_CHANGE,LOW_PRIORITY_REVIEW,0.0001678466796875,0.0008697509765625,0.0,0.014373779296875,1.0,1.0,0.0999211020119031,False,0.25271934270858765,-0.1495136320590973,-0.07525795698165894,1.1477832512315271,False,NONE_DETECTED,/content/drive/MyDrive/satellite_change_detection/masks/Delhi/Delhi_r04_c02_2021_2022.png,UNKNOWN,0.026,Delhi_r04_c02,28.60294491704085,77.1695074169641
0.1678466796875,0.20357273519039154,0.2750968039035797,2,0.09765625,Delhi,Delhi_r04_c02.tif,2022,2023,LIKELY_NO_CHANGE,SCATTERED_CHANGE,False,2020 -> 2024,1,SINGLE_INTERVAL_CHANGE,LOW_PRIORITY_REVIEW,0.0008697509765625,0.000457763671875,0.014373779296875,0.0001373291015625,1.0,1.0,0.09110023582806939,False,-0.3119308352470398,0.24948415160179138,0.020951181650161743,2.272727272727273,False,NONE_DETECTED,/content/drive/MyDrive/satellite_change_detection/masks/Delhi/Delhi_r04_c02_2022_2023.png,UNKNOWN,0.014,Delhi_r04_c02,28.60294491704085,77.1695074169641
1.78375244140625,0.32557305693626404,0.652353823184967,7,0.76751708984375,Delhi,Delhi_r04_c02.tif,2023,2024,LOW_PRIORITY_REVIEW,SCATTERED_CHANGE,False,2020 -> 2024,1,SINGLE_INTERVAL_CHANGE,LOW_PRIORITY_REVIEW,0.000457763671875,0.000518798828125,0.0001373291015625,0.000457763671875,1.0,1.0,0.07614824313782922,False,-0.18847863376140594,0.07183753699064255,0.026981621980667114,1.0769230769230769,False,NONE_DETECTED,/content/drive/MyDrive/satellite_change_detection/masks/Delhi/Delhi_r04_c02_2023_2024.png,UNKNOWN,0.178,Delhi_r04_c02,28.60294491704085,77.1695074169641
1.0711669921875,0.23761384189128876,0.5143520832061768,8,0.34942626953125,Delhi,Delhi_r04_c02.tif,2024,2025,LOW_PRIORITY_REVIEW,SCATTERED_CHANGE,False,2020 -> 2024,1,SINGLE_INTERVAL_CHANGE,LOW_PRIORITY_REVIEW,0.000518798828125,0.00042724609375,0.000457763671875,0.009124755859375,1.0,1.0,0.040021320096794995,False,0.2628099322319031,-0.11857037991285324,-0.060609638690948486,1.4924242424242424,False,NONE_DETECTED,/content/drive/MyDrive/satellite_change_detection/masks/Delhi/Delhi_r04_c02_2024_2025.png,UNKNOWN,0.095,Delhi_r04_c02,28.60294491704085,77.1695074169641
0.0,0.0,0.0,0,0.0,Delhi,Delhi_r04_c02.tif,2025,2026,LIKELY_NO_CHANGE,SCATTERED_CHANGE,False,2020 -> 2024,1,SINGLE_INTERVAL_CHANGE,LOW_PRIORITY_REVIEW,0.00042724609375,0.0006103515625,0.009124755859375,0.017730712890625,1.0,1.0,0.027626691882298826,False,0.0,0.0,0.0,1.0,False,NONE_DETECTED,/content/drive/MyDrive/satellite_change_detection/masks/Delhi/Delhi_r04_c02_2025_2026.png,UNKNOWN,0.0,Delhi_r04_c02,28.60294491704085,77.1695074169641
0.31890869140625,0.354891836643219,0.613521158695221,3,0.2166748046875,Delhi,Delhi_r04_c03.tif,2020,2021,LIKELY_NO_CHANGE,SCATTERED_CHANGE,False,No supported change interval,0,NO_SIGNIFICANT_CHANGE,LOW_PRIORITY_REVIEW,0.0015869140625,0.001190185546875,0.0004425048828125,0.0,1.0,1.0,0.0438370428454158,False,-0.2233676016330719,0.11557941883802414,0.047528207302093506,2.0952380952380953,False,NONE_DETECTED,/content/drive/MyDrive/satellite_change_detection/masks/Delhi/Delhi_r04_c03_2020_2021.png,UNKNOWN,0.024,Delhi_r04_c03,28.602523609587127,77.19567224284938
0.091552734375,0.3384116590023041,0.5272260904312134,2,0.05340576171875,Delhi,Delhi_r04_c03.tif,2021,2022,LIKELY_NO_CHANGE,SCATTERED_CHANGE,False,No supported change interval,0,NO_SIGNIFICANT_CHANGE,LOW_PRIORITY_REVIEW,0.001190185546875,0.0025177001953125,0.0,0.0082855224609375,1.0,1.0,0.0786958857906822,False,0.09954337775707245,-0.046947136521339417,-0.03380340337753296,1.1689189189189189,False,NONE_DETECTED,/content/drive/MyDrive/satellite_change_detection/masks/Delhi/Delhi_r04_c03_2021_2022.png,UNKNOWN,0.007,Delhi_r04_c03,28.602523609587127,77.19567224284938
0.19073486328125,0.4316588342189789,0.7544747591018677,2,0.128173828125,Delhi,Delhi_r04_c03.tif,2022,2023,LIKELY_NO_CHANGE,SCATTERED_CHANGE,False,No supported change interval,0,NO_SIGNIFICANT_CHANGE,LOW_PRIORITY_REVIEW,0.0025177001953125,0.0017547607421875,0.0082855224609375,1.52587890625e-05,1.0,1.0,0.022993995854368517,False,-0.2570323944091797,0.13217487931251526,0.01861235499382019,1.1785714285714286,False,NONE_DETECTED,/content/drive/MyDrive/satellite_change_detection/masks/Delhi/Delhi_r04_c03_2022_2023.png,UNKNOWN,0.015,Delhi_r04_c03,28.602523609587127,77.19567224284938
0.537109375,0.3873671293258667,0.7833927869796753,2,0.28076171875,Delhi,Delhi_r04_c03.tif,2023,2024,LIKELY_NO_CHANGE,SCATTERED_CHANGE,False,No supported change interval,0,NO_SIGNIFICANT_CHANGE,LOW_PRIORITY_REVIEW,0.0017547607421875,0.0022430419921875,1.52587890625e-05,0.0008544921875,1.0,1.0,0.06541233478160466,False,-0.06783755868673325,0.0044203102588653564,0.04344308376312256,2.4347826086956523,False,NONE_DETECTED,/content/drive/MyDrive/satellite_change_detection/masks/Delhi/Delhi_r04_c03_2023_2024.png,UNKNOWN,0.043,Delhi_r04_c03,28.602523609587127,77.19567224284938
0.28533935546875,0.37260356545448303,0.5923142433166504,1,0.28533935546875,Delhi,Delhi_r04_c03.tif,2024,2025,LIKELY_NO_CHANGE,SCATTERED_CHANGE,False,No supported change interval,0,NO_SIGNIFICANT_CHANGE,LOW_PRIORITY_REVIEW,0.0022430419921875,0.0019989013671875,0.0008544921875,0.0030364990234375,1.0,1.0,0.03826945295085752,False,-0.035773925483226776,-0.009049467742443085,0.0811791718006134,1.3076923076923077,False,NONE_DETECTED,/content/drive/MyDrive/satellite_change_detection/masks/Delhi/Delhi_r04_c03_2024_2025.png,UNKNOWN,0.022,Delhi_r04_c03,28.602523609587127,77.19567224284938
0.20751953125,0.3520769774913788,0.7000722885131836,4,0.06103515625,Delhi,Delhi_r04_c03.tif,2025,2026,LIKELY_NO_CHANGE,SCATTERED_CHANGE,False,No supported change interval,0,NO_SIGNIFICANT_CHANGE,LOW_PRIORITY_REVIEW,0.0019989013671875,0.002410888671875,0.0030364990234375,0.003936767578125,1.0,1.0,0.03739653784090893,False,0.023860707879066467,-0.03912665694952011,0.03722172975540161,1.1282051282051282,False,NONE_DETECTED,/content/drive/MyDrive/satellite_change_detection/masks/Delhi/Delhi_r04_c03_2025_2026.png,UNKNOWN,0.016,Delhi_r04_c03,28.602523609587127,77.19567224284938
0.4302978515625,0.2906720042228699,0.6919049620628357,5,0.1678466796875,Delhi,Delhi_r04_c04.tif,2020,2021,LIKELY_NO_CHANGE,SCATTERED_CHANGE,False,No supported change interval,0,NO_SIGNIFICANT_CHANGE,LOW_PRIORITY_REVIEW,0.0004425048828125,0.0003662109375,0.0051116943359375,0.0,1.0,1.0,0.026965595535461497,False,0.1218700259923935,-0.08486644923686981,-0.0018323063850402832,1.7477477477477477,False,NONE_DETECTED,/content/drive/MyDrive/satellite_change_detection/masks/Delhi/Delhi_r04_c04_2020_2021.png,UNKNOWN,0.03,Delhi_r04_c04,28.602097259780365,77.22183650380704
0.6622314453125,0.3599976897239685,0.9043309092521667,5,0.23193359375,Delhi,Delhi_r04_c04.tif,2021,2022,LIKELY_NO_CHANGE,SCATTERED_CHANGE,False,No supported change interval,0,NO_SIGNIFICANT_CHANGE,LOW_PRIORITY_REVIEW,0.0003662109375,0.0010223388671875,0.0,0.0156402587890625,1.0,1.0,0.09101091513285824,False,-0.2088865041732788,0.11387714743614197,0.04013660550117493,4.132075471698113,False,NONE_DETECTED,/content/drive/MyDrive/satellite_change_detection/masks/Delhi/Delhi_r04_c04_2021_2022.png,UNKNOWN,0.051,Delhi_r04_c04,28.602097259780365,77.22183650380704
0.8453369140625,0.40568622946739197,0.9042822122573853,7,0.45318603515625,Delhi,Delhi_r04_c04.tif,2022,2023,LIKELY_NO_CHANGE,SCATTERED_CHANGE,False,No supported change interval,0,NO_SIGNIFICANT_CHANGE,LOW_PRIORITY_REVIEW,0.0010223388671875,0.0003814697265625,0.0156402587890625,0.0004119873046875,1.0,1.0,0.04321164069030031,False,0.09353969991207123,-0.03860323876142502,0.0009340345859527588,4.64,False,NONE_DETECTED,/content/drive/MyDrive/satellite_change_detection/masks/Delhi/Delhi_r04_c04_2022_2023.png,UNKNOWN,0.07,Delhi_r04_c04,28.602097259780365,77.22183650380704
0.22125244140625,0.34606388211250305,0.744314432144165,2,0.1373291015625,Delhi,Delhi_r04_c04.tif,2023,2024,LIKELY_NO_CHANGE,SCATTERED_CHANGE,False,No supported change interval,0,NO_SIGNIFICANT_CHANGE,LOW_PRIORITY_REVIEW,0.0003814697265625,0.00091552734375,0.0004119873046875,0.0015716552734375,1.0,1.0,0.0578776628136282,False,-0.03473217785358429,-0.022739633917808533,0.08904272317886353,1.5833333333333333,False,NONE_DETECTED,/content/drive/MyDrive/satellite_change_detection/masks/Delhi/Delhi_r04_c04_2023_2024.png,UNKNOWN,0.017,Delhi_r04_c04,28.602097259780365,77.22183650380704
0.27618408203125,0.3386481702327728,0.616011917591095,3,0.115966796875,Delhi,Delhi_r04_c04.tif,2024,2025,LIKELY_NO_CHANGE,SCATTERED_CHANGE,False,No supported change interval,0,NO_SIGNIFICANT_CHANGE,LOW_PRIORITY_REVIEW,0.00091552734375,0.0007781982421875,0.0015716552734375,0.0091552734375,1.0,1.0,0.010153334803512918,False,-0.07429806143045425,0.013290205970406532,0.06045728921890259,2.066666666666667,False,NONE_DETECTED,/content/drive/MyDrive/satellite_change_detection/masks/Delhi/Delhi_r04_c04_2024_2025.png,UNKNOWN,0.021,Delhi_r04_c04,28.602097259780365,77.22183650380704
0.1068115234375,0.27723926305770874,0.44275030493736267,2,0.06103515625,Delhi,Delhi_r04_c04.tif,2025,2026,LIKELY_NO_CHANGE,SCATTERED_CHANGE,False,No supported change interval,0,NO_SIGNIFICANT_CHANGE,LOW_PRIORITY_REVIEW,0.0007781982421875,0.0009613037109375,0.0091552734375,0.017974853515625,1.0,1.0,0.05469019120972102,False,-0.14725321531295776,0.04168287292122841,0.0938403308391571,4.7105263157894735,False,NONE_DETECTED,/content/drive/MyDrive/satellite_change_detection/masks/Delhi/Delhi_r04_c04_2025_2026.png,UNKNOWN,0.007,Delhi_r04_c04,28.602097259780365,77.22183650380704
0.76446533203125,0.27542033791542053,0.8063304424285889,3,0.55694580078125,Delhi,Delhi_r04_c05.tif,2020,2021,LIKELY_NO_CHANGE,SCATTERED_CHANGE,False,2020 -> 2023,3,PERSISTENT_CHANGE_SIGNAL,TEMPORAL_ONLY_EVIDENCE,7.62939453125e-05,6.103515625e-05,0.0017547607421875,0.0,1.0,1.0,0.031188878444607195,False,-0.34766942262649536,0.2794009745121002,0.03934818506240845,1.0303030303030303,False,NONE_DETECTED,/content/drive/MyDrive/satellite_change_detection/masks/Delhi/Delhi_r04_c05_2020_2021.png,CONSTRUCTION,0.107,Delhi_r04_c05,28.60166586802368,77.24800019312616
1.03607177734375,0.27186861634254456,0.5331441760063171,12,0.33721923828125,Delhi,Delhi_r04_c05.tif,2021,2022,LOW_PRIORITY_REVIEW,SCATTERED_CHANGE,False,2020 -> 2023,3,PERSISTENT_CHANGE_SIGNAL,TEMPORAL_ONLY_EVIDENCE,6.103515625e-05,0.00018310546875,0.0,0.0111083984375,1.0,1.0,0.13476830954139793,False,-0.06280019879341125,0.080844946205616,-0.02872970700263977,1.641025641025641,False,NONE_DETECTED,/content/drive/MyDrive/satellite_change_detection/masks/Delhi/Delhi_r04_c05_2021_2022.png,UNKNOWN,0.144,Delhi_r04_c05,28.60166586802368,77.24800019312616
2.178955078125,0.2859625220298767,0.7120517492294312,16,0.634765625,Delhi,Delhi_r04_c05.tif,2022,2023,LOW_PRIORITY_REVIEW,SCATTERED_CHANGE,True,2020 -> 2023,3,PERSISTENT_CHANGE_SIGNAL,TEMPORAL_ONLY_EVIDENCE,0.00018310546875,0.000274658203125,0.0111083984375,0.0072784423828125,1.0,1.0,0.03312980096835741,False,-0.23679828643798828,0.10833659023046494,0.10614714026451111,1.3548387096774193,False,NONE_DETECTED,/content/drive/MyDrive/satellite_change_detection/masks/Delhi/Delhi_r04_c05_2022_2023.png,CONSTRUCTION,0.309,Delhi_r04_c05,28.60166586802368,77.24800019312616
1.18255615234375,0.2880544066429138,0.5374794006347656,6,0.52947998046875,Delhi,Delhi_r04_c05.tif,2023,2024,LOW_PRIORITY_REVIEW,SCATTERED_CHANGE,False,2020 -> 2023,3,PERSISTENT_CHANGE_SIGNAL,TEMPORAL_ONLY_EVIDENCE,0.000274658203125,0.000701904296875,0.0072784423828125,0.00244140625,1.0,1.0,0.10185732118704532,False,0.09543615579605103,-0.03330841660499573,-0.02198430895805359,1.7,False,NONE_DETECTED,/content/drive/MyDrive/satellite_change_detection/masks/Delhi/Delhi_r04_c05_2023_2024.png,UNKNOWN,0.167,Delhi_r04_c05,28.60166586802368,77.24800019312616
0.53558349609375,0.3609558641910553,0.7111855745315552,5,0.29296875,Delhi,Delhi_r04_c05.tif,2024,2025,LIKELY_NO_CHANGE,SCATTERED_CHANGE,False,2020 -> 2023,3,PERSISTENT_CHANGE_SIGNAL,TEMPORAL_ONLY_EVIDENCE,0.000701904296875,0.0002899169921875,0.00244140625,0.037750244140625,1.0,1.0,0.010168660787907253,False,-0.10565082728862762,0.06518875062465668,0.03827348351478577,1.0659898477157361,False,NONE_DETECTED,/content/drive/MyDrive/satellite_change_detection/masks/Delhi/Delhi_r04_c05_2024_2025.png,UNKNOWN,0.079,Delhi_r04_c05,28.60166586802368,77.24800019312616
0.2166748046875,0.2848212420940399,0.41250520944595337,2,0.17852783203125,Delhi,Delhi_r04_c05.tif,2025,2026,LIKELY_NO_CHANGE,SCATTERED_CHANGE,False,2020 -> 2023,3,PERSISTENT_CHANGE_SIGNAL,TEMPORAL_ONLY_EVIDENCE,0.0002899169921875,0.0001678466796875,0.037750244140625,0.04364013671875,1.0,1.0,0.012614236207913536,False,0.18893392384052277,-0.05137650668621063,-0.1405547857284546,1.8571428571428572,False,NONE_DETECTED,/content/drive/MyDrive/satellite_change_detection/masks/Delhi/Delhi_r04_c05_2025_2026.png,VEGETATION_GAIN,0.03,Delhi_r04_c05,28.60166586802368,77.24800019312616
2.0751953125,0.26809266209602356,0.6006813049316406,17,0.4180908203125,Delhi,Delhi_r04_c06.tif,2020,2021,LOW_PRIORITY_REVIEW,SCATTERED_CHANGE,True,2020 -> 2021,6,PERSISTENT_CHANGE_SIGNAL,TEMPORAL_ONLY_EVIDENCE,0.0007171630859375,0.000457763671875,0.00048828125,0.0020904541015625,1.0,1.0,0.02496268399358664,False,-0.10777288675308228,0.10893681645393372,-0.017620161175727844,1.0324074074074074,False,NONE_DETECTED,/content/drive/MyDrive/satellite_change_detection/masks/Delhi/Delhi_r04_c06_2020_2021.png,CONSTRUCTION,0.288,Delhi_r04_c06,28.60122943472496,77.2741633040967
3.47900390625,0.2689855098724365,0.6671949625015259,32,0.65765380859375,Delhi,Delhi_r04_c06.tif,2021,2022,LOW_PRIORITY_REVIEW,SCATTERED_CHANGE,True,2020 -> 2021,6,PERSISTENT_CHANGE_SIGNAL,TEMPORAL_ONLY_EVIDENCE,0.000457763671875,0.00103759765625,0.0020904541015625,0.001495361328125,1.0,1.0,0.14771925890888038,False,0.15649458765983582,-0.10561448335647583,-0.038176894187927246,1.0161943319838056,False,NONE_DETECTED,/content/drive/MyDrive/satellite_change_detection/masks/Delhi/Delhi_r04_c06_2021_2022.png,VEGETATION_GAIN,0.488,Delhi_r04_c06,28.60122943472496,77.2741633040967
7.415771484375,0.3079483211040497,0.8102158904075623,32,1.12762451171875,Delhi,Delhi_r04_c06.tif,2022,2023,REVIEW_REQUIRED,SCATTERED_CHANGE,True,2020 -> 2021,6,PERSISTENT_CHANGE_SIGNAL,TEMPORAL_ONLY_EVIDENCE,0.00103759765625,0.000762939453125,0.001495361328125,0.0409088134765625,1.0,1.0,0.04830360502764844,False,-0.3096073269844055,0.1379544883966446,0.16217711567878723,1.0847457627118644,False,NONE_DETECTED,/content/drive/MyDrive/satellite_change_detection/masks/Delhi/Delhi_r04_c06_2022_2023.png,WATER,0.732,Delhi_r04_c06,28.60122943472496,77.2741633040967
3.05938720703125,0.30488523840904236,0.940259575843811,31,0.65765380859375,Delhi,Delhi_r04_c06.tif,2023,2024,LOW_PRIORITY_REVIEW,SCATTERED_CHANGE,True,2020 -> 2021,6,PERSISTENT_CHANGE_SIGNAL,TEMPORAL_ONLY_EVIDENCE,0.000762939453125,0.0009002685546875,0.0409088134765625,0.026611328125,1.0,1.0,0.04826651804575572,False,-0.010804951190948486,0.039133504033088684,-0.03518906235694885,1.1082251082251082,False,NONE_DETECTED,/content/drive/MyDrive/satellite_change_detection/masks/Delhi/Delhi_r04_c06_2023_2024.png,UNKNOWN,0.44,Delhi_r04_c06,28.60122943472496,77.2741633040967
1.48162841796875,0.2648116946220398,0.5601823925971985,17,0.22430419921875,Delhi,Delhi_r04_c06.tif,2024,2025,LOW_PRIORITY_REVIEW,SCATTERED_CHANGE,False,2020 -> 2021,6,PERSISTENT_CHANGE_SIGNAL,TEMPORAL_ONLY_EVIDENCE,0.0009002685546875,0.000579833984375,0.026611328125,0.0589141845703125,1.0,1.0,0.03713655515926531,False,0.1585405468940735,0.028211817145347595,-0.18594872951507568,1.0710900473933649,True,SEASONAL_VARIATION_LIKELY,/content/drive/MyDrive/satellite_change_detection/masks/Delhi/Delhi_r04_c06_2024_2025.png,UNKNOWN,0.186,Delhi_r04_c06,28.60122943472496,77.2741633040967
6.52923583984375,0.29781994223594666,0.691886305809021,18,2.26593017578125,Delhi,Delhi_r04_c06.tif,2025,2026,REVIEW_REQUIRED,MODERATELY_CONNECTED,True,2020 -> 2021,6,PERSISTENT_CHANGE_SIGNAL,MODERATE_EVIDENCE,0.000579833984375,0.000823974609375,0.0589141845703125,0.041961669921875,1.0,1.0,0.021511223894192737,False,-0.12904882431030273,0.1066838800907135,0.038101017475128174,1.103448275862069,False,NONE_DETECTED,/content/drive/MyDrive/satellite_change_detection/masks/Delhi/Delhi_r04_c06_2025_2026.png,CONSTRUCTION,0.756,Delhi_r04_c06,28.60122943472496,77.2741633040967
0.85601806640625,0.470792293548584,0.7768882513046265,6,0.59967041015625,Delhi,Delhi_r04_c07.tif,2020,2021,LIKELY_NO_CHANGE,SCATTERED_CHANGE,False,2020 -> 2023,4,PERSISTENT_CHANGE_SIGNAL,TEMPORAL_ONLY_EVIDENCE,6.103515625e-05,4.57763671875e-05,0.00018310546875,0.0,1.0,1.0,0.05562830154728538,False,-0.17699597775936127,0.015341995283961296,0.14049741625785828,1.578512396694215,True,SEASONAL_VARIATION_LIKELY,/content/drive/MyDrive/satellite_change_detection/masks/Delhi/Delhi_r04_c07_2020_2021.png,UNKNOWN,0.121,Delhi_r04_c07,28.600787960296813,77.30032583000947
0.76141357421875,0.3655717074871063,0.7474787831306458,9,0.29144287109375,Delhi,Delhi_r04_c07.tif,2021,2022,LIKELY_NO_CHANGE,SCATTERED_CHANGE,False,2020 -> 2023,4,PERSISTENT_CHANGE_SIGNAL,TEMPORAL_ONLY_EVIDENCE,4.57763671875e-05,1.52587890625e-05,0.0,0.00274658203125,1.0,1.0,0.07104707844381268,False,0.0504283607006073,-0.031149782240390778,-0.037599116563797,1.4497041420118344,False,NONE_DETECTED,/content/drive/MyDrive/satellite_change_detection/masks/Delhi/Delhi_r04_c07_2021_2022.png,UNKNOWN,0.113,Delhi_r04_c07,28.600787960296813,77.30032583000947
0.48675537109375,0.3602018356323242,0.8345683217048645,8,0.11138916015625,Delhi,Delhi_r04_c07.tif,2022,2023,LIKELY_NO_CHANGE,SCATTERED_CHANGE,False,2020 -> 2023,4,PERSISTENT_CHANGE_SIGNAL,TEMPORAL_ONLY_EVIDENCE,1.52587890625e-05,6.103515625e-05,0.00274658203125,1.52587890625e-05,1.0,1.0,0.0013104018996615092,False,0.12444421648979187,-0.1350221037864685,0.00330352783203125,1.4276315789473684,False,NONE_DETECTED,/content/drive/MyDrive/satellite_change_detection/masks/Delhi/Delhi_r04_c07_2022_2023.png,UNKNOWN,0.071,Delhi_r04_c07,28.600787960296813,77.30032583000947
3.53546142578125,0.3170643746852875,0.8642563819885254,10,1.629638671875,Delhi,Delhi_r04_c07.tif,2023,2024,REVIEW_REQUIRED,SCATTERED_CHANGE,True,2020 -> 2023,4,PERSISTENT_CHANGE_SIGNAL,TEMPORAL_ONLY_EVIDENCE,6.103515625e-05,0.0001678466796875,1.52587890625e-05,0.0006866455078125,1.0,1.0,0.06532372613574879,False,-0.2667545974254608,0.21871346235275269,0.02913069725036621,1.4733727810650887,False,NONE_DETECTED,/content/drive/MyDrive/satellite_change_detection/masks/Delhi/Delhi_r04_c07_2023_2024.png,CONSTRUCTION,0.53,Delhi_r04_c07,28.600787960296813,77.30032583000947
1.4068603515625,0.2813347280025482,0.6568154692649841,9,0.3509521484375,Delhi,Delhi_r04_c07.tif,2024,2025,LOW_PRIORITY_REVIEW,SCATTERED_CHANGE,False,2020 -> 2023,4,PERSISTENT_CHANGE_SIGNAL,TEMPORAL_ONLY_EVIDENCE,0.0001678466796875,7.62939453125e-05,0.0006866455078125,0.0067901611328125,1.0,1.0,0.01614052451521038,False,0.14668112993240356,-0.13250716030597687,0.012797921895980835,1.409356725146199,False,NONE_DETECTED,/content/drive/MyDrive/satellite_change_detection/masks/Delhi/Delhi_r04_c07_2024_2025.png,UNKNOWN,0.197,Delhi_r04_c07,28.600787960296813,77.30032583000947
0.73394775390625,0.2924655079841614,0.8620955348014832,9,0.146484375,Delhi,Delhi_r04_c07.tif,2025,2026,LIKELY_NO_CHANGE,SCATTERED_CHANGE,False,2020 -> 2023,4,PERSISTENT_CHANGE_SIGNAL,TEMPORAL_ONLY_EVIDENCE,7.62939453125e-05,4.57763671875e-05,0.0067901611328125,0.0138092041015625,1.0,1.0,0.01769398279902273,False,-0.2760579288005829,0.2443074882030487,0.007259666919708252,1.532934131736527,False,NONE_DETECTED,/content/drive/MyDrive/satellite_change_detection/masks/Delhi/Delhi_r04_c07_2025_2026.png,CONSTRUCTION,0.103,Delhi_r04_c07,28.600787960296813,77.30032583000947
4.16259765625,0.36224907636642456,0.8697910308837891,11,2.44903564453125,Delhi,Delhi_r05_c00.tif,2020,2021,REVIEW_REQUIRED,MODERATELY_CONNECTED,True,2020 -> 2021,6,PERSISTENT_CHANGE_SIGNAL,MODERATE_EVIDENCE,0.0072479248046875,0.0123748779296875,7.62939453125e-05,0.0,1.0,1.0,0.031156921546228233,False,-0.11458960175514221,-0.002191402018070221,0.10457506775856018,1.024,False,NONE_DETECTED,/content/drive/MyDrive/satellite_change_detection/masks/Delhi/Delhi_r05_c00_2020_2021.png,UNKNOWN,0.66,Delhi_r05_c00,28.580680360891296,77.11671325997823
4.2724609375,0.3472308814525604,0.9286215901374817,14,1.898193359375,Delhi,Delhi_r05_c00.tif,2021,2022,REVIEW_REQUIRED,SCATTERED_CHANGE,True,2020 -> 2021,6,PERSISTENT_CHANGE_SIGNAL,TEMPORAL_ONLY_EVIDENCE,0.0123748779296875,0.0154876708984375,0.0,0.0166473388671875,1.0,1.0,0.11762597459491136,False,-0.07541221380233765,-0.03577448055148125,0.06678998470306396,1.9692307692307693,False,NONE_DETECTED,/content/drive/MyDrive/satellite_change_detection/masks/Delhi/Delhi_r05_c00_2021_2022.png,UNKNOWN,0.659,Delhi_r05_c00,28.580680360891296,77.11671325997823
3.96728515625,0.32547828555107117,0.8019255995750427,10,1.52130126953125,Delhi,Delhi_r05_c00.tif,2022,2023,REVIEW_REQUIRED,SCATTERED_CHANGE,True,2020 -> 2021,6,PERSISTENT_CHANGE_SIGNAL,TEMPORAL_ONLY_EVIDENCE,0.0154876708984375,0.00811767578125,0.0166473388671875,0.00213623046875,1.0,1.0,0.04077616354601502,False,-0.015703022480010986,0.07130923122167587,-0.057305485010147095,1.1318181818181818,False,NONE_DETECTED,/content/drive/MyDrive/satellite_change_detection/masks/Delhi/Delhi_r05_c00_2022_2023.png,UNKNOWN,0.596,Delhi_r05_c00,28.580680360891296,77.11671325997823
0.53558349609375,0.30226483941078186,0.6417982578277588,5,0.21209716796875,Delhi,Delhi_r05_c00.tif,2023,2024,LIKELY_NO_CHANGE,SCATTERED_CHANGE,False,2020 -> 2021,6,PERSISTENT_CHANGE_SIGNAL,TEMPORAL_ONLY_EVIDENCE,0.00811767578125,0.0067138671875,0.00213623046875,0.0040283203125,1.0,1.0,0.08707503541363262,False,-0.049699269235134125,-0.03484279662370682,0.07780829071998596,4.681818181818182,False,NONE_DETECTED,/content/drive/MyDrive/satellite_change_detection/masks/Delhi/Delhi_r05_c00_2023_2024.png,UNKNOWN,0.076,Delhi_r05_c00,28.580680360891296,77.11671325997823
0.2777099609375,0.33545106649398804,0.6197161674499512,5,0.1220703125,Delhi,Delhi_r05_c00.tif,2024,2025,LIKELY_NO_CHANGE,SCATTERED_CHANGE,False,2020 -> 2021,6,PERSISTENT_CHANGE_SIGNAL,TEMPORAL_ONLY_EVIDENCE,0.0067138671875,0.001983642578125,0.0040283203125,0.003753662109375,1.0,1.0,0.051174108564167826,False,0.05367235094308853,-0.028812400996685028,0.020091146230697632,1.0909090909090908,False,NONE_DETECTED,/content/drive/MyDrive/satellite_change_detection/masks/Delhi/Delhi_r05_c00_2024_2025.png,UNKNOWN,0.04,Delhi_r05_c00,28.580680360891296,77.11671325997823
0.3021240234375,0.3138806223869324,0.6290563344955444,5,0.12664794921875,Delhi,Delhi_r05_c00.tif,2025,2026,LIKELY_NO_CHANGE,SCATTERED_CHANGE,False,2020 -> 2021,6,PERSISTENT_CHANGE_SIGNAL,TEMPORAL_ONLY_EVIDENCE,0.001983642578125,0.00286865234375,0.003753662109375,0.0223846435546875,1.0,1.0,0.03411956382160964,False,-0.020810618996620178,-0.023514188826084137,0.0020083487033843994,1.6213592233009708,False,NONE_DETECTED,/content/drive/MyDrive/satellite_change_detection/masks/Delhi/Delhi_r05_c00_2025_2026.png,UNKNOWN,0.043,Delhi_r05_c00,28.580680360891296,77.11671325997823
0.445556640625,0.29515063762664795,0.6257769465446472,8,0.1190185546875,Delhi,Delhi_r05_c01.tif,2020,2021,LIKELY_NO_CHANGE,SCATTERED_CHANGE,False,2020 -> 2024,3,PERSISTENT_CHANGE_SIGNAL,TEMPORAL_ONLY_EVIDENCE,0.000885009765625,0.0007781982421875,0.001556396484375,0.0,1.0,1.0,0.027581530622901484,False,-0.018182963132858276,-0.009835533797740936,0.038629353046417236,1.141732283464567,False,NONE_DETECTED,/content/drive/MyDrive/satellite_change_detection/masks/Delhi/Delhi_r05_c01_2020_2021.png,UNKNOWN,0.062,Delhi_r05_c01,28.58026953168889,77.14287348603766
1.04827880859375,0.40185174345970154,0.8301831483840942,7,0.37078857421875,Delhi,Delhi_r05_c01.tif,2021,2022,LOW_PRIORITY_REVIEW,SCATTERED_CHANGE,False,2020 -> 2024,3,PERSISTENT_CHANGE_SIGNAL,TEMPORAL_ONLY_EVIDENCE,0.0007781982421875,0.0015106201171875,0.0,0.0174560546875,1.0,1.0,0.058295519912640134,False,0.09829431772232056,-0.07607909291982651,-0.030803531408309937,1.7906976744186047,False,NONE_DETECTED,/content/drive/MyDrive/satellite_change_detection/masks/Delhi/Delhi_r05_c01_2021_2022.png,UNKNOWN,0.159,Delhi_r05_c01,28.58026953168889,77.14287348603766
0.22125244140625,0.3135926425457001,0.5908223390579224,4,0.091552734375,Delhi,Delhi_r05_c01.tif,2022,2023,LIKELY_NO_CHANGE,SCATTERED_CHANGE,False,2020 -> 2024,3,PERSISTENT_CHANGE_SIGNAL,TEMPORAL_ONLY_EVIDENCE,0.0015106201171875,0.0017852783203125,0.0174560546875,0.00177001953125,1.0,1.0,0.046479016900692637,False,-0.1562633216381073,0.08298277854919434,0.026410400867462158,2.4,False,NONE_DETECTED,/content/drive/MyDrive/satellite_change_detection/masks/Delhi/Delhi_r05_c01_2022_2023.png,VEGETATION_LOSS,0.031,Delhi_r05_c01,28.58026953168889,77.14287348603766
2.16064453125,0.3995290696620941,0.963107168674469,7,1.18560791015625,Delhi,Delhi_r05_c01.tif,2023,2024,REVIEW_REQUIRED,SCATTERED_CHANGE,True,2020 -> 2024,3,PERSISTENT_CHANGE_SIGNAL,TEMPORAL_ONLY_EVIDENCE,0.0017852783203125,0.0046539306640625,0.00177001953125,0.0032958984375,1.0,1.0,0.03807295501473487,False,-0.18209178745746613,0.06370721012353897,0.07510298490524292,1.1944444444444444,False,NONE_DETECTED,/content/drive/MyDrive/satellite_change_detection/masks/Delhi/Delhi_r05_c01_2023_2024.png,VEGETATION_LOSS,0.337,Delhi_r05_c01,28.58026953168889,77.14287348603766
0.44403076171875,0.3500717282295227,0.622374415397644,6,0.09002685546875,Delhi,Delhi_r05_c01.tif,2024,2025,LIKELY_NO_CHANGE,SCATTERED_CHANGE,False,2020 -> 2024,3,PERSISTENT_CHANGE_SIGNAL,TEMPORAL_ONLY_EVIDENCE,0.0046539306640625,0.0036163330078125,0.0032958984375,0.0098876953125,1.0,1.0,0.034545442070978434,False,0.1981794387102127,-0.08311039209365845,-0.056160926818847656,1.2949640287769784,False,NONE_DETECTED,/content/drive/MyDrive/satellite_change_detection/masks/Delhi/Delhi_r05_c01_2024_2025.png,VEGETATION_GAIN,0.065,Delhi_r05_c01,28.58026953168889,77.14287348603766
0.08392333984375,0.27121254801750183,0.45247405767440796,1,0.08392333984375,Delhi,Delhi_r05_c01.tif,2025,2026,LIKELY_NO_CHANGE,SCATTERED_CHANGE,False,2020 -> 2024,3,PERSISTENT_CHANGE_SIGNAL,TEMPORAL_ONLY_EVIDENCE,0.0036163330078125,0.0036163330078125,0.0098876953125,0.022796630859375,1.0,1.0,0.03722157926337207,False,0.12530970573425293,-0.004771685227751732,-0.08625257015228271,1.25,False,NONE_DETECTED,/content/drive/MyDrive/satellite_change_detection/masks/Delhi/Delhi_r05_c01_2025_2026.png,UNKNOWN,0.012,Delhi_r05_c01,28.58026953168889,77.14287348603766
0.30364990234375,0.3106118142604828,0.7039998769760132,7,0.06103515625,Delhi,Delhi_r05_c02.tif,2020,2021,LIKELY_NO_CHANGE,SCATTERED_CHANGE,False,2020 -> 2026,1,SINGLE_INTERVAL_CHANGE,LOW_PRIORITY_REVIEW,0.00042724609375,0.0002899169921875,0.00103759765625,0.0,1.0,1.0,0.02442965035689246,False,0.06136965751647949,-0.058698251843452454,0.02302756905555725,1.2102564102564102,False,NONE_DETECTED,/content/drive/MyDrive/satellite_change_detection/masks/Delhi/Delhi_r05_c02_2020_2021.png,UNKNOWN,0.029,Delhi_r05_c02,28.57985366415016,77.16903316110508
0.14495849609375,0.525800347328186,0.9002434015274048,2,0.07476806640625,Delhi,Delhi_r05_c02.tif,2021,2022,LIKELY_NO_CHANGE,SCATTERED_CHANGE,False,2020 -> 2026,1,SINGLE_INTERVAL_CHANGE,LOW_PRIORITY_REVIEW,0.0002899169921875,0.0009613037109375,0.0,0.0200042724609375,1.0,1.0,0.08175622039874036,False,0.049787163734436035,0.0032068267464637756,-0.08122774958610535,2.215686274509804,False,NONE_DETECTED,/content/drive/MyDrive/satellite_change_detection/masks/Delhi/Delhi_r05_c02_2021_2022.png,UNKNOWN,0.015,Delhi_r05_c02,28.57985366415016,77.16903316110508
0.177001953125,0.2942170798778534,0.5643119215965271,2,0.0946044921875,Delhi,Delhi_r05_c02.tif,2022,2023,LIKELY_NO_CHANGE,SCATTERED_CHANGE,False,2020 -> 2026,1,SINGLE_INTERVAL_CHANGE,LOW_PRIORITY_REVIEW,0.0009613037109375,0.00048828125,0.0200042724609375,0.0003204345703125,1.0,1.0,0.0720199000776336,False,-0.12354490160942078,-0.012034498155117035,0.12498936057090759,2.4237288135593222,False,NONE_DETECTED,/content/drive/MyDrive/satellite_change_detection/masks/Delhi/Delhi_r05_c02_2022_2023.png,UNKNOWN,0.017,Delhi_r05_c02,28.57985366415016,77.16903316110508
0.79193115234375,0.3394651412963867,0.8906792402267456,1,0.79193115234375,Delhi,Delhi_r05_c02.tif,2023,2024,LIKELY_NO_CHANGE,SCATTERED_CHANGE,False,2020 -> 2026,1,SINGLE_INTERVAL_CHANGE,LOW_PRIORITY_REVIEW,0.00048828125,0.0005645751953125,0.0003204345703125,0.00091552734375,1.0,1.0,0.03317923189462369,False,-0.3038046658039093,0.15454387664794922,0.04981809854507446,1.1724137931034482,False,NONE_DETECTED,/content/drive/MyDrive/satellite_change_detection/masks/Delhi/Delhi_r05_c02_2023_2024.png,UNKNOWN,0.08,Delhi_r05_c02,28.57985366415016,77.16903316110508
0.3021240234375,0.26635536551475525,0.587558388710022,3,0.19378662109375,Delhi,Delhi_r05_c02.tif,2024,2025,LIKELY_NO_CHANGE,SCATTERED_CHANGE,False,2020 -> 2026,1,SINGLE_INTERVAL_CHANGE,LOW_PRIORITY_REVIEW,0.0005645751953125,0.00054931640625,0.00091552734375,0.010101318359375,1.0,1.0,0.055436674013005,False,0.20337367057800293,-0.08891168236732483,-0.0548475980758667,1.4615384615384615,False,NONE_DETECTED,/content/drive/MyDrive/satellite_change_detection/masks/Delhi/Delhi_r05_c02_2024_2025.png,UNKNOWN,0.027,Delhi_r05_c02,28.57985366415016,77.16903316110508
1.04827880859375,0.45290493965148926,0.9227107763290405,4,0.787353515625,Delhi,Delhi_r05_c02.tif,2025,2026,LOW_PRIORITY_REVIEW,SCATTERED_CHANGE,False,2020 -> 2026,1,SINGLE_INTERVAL_CHANGE,LOW_PRIORITY_REVIEW,0.00054931640625,0.0013885498046875,0.010101318359375,0.0124969482421875,1.0,1.0,0.016509430067687757,False,-0.36641567945480347,0.15154939889907837,0.1268846094608307,1.0663716814159292,False,NONE_DETECTED,/content/drive/MyDrive/satellite_change_detection/masks/Delhi/Delhi_r05_c02_2025_2026.png,UNKNOWN,0.112,Delhi_r05_c02,28.57985366415016,77.16903316110508
0.99029541015625,0.3982762098312378,0.8991429805755615,8,0.45318603515625,Delhi,Delhi_r05_c03.tif,2020,2021,LIKELY_NO_CHANGE,SCATTERED_CHANGE,False,2020 -> 2022,5,PERSISTENT_CHANGE_SIGNAL,TEMPORAL_ONLY_EVIDENCE,0.000823974609375,0.0006103515625,0.0003662109375,0.0,1.0,1.0,0.04482561793008905,False,-0.21658273041248322,0.12333071231842041,0.034280091524124146,1.3055555555555556,False,NONE_DETECTED,/content/drive/MyDrive/satellite_change_detection/masks/Delhi/Delhi_r05_c03_2020_2021.png,CONSTRUCTION,0.151,Delhi_r05_c03,28.579432758668208,77.1951922784739
2.0599365234375,0.3708733320236206,0.9248077273368835,14,0.69580078125,Delhi,Delhi_r05_c03.tif,2021,2022,LOW_PRIORITY_REVIEW,SCATTERED_CHANGE,True,2020 -> 2022,5,PERSISTENT_CHANGE_SIGNAL,TEMPORAL_ONLY_EVIDENCE,0.0006103515625,0.0015716552734375,0.0,0.010650634765625,1.0,1.0,0.04570066250042024,False,0.012302637100219727,0.014842522330582142,-0.05006977915763855,1.305732484076433,False,NONE_DETECTED,/content/drive/MyDrive/satellite_change_detection/masks/Delhi/Delhi_r05_c03_2021_2022.png,UNKNOWN,0.31,Delhi_r05_c03,28.579432758668208,77.1951922784739
2.27203369140625,0.3168524205684662,0.8333297371864319,8,1.22222900390625,Delhi,Delhi_r05_c03.tif,2022,2023,REVIEW_REQUIRED,SCATTERED_CHANGE,True,2020 -> 2022,5,PERSISTENT_CHANGE_SIGNAL,TEMPORAL_ONLY_EVIDENCE,0.0015716552734375,0.0010223388671875,0.010650634765625,0.0006103515625,1.0,1.0,0.020139465325193097,False,-0.18626141548156738,0.07736079394817352,0.0770983099937439,1.0930232558139534,False,NONE_DETECTED,/content/drive/MyDrive/satellite_change_detection/masks/Delhi/Delhi_r05_c03_2022_2023.png,VEGETATION_LOSS,0.336,Delhi_r05_c03,28.579432758668208,77.1951922784739
3.24249267578125,0.3510458469390869,0.7545621395111084,17,0.64849853515625,Delhi,Delhi_r05_c03.tif,2023,2024,LOW_PRIORITY_REVIEW,SCATTERED_CHANGE,True,2020 -> 2022,5,PERSISTENT_CHANGE_SIGNAL,TEMPORAL_ONLY_EVIDENCE,0.0010223388671875,0.0012969970703125,0.0006103515625,0.002166748046875,1.0,1.0,0.03747246041793955,False,-0.23716039955615997,0.07719889283180237,0.09959566593170166,1.0406091370558375,False,NONE_DETECTED,/content/drive/MyDrive/satellite_change_detection/masks/Delhi/Delhi_r05_c03_2023_2024.png,VEGETATION_LOSS,0.481,Delhi_r05_c03,28.579432758668208,77.1951922784739
2.874755859375,0.3648739159107208,0.8156566619873047,10,1.7547607421875,Delhi,Delhi_r05_c03.tif,2024,2025,REVIEW_REQUIRED,SCATTERED_CHANGE,True,2020 -> 2022,5,PERSISTENT_CHANGE_SIGNAL,TEMPORAL_ONLY_EVIDENCE,0.0012969970703125,0.00274658203125,0.002166748046875,0.005859375,1.0,1.0,0.05281423518545754,False,0.11077876389026642,-0.05591338500380516,-0.004771292209625244,1.0714285714285714,False,NONE_DETECTED,/content/drive/MyDrive/satellite_change_detection/masks/Delhi/Delhi_r05_c03_2024_2025.png,UNKNOWN,0.446,Delhi_r05_c03,28.579432758668208,77.1951922784739
0.9246826171875,0.3638737201690674,0.7631411552429199,17,0.10986328125,Delhi,Delhi_r05_c03.tif,2025,2026,LIKELY_NO_CHANGE,SCATTERED_CHANGE,False,2020 -> 2022,5,PERSISTENT_CHANGE_SIGNAL,TEMPORAL_ONLY_EVIDENCE,0.00274658203125,0.0046234130859375,0.005859375,0.012542724609375,1.0,1.0,0.026631597422150124,False,-0.12774832546710968,0.056831829249858856,0.023146331310272217,1.049689440993789,False,NONE_DETECTED,/content/drive/MyDrive/satellite_change_detection/masks/Delhi/Delhi_r05_c03_2025_2026.png,UNKNOWN,0.136,Delhi_r05_c03,28.579432758668208,77.1951922784739
0.39520263671875,0.3116493225097656,0.8051608800888062,6,0.10528564453125,Delhi,Delhi_r05_c04.tif,2020,2021,LIKELY_NO_CHANGE,SCATTERED_CHANGE,False,2020 -> 2024,2,PERSISTENT_CHANGE_SIGNAL,TEMPORAL_ONLY_EVIDENCE,0.004180908203125,0.0037689208984375,0.001556396484375,0.0,1.0,1.0,0.03665417023534526,False,0.038495808839797974,-0.06450145691633224,0.04986336827278137,1.6423841059602649,False,NONE_DETECTED,/content/drive/MyDrive/satellite_change_detection/masks/Delhi/Delhi_r05_c04_2020_2021.png,UNKNOWN,0.047,Delhi_r05_c04,28.57900681564096,77.22135083143861
0.63323974609375,0.37191206216812134,0.7596970200538635,7,0.20599365234375,Delhi,Delhi_r05_c04.tif,2021,2022,LIKELY_NO_CHANGE,SCATTERED_CHANGE,False,2020 -> 2024,2,PERSISTENT_CHANGE_SIGNAL,TEMPORAL_ONLY_EVIDENCE,0.0037689208984375,0.004302978515625,0.0,0.003143310546875,1.0,1.0,0.04854303167406645,False,0.04038020968437195,0.03316168114542961,-0.11993011832237244,1.6761904761904762,False,NONE_DETECTED,/content/drive/MyDrive/satellite_change_detection/masks/Delhi/Delhi_r05_c04_2021_2022.png,UNKNOWN,0.079,Delhi_r05_c04,28.57900681564096,77.22135083143861
0.244140625,0.31195369362831116,0.8129948377609253,4,0.11444091796875,Delhi,Delhi_r05_c04.tif,2022,2023,LIKELY_NO_CHANGE,SCATTERED_CHANGE,False,2020 -> 2024,2,PERSISTENT_CHANGE_SIGNAL,TEMPORAL_ONLY_EVIDENCE,0.004302978515625,0.004302978515625,0.003143310546875,0.0003204345703125,1.0,1.0,0.05542500140702527,False,-0.026026412844657898,-0.012048590928316116,0.049758344888687134,1.3410852713178294,False,NONE_DETECTED,/content/drive/MyDrive/satellite_change_detection/masks/Delhi/Delhi_r05_c04_2022_2023.png,UNKNOWN,0.029,Delhi_r05_c04,28.57900681564096,77.22135083143861
0.3570556640625,0.36055442690849304,0.9438722133636475,5,0.08087158203125,Delhi,Delhi_r05_c04.tif,2023,2024,LIKELY_NO_CHANGE,SCATTERED_CHANGE,False,2020 -> 2024,2,PERSISTENT_CHANGE_SIGNAL,TEMPORAL_ONLY_EVIDENCE,0.004302978515625,0.0049285888671875,0.0003204345703125,0.000579833984375,1.0,1.0,0.06549854480035008,False,-0.035023629665374756,-0.0410066582262516,0.07792949676513672,1.2696629213483146,False,NONE_DETECTED,/content/drive/MyDrive/satellite_change_detection/masks/Delhi/Delhi_r05_c04_2023_2024.png,UNKNOWN,0.044,Delhi_r05_c04,28.57900681564096,77.22135083143861
0.35858154296875,0.35229790210723877,0.7422511577606201,4,0.13427734375,Delhi,Delhi_r05_c04.tif,2024,2025,LIKELY_NO_CHANGE,SCATTERED_CHANGE,False,2020 -> 2024,2,PERSISTENT_CHANGE_SIGNAL,TEMPORAL_ONLY_EVIDENCE,0.0049285888671875,0.0053253173828125,0.000579833984375,0.0040740966796875,1.0,1.0,0.04305510126651642,False,0.012843966484069824,0.005850408226251602,0.005786329507827759,2.5595238095238093,False,NONE_DETECTED,/content/drive/MyDrive/satellite_change_detection/masks/Delhi/Delhi_r05_c04_2024_2025.png,UNKNOWN,0.044,Delhi_r05_c04,28.57900681564096,77.22135083143861
0.5706787109375,0.385851114988327,0.7586691379547119,7,0.238037109375,Delhi,Delhi_r05_c04.tif,2025,2026,LIKELY_NO_CHANGE,SCATTERED_CHANGE,False,2020 -> 2024,2,PERSISTENT_CHANGE_SIGNAL,TEMPORAL_ONLY_EVIDENCE,0.0053253173828125,0.00469970703125,0.0040740966796875,0.007659912109375,1.0,1.0,0.051000417159081296,False,-0.19812478125095367,0.0922401025891304,0.08819976449012756,1.9296875,False,NONE_DETECTED,/content/drive/MyDrive/satellite_change_detection/masks/Delhi/Delhi_r05_c04_2025_2026.png,VEGETATION_LOSS,0.072,Delhi_r05_c04,28.57900681564096,77.22135083143861
0.5584716796875,0.3347330093383789,0.8073842525482178,5,0.16937255859375,Delhi,Delhi_r05_c05.tif,2020,2021,LIKELY_NO_CHANGE,SCATTERED_CHANGE,False,2020 -> 2024,3,PERSISTENT_CHANGE_SIGNAL,TEMPORAL_ONLY_EVIDENCE,0.003265380859375,0.00299072265625,0.0003662109375,0.0,1.0,1.0,0.03221921892404051,False,-0.18886861205101013,0.030740415677428246,0.11578530073165894,1.223529411764706,True,SEASONAL_VARIATION_LIKELY,/content/drive/MyDrive/satellite_change_detection/masks/Delhi/Delhi_r05_c05_2020_2021.png,UNKNOWN,0.074,Delhi_r05_c05,28.57857583547101,77.24750881329446
0.31890869140625,0.26775482296943665,0.6368119716644287,6,0.0823974609375,Delhi,Delhi_r05_c05.tif,2021,2022,LIKELY_NO_CHANGE,SCATTERED_CHANGE,False,2020 -> 2024,3,PERSISTENT_CHANGE_SIGNAL,TEMPORAL_ONLY_EVIDENCE,0.00299072265625,0.0032806396484375,0.0,0.002288818359375,1.0,1.0,0.0827702028018326,False,0.13032647967338562,-0.041598156094551086,-0.09082067012786865,1.028688524590164,False,NONE_DETECTED,/content/drive/MyDrive/satellite_change_detection/masks/Delhi/Delhi_r05_c05_2021_2022.png,UNKNOWN,0.044,Delhi_r05_c05,28.57857583547101,77.24750881329446
0.1953125,0.3932044506072998,0.7817804217338562,3,0.08087158203125,Delhi,Delhi_r05_c05.tif,2022,2023,LIKELY_NO_CHANGE,SCATTERED_CHANGE,False,2020 -> 2024,3,PERSISTENT_CHANGE_SIGNAL,TEMPORAL_ONLY_EVIDENCE,0.0032806396484375,0.0032196044921875,0.002288818359375,0.00030517578125,1.0,1.0,0.08466274944125188,False,-0.15639644861221313,0.06492969393730164,0.07493898272514343,2.0555555555555554,False,NONE_DETECTED,/content/drive/MyDrive/satellite_change_detection/masks/Delhi/Delhi_r05_c05_2022_2023.png,VEGETATION_LOSS,0.029,Delhi_r05_c05,28.57857583547101,77.24750881329446
1.08489990234375,0.411793977022171,0.8515931367874146,7,0.26702880859375,Delhi,Delhi_r05_c05.tif,2023,2024,LOW_PRIORITY_REVIEW,SCATTERED_CHANGE,False,2020 -> 2024,3,PERSISTENT_CHANGE_SIGNAL,TEMPORAL_ONLY_EVIDENCE,0.0032196044921875,0.0036468505859375,0.00030517578125,0.0002288818359375,1.0,1.0,0.04254207207448514,False,-0.14747972786426544,0.0330033041536808,0.10530954599380493,1.3985507246376812,False,NONE_DETECTED,/content/drive/MyDrive/satellite_change_detection/masks/Delhi/Delhi_r05_c05_2023_2024.png,UNKNOWN,0.164,Delhi_r05_c05,28.57857583547101,77.24750881329446
0.2227783203125,0.34014520049095154,0.5446025133132935,4,0.0762939453125,Delhi,Delhi_r05_c05.tif,2024,2025,LIKELY_NO_CHANGE,SCATTERED_CHANGE,False,2020 -> 2024,3,PERSISTENT_CHANGE_SIGNAL,TEMPORAL_ONLY_EVIDENCE,0.0036468505859375,0.0035552978515625,0.0002288818359375,0.00140380859375,1.0,1.0,0.021978523188260445,False,-0.008779361844062805,0.004164617508649826,0.009401649236679077,2.4833333333333334,False,NONE_DETECTED,/content/drive/MyDrive/satellite_change_detection/masks/Delhi/Delhi_r05_c05_2024_2025.png,UNKNOWN,0.032,Delhi_r05_c05,28.57857583547101,77.24750881329446
0.16632080078125,0.2980116009712219,0.5131694674491882,4,0.0457763671875,Delhi,Delhi_r05_c05.tif,2025,2026,LIKELY_NO_CHANGE,SCATTERED_CHANGE,False,2020 -> 2024,3,PERSISTENT_CHANGE_SIGNAL,TEMPORAL_ONLY_EVIDENCE,0.0035552978515625,0.003448486328125,0.00140380859375,0.005889892578125,1.0,1.0,0.020137309154026825,False,-0.029229551553726196,-0.029703158885240555,0.0703248679637909,1.0815450643776825,False,NONE_DETECTED,/content/drive/MyDrive/satellite_change_detection/masks/Delhi/Delhi_r05_c05_2025_2026.png,UNKNOWN,0.023,Delhi_r05_c05,28.57857583547101,77.24750881329446
5.95703125,0.32883477210998535,0.8160375356674194,15,2.850341796875,Delhi,Delhi_r05_c06.tif,2020,2021,REVIEW_REQUIRED,MODERATELY_CONNECTED,True,2020 -> 2021,6,PERSISTENT_CHANGE_SIGNAL,MODERATE_EVIDENCE,9.1552734375e-05,9.1552734375e-05,9.1552734375e-05,0.0,1.0,1.0,0.08140101230430702,False,-0.20337703824043274,0.057954248040914536,0.15205839276313782,1.0294117647058822,False,NONE_DETECTED,/content/drive/MyDrive/satellite_change_detection/masks/Delhi/Delhi_r05_c06_2020_2021.png,WATER,0.786,Delhi_r05_c06,28.57813981856575,77.2736662173375
5.51605224609375,0.2657477557659149,0.6570923328399658,21,1.93023681640625,Delhi,Delhi_r05_c06.tif,2021,2022,REVIEW_REQUIRED,SCATTERED_CHANGE,True,2020 -> 2021,6,PERSISTENT_CHANGE_SIGNAL,TEMPORAL_ONLY_EVIDENCE,9.1552734375e-05,0.00018310546875,0.0,0.001861572265625,1.0,1.0,0.07072406671817623,False,0.17568202316761017,-0.07966591417789459,-0.07599735260009766,1.1457286432160805,False,NONE_DETECTED,/content/drive/MyDrive/satellite_change_detection/masks/Delhi/Delhi_r05_c06_2021_2022.png,VEGETATION_GAIN,0.731,Delhi_r05_c06,28.57813981856575,77.2736662173375
1.24053955078125,0.2998259365558624,0.5839385986328125,11,0.35552978515625,Delhi,Delhi_r05_c06.tif,2022,2023,LOW_PRIORITY_REVIEW,SCATTERED_CHANGE,False,2020 -> 2021,6,PERSISTENT_CHANGE_SIGNAL,TEMPORAL_ONLY_EVIDENCE,0.00018310546875,0.0001220703125,0.001861572265625,0.0101165771484375,1.0,1.0,0.013372522285628758,False,-0.17658329010009766,0.027398936450481415,0.21796996891498566,1.1451612903225807,True,SEASONAL_VARIATION_LIKELY,/content/drive/MyDrive/satellite_change_detection/masks/Delhi/Delhi_r05_c06_2022_2023.png,UNKNOWN,0.161,Delhi_r05_c06,28.57813981856575,77.2736662173375
2.25830078125,0.3200085163116455,0.6809632778167725,17,0.4241943359375,Delhi,Delhi_r05_c06.tif,2023,2024,LOW_PRIORITY_REVIEW,SCATTERED_CHANGE,True,2020 -> 2021,6,PERSISTENT_CHANGE_SIGNAL,TEMPORAL_ONLY_EVIDENCE,0.0001220703125,0.0001373291015625,0.0101165771484375,0.0126800537109375,1.0,1.0,0.06511787122568592,False,-0.21357408165931702,0.11032216250896454,0.08585625886917114,1.3111111111111111,False,NONE_DETECTED,/content/drive/MyDrive/satellite_change_detection/masks/Delhi/Delhi_r05_c06_2023_2024.png,CONSTRUCTION,0.325,Delhi_r05_c06,28.57813981856575,77.2736662173375
0.57830810546875,0.28061723709106445,0.6030408143997192,9,0.13885498046875,Delhi,Delhi_r05_c06.tif,2024,2025,LIKELY_NO_CHANGE,SCATTERED_CHANGE,False,2020 -> 2021,6,PERSISTENT_CHANGE_SIGNAL,TEMPORAL_ONLY_EVIDENCE,0.0001373291015625,0.000152587890625,0.0126800537109375,0.03802490234375,1.0,1.0,0.0580431141607579,False,0.14271005988121033,-0.06319854408502579,-0.09151768684387207,1.1125,False,NONE_DETECTED,/content/drive/MyDrive/satellite_change_detection/masks/Delhi/Delhi_r05_c06_2024_2025.png,UNKNOWN,0.08,Delhi_r05_c06,28.57813981856575,77.2736662173375
2.22930908203125,0.3419451415538788,0.8911709785461426,10,0.64849853515625,Delhi,Delhi_r05_c06.tif,2025,2026,LOW_PRIORITY_REVIEW,SCATTERED_CHANGE,True,2020 -> 2021,6,PERSISTENT_CHANGE_SIGNAL,TEMPORAL_ONLY_EVIDENCE,0.000152587890625,0.0001983642578125,0.03802490234375,0.06927490234375,1.0,1.0,0.004554536774111579,False,-0.2765306532382965,0.16128037869930267,0.07794350385665894,1.1414141414141414,False,NONE_DETECTED,/content/drive/MyDrive/satellite_change_detection/masks/Delhi/Delhi_r05_c06_2025_2026.png,CONSTRUCTION,0.329,Delhi_r05_c06,28.57813981856575,77.2736662173375
3.4332275390625,0.31946104764938354,0.7754777073860168,20,0.91094970703125,Delhi,Delhi_r05_c07.tif,2020,2021,LOW_PRIORITY_REVIEW,SCATTERED_CHANGE,True,2020 -> 2021,6,PERSISTENT_CHANGE_SIGNAL,TEMPORAL_ONLY_EVIDENCE,0.0001983642578125,0.000274658203125,0.011505126953125,0.0,1.0,1.0,0.03344768309544802,False,-0.1962207555770874,0.15146338939666748,0.03138995170593262,1.0893617021276596,False,NONE_DETECTED,/content/drive/MyDrive/satellite_change_detection/masks/Delhi/Delhi_r05_c07_2020_2021.png,CONSTRUCTION,0.503,Delhi_r05_c07,28.57769876533729,77.29982303686496
2.9083251953125,0.30397480726242065,0.9397810697555542,15,0.8331298828125,Delhi,Delhi_r05_c07.tif,2021,2022,LOW_PRIORITY_REVIEW,SCATTERED_CHANGE,True,2020 -> 2021,6,PERSISTENT_CHANGE_SIGNAL,TEMPORAL_ONLY_EVIDENCE,0.000274658203125,0.00030517578125,0.0,0.00592041015625,1.0,1.0,0.13483810433578206,False,0.30427873134613037,-0.14293333888053894,-0.166508749127388,1.2422360248447204,False,NONE_DETECTED,/content/drive/MyDrive/satellite_change_detection/masks/Delhi/Delhi_r05_c07_2021_2022.png,WATER,0.42,Delhi_r05_c07,28.57769876533729,77.29982303686496
1.58843994140625,0.30814245343208313,0.7310565114021301,13,0.36773681640625,Delhi,Delhi_r05_c07.tif,2022,2023,LOW_PRIORITY_REVIEW,SCATTERED_CHANGE,False,2020 -> 2021,6,PERSISTENT_CHANGE_SIGNAL,TEMPORAL_ONLY_EVIDENCE,0.00030517578125,0.0003662109375,0.00592041015625,0.015716552734375,1.0,1.0,0.07746591954651588,False,-0.1627197265625,0.08027351647615433,0.08405521512031555,1.221311475409836,False,NONE_DETECTED,/content/drive/MyDrive/satellite_change_detection/masks/Delhi/Delhi_r05_c07_2022_2023.png,VEGETATION_LOSS,0.227,Delhi_r05_c07,28.57769876533729,77.29982303686496
1.24969482421875,0.2782532870769501,0.9233499765396118,12,0.33721923828125,Delhi,Delhi_r05_c07.tif,2023,2024,LOW_PRIORITY_REVIEW,SCATTERED_CHANGE,False,2020 -> 2021,6,PERSISTENT_CHANGE_SIGNAL,TEMPORAL_ONLY_EVIDENCE,0.0003662109375,0.000335693359375,0.015716552734375,0.0064544677734375,1.0,1.0,0.07868148093776123,False,-0.04907757043838501,0.006552085280418396,0.07139015197753906,1.0919540229885059,False,NONE_DETECTED,/content/drive/MyDrive/satellite_change_detection/masks/Delhi/Delhi_r05_c07_2023_2024.png,UNKNOWN,0.174,Delhi_r05_c07,28.57769876533729,77.29982303686496
1.0986328125,0.246506929397583,0.6595351696014404,9,0.250244140625,Delhi,Delhi_r05_c07.tif,2024,2025,LOW_PRIORITY_REVIEW,SCATTERED_CHANGE,False,2020 -> 2021,6,PERSISTENT_CHANGE_SIGNAL,TEMPORAL_ONLY_EVIDENCE,0.000335693359375,0.0001983642578125,0.0064544677734375,0.0458831787109375,1.0,1.0,0.07500755086145368,False,0.1347719430923462,-0.0651598870754242,-0.07915335893630981,1.0454545454545454,False,NONE_DETECTED,/content/drive/MyDrive/satellite_change_detection/masks/Delhi/Delhi_r05_c07_2024_2025.png,UNKNOWN,0.149,Delhi_r05_c07,28.57769876533729,77.29982303686496
1.910400390625,0.28330928087234497,0.6983438730239868,14,0.50048828125,Delhi,Delhi_r05_c07.tif,2025,2026,LOW_PRIORITY_REVIEW,SCATTERED_CHANGE,False,2020 -> 2021,6,PERSISTENT_CHANGE_SIGNAL,TEMPORAL_ONLY_EVIDENCE,0.0001983642578125,0.000152587890625,0.0458831787109375,0.0555419921875,1.0,1.0,0.06780970212299459,False,-0.22303050756454468,0.02926037460565567,0.29369181394577026,1.0203045685279188,True,SEASONAL_VARIATION_LIKELY,/content/drive/MyDrive/satellite_change_detection/masks/Delhi/Delhi_r05_c07_2025_2026.png,UNKNOWN,0.246,Delhi_r05_c07,28.57769876533729,77.29982303686496
6.68487548828125,0.3440525233745575,0.9144877195358276,20,0.9765625,Delhi,Delhi_r06_c00.tif,2020,2021,LOW_PRIORITY_REVIEW,SCATTERED_CHANGE,True,2020 -> 2021,6,PERSISTENT_CHANGE_SIGNAL,TEMPORAL_ONLY_EVIDENCE,0.0013580322265625,0.0030975341796875,0.0002593994140625,0.0,1.0,1.0,0.02538661824307643,False,-0.07063426077365875,0.0194905623793602,0.03879666328430176,1.0,False,NONE_DETECTED,/content/drive/MyDrive/satellite_change_detection/masks/Delhi/Delhi_r06_c00_2020_2021.png,UNKNOWN,0.746,Delhi_r06_c00,28.557588232977555,77.11625096698258
7.97882080078125,0.33650141954421997,0.8027950525283813,32,2.09808349609375,Delhi,Delhi_r06_c00.tif,2021,2022,REVIEW_REQUIRED,MODERATELY_CONNECTED,True,2020 -> 2021,6,PERSISTENT_CHANGE_SIGNAL,MODERATE_EVIDENCE,0.0030975341796875,0.0073394775390625,0.0,0.0075225830078125,1.0,1.0,0.09994133322041449,False,-0.032929763197898865,-0.022432230412960052,0.045017391443252563,1.0158730158730158,False,NONE_DETECTED,/content/drive/MyDrive/satellite_change_detection/masks/Delhi/Delhi_r06_c00_2021_2022.png,UNKNOWN,0.771,Delhi_r06_c00,28.557588232977555,77.11625096698258
7.391357421875,0.34170615673065186,0.8226150274276733,28,1.67236328125,Delhi,Delhi_r06_c00.tif,2022,2023,REVIEW_REQUIRED,SCATTERED_CHANGE,True,2020 -> 2021,6,PERSISTENT_CHANGE_SIGNAL,TEMPORAL_ONLY_EVIDENCE,0.0073394775390625,0.019195556640625,0.0075225830078125,0.005767822265625,1.0,1.0,0.10690821268173349,False,-0.08963337540626526,0.00507008284330368,0.06995666027069092,1.0,False,NONE_DETECTED,/content/drive/MyDrive/satellite_change_detection/masks/Delhi/Delhi_r06_c00_2022_2023.png,UNKNOWN,0.763,Delhi_r06_c00,28.557588232977555,77.11625096698258
13.250732421875,0.3492588996887207,0.9756535291671753,28,2.1881103515625,Delhi,Delhi_r06_c00.tif,2023,2024,REVIEW_REQUIRED,MODERATELY_CONNECTED,True,2020 -> 2021,6,PERSISTENT_CHANGE_SIGNAL,MODERATE_EVIDENCE,0.019195556640625,0.035369873046875,0.005767822265625,0.0009307861328125,1.0,1.0,0.03718971588762256,False,-0.08037751913070679,-0.014824986457824707,0.09006577730178833,1.0,False,NONE_DETECTED,/content/drive/MyDrive/satellite_change_detection/masks/Delhi/Delhi_r06_c00_2023_2024.png,UNKNOWN,0.779,Delhi_r06_c00,28.557588232977555,77.11625096698258
9.2071533203125,0.33452466130256653,0.6346778869628906,24,1.5380859375,Delhi,Delhi_r06_c00.tif,2024,2025,REVIEW_REQUIRED,SCATTERED_CHANGE,True,2020 -> 2021,6,PERSISTENT_CHANGE_SIGNAL,TEMPORAL_ONLY_EVIDENCE,0.035369873046875,0.0251312255859375,0.0009307861328125,0.0053558349609375,1.0,1.0,0.043794978826078024,False,0.1854584515094757,-0.009517930448055267,-0.1378374993801117,1.0260869565217392,True,SEASONAL_VARIATION_LIKELY,/content/drive/MyDrive/satellite_change_detection/masks/Delhi/Delhi_r06_c00_2024_2025.png,UNKNOWN,0.3,Delhi_r06_c00,28.557588232977555,77.11625096698258
2.2247314453125,0.33603134751319885,0.696518063545227,10,0.6561279296875,Delhi,Delhi_r06_c00.tif,2025,2026,LOW_PRIORITY_REVIEW,SCATTERED_CHANGE,True,2020 -> 2021,6,PERSISTENT_CHANGE_SIGNAL,TEMPORAL_ONLY_EVIDENCE,0.0251312255859375,0.0266265869140625,0.0053558349609375,0.0118255615234375,1.0,1.0,0.05221127918890635,False,-0.1815859079360962,0.056228652596473694,0.098673015832901,1.5,False,NONE_DETECTED,/content/drive/MyDrive/satellite_change_detection/masks/Delhi/Delhi_r06_c00_2025_2026.png,VEGETATION_LOSS,0.327,Delhi_r06_c00,28.557588232977555,77.11625096698258
2.29339599609375,0.346698135137558,0.8204357624053955,14,0.433349609375,Delhi,Delhi_r06_c01.tif,2020,2021,LOW_PRIORITY_REVIEW,SCATTERED_CHANGE,True,2020 -> 2021,6,PERSISTENT_CHANGE_SIGNAL,TEMPORAL_ONLY_EVIDENCE,0.0001373291015625,0.00030517578125,0.0008087158203125,0.0,1.0,1.0,0.048168206734372686,False,-0.027018651366233826,0.0009249001741409302,0.026355236768722534,1.0,False,NONE_DETECTED,/content/drive/MyDrive/satellite_change_detection/masks/Delhi/Delhi_r06_c01_2020_2021.png,UNKNOWN,0.337,Delhi_r06_c01,28.55717779596292,77.1424054902046
0.71868896484375,0.2870449721813202,0.8171992897987366,9,0.16326904296875,Delhi,Delhi_r06_c01.tif,2021,2022,LIKELY_NO_CHANGE,SCATTERED_CHANGE,False,2020 -> 2021,6,PERSISTENT_CHANGE_SIGNAL,TEMPORAL_ONLY_EVIDENCE,0.00030517578125,0.000396728515625,0.0,0.0065460205078125,1.0,1.0,0.062439137911402404,False,0.11838844418525696,-0.0664236843585968,-0.0426921546459198,1.8205128205128205,False,NONE_DETECTED,/content/drive/MyDrive/satellite_change_detection/masks/Delhi/Delhi_r06_c01_2021_2022.png,UNKNOWN,0.1,Delhi_r06_c01,28.55717779596292,77.1424054902046
1.00250244140625,0.38608378171920776,0.7752937078475952,4,0.47149658203125,Delhi,Delhi_r06_c01.tif,2022,2023,LOW_PRIORITY_REVIEW,SCATTERED_CHANGE,False,2020 -> 2021,6,PERSISTENT_CHANGE_SIGNAL,TEMPORAL_ONLY_EVIDENCE,0.000396728515625,0.0004119873046875,0.0065460205078125,0.0016021728515625,1.0,1.0,0.04759715151786485,False,-0.020824939012527466,0.052792228758335114,-0.04495033621788025,1.0097087378640777,False,NONE_DETECTED,/content/drive/MyDrive/satellite_change_detection/masks/Delhi/Delhi_r06_c01_2022_2023.png,UNKNOWN,0.151,Delhi_r06_c01,28.55717779596292,77.1424054902046
1.60369873046875,0.42287880182266235,0.9525278806686401,11,0.3326416015625,Delhi,Delhi_r06_c01.tif,2023,2024,LOW_PRIORITY_REVIEW,SCATTERED_CHANGE,False,2020 -> 2021,6,PERSISTENT_CHANGE_SIGNAL,TEMPORAL_ONLY_EVIDENCE,0.0004119873046875,0.0005340576171875,0.0016021728515625,0.0008697509765625,1.0,1.0,0.0908609711816933,False,-0.20803195238113403,0.06512647122144699,0.09546211361885071,1.62987012987013,False,NONE_DETECTED,/content/drive/MyDrive/satellite_change_detection/masks/Delhi/Delhi_r06_c01_2023_2024.png,VEGETATION_LOSS,0.243,Delhi_r06_c01,28.55717779596292,77.1424054902046
1.18255615234375,0.3752284348011017,0.8606762886047363,5,0.5340576171875,Delhi,Delhi_r06_c01.tif,2024,2025,LOW_PRIORITY_REVIEW,SCATTERED_CHANGE,False,2020 -> 2021,6,PERSISTENT_CHANGE_SIGNAL,TEMPORAL_ONLY_EVIDENCE,0.0005340576171875,0.00054931640625,0.0008697509765625,0.0069580078125,1.0,1.0,0.042528374768544736,False,0.06355282664299011,-0.04905407875776291,-0.02622300386428833,1.6712328767123288,False,NONE_DETECTED,/content/drive/MyDrive/satellite_change_detection/masks/Delhi/Delhi_r06_c01_2024_2025.png,UNKNOWN,0.178,Delhi_r06_c01,28.55717779596292,77.1424054902046
1.07269287109375,0.35806334018707275,0.8207407593727112,7,0.70037841796875,Delhi,Delhi_r06_c01.tif,2025,2026,LOW_PRIORITY_REVIEW,SCATTERED_CHANGE,False,2020 -> 2021,6,PERSISTENT_CHANGE_SIGNAL,TEMPORAL_ONLY_EVIDENCE,0.00054931640625,0.0008697509765625,0.0069580078125,0.0406646728515625,1.0,1.0,0.10649760526492268,False,-0.15198273956775665,0.038832634687423706,0.11380070447921753,1.1517241379310346,True,SEASONAL_VARIATION_LIKELY,/content/drive/MyDrive/satellite_change_detection/masks/Delhi/Delhi_r06_c01_2025_2026.png,UNKNOWN,0.147,Delhi_r06_c01,28.55717779596292,77.1424054902046
2.1759033203125,0.3528376519680023,0.8731511235237122,1,2.1759033203125,Delhi,Delhi_r06_c02.tif,2020,2021,REVIEW_REQUIRED,MODERATELY_CONNECTED,True,2020 -> 2021,3,PERSISTENT_CHANGE_SIGNAL,MODERATE_EVIDENCE,7.62939453125e-05,4.57763671875e-05,0.0014495849609375,0.0,1.0,1.0,0.049033967501655326,False,-0.19040033221244812,0.09917518496513367,0.03562575578689575,1.4901960784313726,False,NONE_DETECTED,/content/drive/MyDrive/satellite_change_detection/masks/Delhi/Delhi_r06_c02_2020_2021.png,VEGETATION_LOSS,0.34,Delhi_r06_c02,28.55676232541861,77.16855946294476
0.97198486328125,0.2774302661418915,0.6852297782897949,4,0.7537841796875,Delhi,Delhi_r06_c02.tif,2021,2022,LIKELY_NO_CHANGE,SCATTERED_CHANGE,False,2020 -> 2021,3,PERSISTENT_CHANGE_SIGNAL,TEMPORAL_ONLY_EVIDENCE,4.57763671875e-05,0.00018310546875,0.0,0.0088043212890625,1.0,1.0,0.0596718782515562,False,0.2338603287935257,-0.11670657992362976,-0.07313832640647888,1.3061224489795917,False,NONE_DETECTED,/content/drive/MyDrive/satellite_change_detection/masks/Delhi/Delhi_r06_c02_2021_2022.png,VEGETATION_GAIN,0.138,Delhi_r06_c02,28.55676232541861,77.16855946294476
0.7354736328125,0.28743085265159607,0.6995503902435303,2,0.689697265625,Delhi,Delhi_r06_c02.tif,2022,2023,LIKELY_NO_CHANGE,SCATTERED_CHANGE,False,2020 -> 2021,3,PERSISTENT_CHANGE_SIGNAL,TEMPORAL_ONLY_EVIDENCE,0.00018310546875,0.00018310546875,0.0088043212890625,0.000274658203125,1.0,1.0,0.0530891610889895,False,0.179365336894989,-0.08266877382993698,-0.05633929371833801,2.5757575757575757,False,NONE_DETECTED,/content/drive/MyDrive/satellite_change_detection/masks/Delhi/Delhi_r06_c02_2022_2023.png,VEGETATION_GAIN,0.105,Delhi_r06_c02,28.55676232541861,77.16855946294476
0.76141357421875,0.32361945509910583,0.631393313407898,5,0.4638671875,Delhi,Delhi_r06_c02.tif,2023,2024,LIKELY_NO_CHANGE,SCATTERED_CHANGE,False,2020 -> 2021,3,PERSISTENT_CHANGE_SIGNAL,TEMPORAL_ONLY_EVIDENCE,0.00018310546875,0.0002288818359375,0.000274658203125,0.000152587890625,1.0,1.0,0.04027954144314839,False,-0.1455647349357605,0.10467115044593811,0.009458422660827637,1.9024390243902438,False,NONE_DETECTED,/content/drive/MyDrive/satellite_change_detection/masks/Delhi/Delhi_r06_c02_2023_2024.png,CONSTRUCTION,0.11,Delhi_r06_c02,28.55676232541861,77.16855946294476
0.88958740234375,0.35110267996788025,0.860276460647583,6,0.5096435546875,Delhi,Delhi_r06_c02.tif,2024,2025,LIKELY_NO_CHANGE,SCATTERED_CHANGE,False,2020 -> 2021,3,PERSISTENT_CHANGE_SIGNAL,TEMPORAL_ONLY_EVIDENCE,0.0002288818359375,0.0001373291015625,0.000152587890625,0.009857177734375,1.0,1.0,0.03940079370703142,False,0.09987896680831909,-0.045289795845746994,-0.04079976677894592,1.7183098591549295,False,NONE_DETECTED,/content/drive/MyDrive/satellite_change_detection/masks/Delhi/Delhi_r06_c02_2024_2025.png,UNKNOWN,0.131,Delhi_r06_c02,28.55676232541861,77.16855946294476
0.41046142578125,0.44130006432533264,0.8398058414459229,6,0.1220703125,Delhi,Delhi_r06_c02.tif,2025,2026,LIKELY_NO_CHANGE,SCATTERED_CHANGE,False,2020 -> 2021,3,PERSISTENT_CHANGE_SIGNAL,TEMPORAL_ONLY_EVIDENCE,0.0001373291015625,0.000396728515625,0.009857177734375,0.0374603271484375,1.0,1.0,0.07357962301530159,False,-0.07031258940696716,-0.05166522040963173,0.13895264267921448,1.1794871794871795,False,NONE_DETECTED,/content/drive/MyDrive/satellite_change_detection/masks/Delhi/Delhi_r06_c02_2025_2026.png,UNKNOWN,0.062,Delhi_r06_c02,28.55676232541861,77.16855946294476
0.6195068359375,0.37979573011398315,0.7057598233222961,4,0.323486328125,Delhi,Delhi_r06_c03.tif,2020,2021,LIKELY_NO_CHANGE,SCATTERED_CHANGE,False,No supported change interval,0,NO_SIGNIFICANT_CHANGE,LOW_PRIORITY_REVIEW,0.0002593994140625,6.103515625e-05,0.0131378173828125,0.0,1.0,1.0,0.06112260959294496,False,-0.012662738561630249,0.034452714025974274,-0.01905408501625061,3.5671641791044775,False,NONE_DETECTED,/content/drive/MyDrive/satellite_change_detection/masks/Delhi/Delhi_r06_c03_2020_2021.png,UNKNOWN,0.049,Delhi_r06_c03,28.5563418217373,77.19471287850277
0.49285888671875,0.3408297002315521,0.673183023929596,6,0.177001953125,Delhi,Delhi_r06_c03.tif,2021,2022,LIKELY_NO_CHANGE,SCATTERED_CHANGE,False,No supported change interval,0,NO_SIGNIFICANT_CHANGE,LOW_PRIORITY_REVIEW,6.103515625e-05,0.00177001953125,0.0,0.0487213134765625,1.0,1.0,0.05105263141427383,False,0.14760319888591766,-0.06648705154657364,-0.06539854407310486,1.3388888888888888,False,NONE_DETECTED,/content/drive/MyDrive/satellite_change_detection/masks/Delhi/Delhi_r06_c03_2021_2022.png,UNKNOWN,0.037,Delhi_r06_c03,28.5563418217373,77.19471287850277
0.45623779296875,0.4095800817012787,0.6395295262336731,2,0.4180908203125,Delhi,Delhi_r06_c03.tif,2022,2023,LIKELY_NO_CHANGE,SCATTERED_CHANGE,False,No supported change interval,0,NO_SIGNIFICANT_CHANGE,LOW_PRIORITY_REVIEW,0.00177001953125,0.00140380859375,0.0487213134765625,0.0035247802734375,1.0,1.0,0.02918789867744945,False,-0.3310350775718689,0.1499074399471283,0.12392309308052063,1.05,False,NONE_DETECTED,/content/drive/MyDrive/satellite_change_detection/masks/Delhi/Delhi_r06_c03_2022_2023.png,UNKNOWN,0.037,Delhi_r06_c03,28.5563418217373,77.19471287850277
0.4638671875,0.36126619577407837,0.5690672993659973,2,0.40130615234375,Delhi,Delhi_r06_c03.tif,2023,2024,LIKELY_NO_CHANGE,SCATTERED_CHANGE,False,No supported change interval,0,NO_SIGNIFICANT_CHANGE,LOW_PRIORITY_REVIEW,0.00140380859375,0.00128173828125,0.0035247802734375,0.0026702880859375,1.0,1.0,0.05086421000193674,False,0.1496012806892395,-0.04664996266365051,-0.08682027459144592,1.0606060606060606,False,NONE_DETECTED,/content/drive/MyDrive/satellite_change_detection/masks/Delhi/Delhi_r06_c03_2023_2024.png,UNKNOWN,0.036,Delhi_r06_c03,28.5563418217373,77.19471287850277
0.21209716796875,0.3440913259983063,0.7234741449356079,3,0.10528564453125,Delhi,Delhi_r06_c03.tif,2024,2025,LIKELY_NO_CHANGE,SCATTERED_CHANGE,False,No supported change interval,0,NO_SIGNIFICANT_CHANGE,LOW_PRIORITY_REVIEW,0.00128173828125,0.001312255859375,0.0026702880859375,0.0227203369140625,1.0,1.0,0.043286670607914024,False,0.08805131912231445,-0.06779970973730087,-0.0013156235218048096,1.8846153846153846,False,NONE_DETECTED,/content/drive/MyDrive/satellite_change_detection/masks/Delhi/Delhi_r06_c03_2024_2025.png,UNKNOWN,0.016,Delhi_r06_c03,28.5563418217373,77.19471287850277
0.08392333984375,0.317484974861145,0.6945953369140625,2,0.0457763671875,Delhi,Delhi_r06_c03.tif,2025,2026,LIKELY_NO_CHANGE,SCATTERED_CHANGE,False,No supported change interval,0,NO_SIGNIFICANT_CHANGE,LOW_PRIORITY_REVIEW,0.001312255859375,0.001617431640625,0.0227203369140625,0.0547332763671875,1.0,1.0,0.05085707087315415,False,-0.09011837840080261,0.05818399414420128,0.016996294260025024,4.0,False,NONE_DETECTED,/content/drive/MyDrive/satellite_change_detection/masks/Delhi/Delhi_r06_c03_2025_2026.png,UNKNOWN,0.006,Delhi_r06_c03,28.5563418217373,77.19471287850277
0.15106201171875,0.43615883588790894,0.7186535596847534,3,0.05340576171875,Delhi,Delhi_r06_c04.tif,2020,2021,LIKELY_NO_CHANGE,SCATTERED_CHANGE,False,No supported change interval,0,NO_SIGNIFICANT_CHANGE,LOW_PRIORITY_REVIEW,0.0024261474609375,0.0005950927734375,0.00970458984375,0.0,1.0,1.0,0.030289649599178844,False,0.0816507339477539,0.0025096163153648376,-0.07197275757789612,2.1379310344827585,False,NONE_DETECTED,/content/drive/MyDrive/satellite_change_detection/masks/Delhi/Delhi_r06_c04_2020_2021.png,UNKNOWN,0.012,Delhi_r06_c04,28.555916285316364,77.22086573017926
0.238037109375,0.4042772650718689,0.6729792952537537,2,0.18463134765625,Delhi,Delhi_r06_c04.tif,2021,2022,LIKELY_NO_CHANGE,SCATTERED_CHANGE,False,No supported change interval,0,NO_SIGNIFICANT_CHANGE,LOW_PRIORITY_REVIEW,0.0005950927734375,0.000823974609375,0.0,0.041778564453125,1.0,1.0,0.09603483170452204,False,0.24365770816802979,-0.11265551298856735,-0.1012851893901825,1.8571428571428572,False,NONE_DETECTED,/content/drive/MyDrive/satellite_change_detection/masks/Delhi/Delhi_r06_c04_2021_2022.png,UNKNOWN,0.019,Delhi_r06_c04,28.555916285316364,77.22086573017926
0.189208984375,0.2677289843559265,0.39354178309440613,2,0.15106201171875,Delhi,Delhi_r06_c04.tif,2022,2023,LIKELY_NO_CHANGE,SCATTERED_CHANGE,False,No supported change interval,0,NO_SIGNIFICANT_CHANGE,LOW_PRIORITY_REVIEW,0.000823974609375,0.00054931640625,0.041778564453125,0.00042724609375,1.0,1.0,0.04776070430784093,False,-0.2717374861240387,0.18047009408473969,0.05571421980857849,1.2358490566037736,False,NONE_DETECTED,/content/drive/MyDrive/satellite_change_detection/masks/Delhi/Delhi_r06_c04_2022_2023.png,UNKNOWN,0.013,Delhi_r06_c04,28.555916285316364,77.22086573017926
0.0,0.0,0.0,0,0.0,Delhi,Delhi_r06_c04.tif,2023,2024,LIKELY_NO_CHANGE,SCATTERED_CHANGE,False,No supported change interval,0,NO_SIGNIFICANT_CHANGE,LOW_PRIORITY_REVIEW,0.00054931640625,0.00079345703125,0.00042724609375,0.0009613037109375,1.0,1.0,0.03829116435420953,False,0.0,0.0,0.0,1.0,False,NONE_DETECTED,/content/drive/MyDrive/satellite_change_detection/masks/Delhi/Delhi_r06_c04_2023_2024.png,UNKNOWN,0.0,Delhi_r06_c04,28.555916285316364,77.22086573017926
0.03814697265625,0.2366122007369995,0.34621885418891907,1,0.03814697265625,Delhi,Delhi_r06_c04.tif,2024,2025,LIKELY_NO_CHANGE,SCATTERED_CHANGE,False,No supported change interval,0,NO_SIGNIFICANT_CHANGE,LOW_PRIORITY_REVIEW,0.00079345703125,0.0008544921875,0.0009613037109375,0.010162353515625,1.0,1.0,0.041471304813373,False,-0.029968775808811188,-0.012466542422771454,-0.007528871297836304,1.0,False,NONE_DETECTED,/content/drive/MyDrive/satellite_change_detection/masks/Delhi/Delhi_r06_c04_2024_2025.png,UNKNOWN,0.002,Delhi_r06_c04,28.555916285316364,77.22086573017926
0.0,0.0,0.0,0,0.0,Delhi,Delhi_r06_c04.tif,2025,2026,LIKELY_NO_CHANGE,SCATTERED_CHANGE,False,No supported change interval,0,NO_SIGNIFICANT_CHANGE,LOW_PRIORITY_REVIEW,0.0008544921875,0.0007781982421875,0.010162353515625,0.08856201171875,1.0,1.0,0.027799584841466253,False,0.0,0.0,0.0,1.0,False,NONE_DETECTED,/content/drive/MyDrive/satellite_change_detection/masks/Delhi/Delhi_r06_c04_2025_2026.png,UNKNOWN,0.0,Delhi_r06_c04,28.555916285316364,77.22086573017926
0.0823974609375,0.27108076214790344,0.3817605972290039,1,0.0823974609375,Delhi,Delhi_r06_c05.tif,2020,2021,LIKELY_NO_CHANGE,SCATTERED_CHANGE,False,No supported change interval,0,NO_SIGNIFICANT_CHANGE,LOW_PRIORITY_REVIEW,0.000946044921875,0.00054931640625,0.0013275146484375,0.0,1.0,1.0,0.026792274042910638,False,0.2769387662410736,-0.17200759053230286,0.0016124844551086426,1.2857142857142858,False,NONE_DETECTED,/content/drive/MyDrive/satellite_change_detection/masks/Delhi/Delhi_r06_c05_2020_2021.png,UNKNOWN,0.006,Delhi_r06_c05,28.555485716557936,77.24701801127564
0.94451904296875,0.28200629353523254,0.7457960844039917,4,0.5035400390625,Delhi,Delhi_r06_c05.tif,2021,2022,LIKELY_NO_CHANGE,SCATTERED_CHANGE,False,No supported change interval,0,NO_SIGNIFICANT_CHANGE,LOW_PRIORITY_REVIEW,0.00054931640625,0.0011749267578125,0.0,0.0108795166015625,1.0,1.0,0.08053239282469349,False,0.2210138738155365,-0.0637560561299324,-0.14991825819015503,4.0754716981132075,False,NONE_DETECTED,/content/drive/MyDrive/satellite_change_detection/masks/Delhi/Delhi_r06_c05_2021_2022.png,UNKNOWN,0.067,Delhi_r06_c05,28.555485716557936,77.24701801127564
0.2716064453125,0.40148669481277466,0.7379608750343323,3,0.1495361328125,Delhi,Delhi_r06_c05.tif,2022,2023,LIKELY_NO_CHANGE,SCATTERED_CHANGE,False,No supported change interval,0,NO_SIGNIFICANT_CHANGE,LOW_PRIORITY_REVIEW,0.0011749267578125,0.00079345703125,0.0108795166015625,0.000823974609375,1.0,1.0,0.040857687007210375,False,-0.28251007199287415,0.1411711871623993,0.1103360652923584,3.2253521126760565,False,NONE_DETECTED,/content/drive/MyDrive/satellite_change_detection/masks/Delhi/Delhi_r06_c05_2022_2023.png,UNKNOWN,0.022,Delhi_r06_c05,28.555485716557936,77.24701801127564
0.43182373046875,0.29890286922454834,0.6011230945587158,3,0.33416748046875,Delhi,Delhi_r06_c05.tif,2023,2024,LIKELY_NO_CHANGE,SCATTERED_CHANGE,False,No supported change interval,0,NO_SIGNIFICANT_CHANGE,LOW_PRIORITY_REVIEW,0.00079345703125,0.0009765625,0.000823974609375,0.001220703125,1.0,1.0,0.0655643352160889,False,-0.2373407781124115,0.14914287626743317,0.022699981927871704,3.9696969696969697,False,NONE_DETECTED,/content/drive/MyDrive/satellite_change_detection/masks/Delhi/Delhi_r06_c05_2023_2024.png,UNKNOWN,0.031,Delhi_r06_c05,28.555485716557936,77.24701801127564
0.10528564453125,0.2549428939819336,0.4504762291908264,2,0.05340576171875,Delhi,Delhi_r06_c05.tif,2024,2025,LIKELY_NO_CHANGE,SCATTERED_CHANGE,False,No supported change interval,0,NO_SIGNIFICANT_CHANGE,LOW_PRIORITY_REVIEW,0.0009765625,0.001129150390625,0.001220703125,0.0014495849609375,1.0,1.0,0.02498524068501859,False,0.16467873752117157,-0.037215638905763626,-0.08847764134407043,2.2131147540983607,True,SEASONAL_VARIATION_LIKELY,/content/drive/MyDrive/satellite_change_detection/masks/Delhi/Delhi_r06_c05_2024_2025.png,UNKNOWN,0.006,Delhi_r06_c05,28.555485716557936,77.24701801127564
0.9521484375,0.3939162790775299,0.886529803276062,3,0.73394775390625,Delhi,Delhi_r06_c05.tif,2025,2026,LIKELY_NO_CHANGE,SCATTERED_CHANGE,False,No supported change interval,0,NO_SIGNIFICANT_CHANGE,LOW_PRIORITY_REVIEW,0.001129150390625,0.0009765625,0.0014495849609375,0.0298919677734375,1.0,1.0,0.038519778206668694,False,-0.23354390263557434,0.10855144262313843,0.07897859811782837,6.0,False,NONE_DETECTED,/content/drive/MyDrive/satellite_change_detection/masks/Delhi/Delhi_r06_c05_2025_2026.png,UNKNOWN,0.079,Delhi_r06_c05,28.555485716557936,77.24701801127564
1.55487060546875,0.3701866567134857,0.8462463617324829,11,0.33721923828125,Delhi,Delhi_r06_c06.tif,2020,2021,LOW_PRIORITY_REVIEW,SCATTERED_CHANGE,False,2020 -> 2022,4,PERSISTENT_CHANGE_SIGNAL,TEMPORAL_ONLY_EVIDENCE,0.00177001953125,0.0003204345703125,0.0008697509765625,0.0,1.0,1.0,0.06122103332209852,False,-0.12300628423690796,0.03729848563671112,0.06273773312568665,1.074468085106383,False,NONE_DETECTED,/content/drive/MyDrive/satellite_change_detection/masks/Delhi/Delhi_r06_c06_2020_2021.png,UNKNOWN,0.231,Delhi_r06_c06,28.55505011586887,77.27316971509423
0.84991455078125,0.30404970049858093,0.661403477191925,8,0.2777099609375,Delhi,Delhi_r06_c06.tif,2021,2022,LIKELY_NO_CHANGE,SCATTERED_CHANGE,False,2020 -> 2022,4,PERSISTENT_CHANGE_SIGNAL,TEMPORAL_ONLY_EVIDENCE,0.0003204345703125,0.0007781982421875,0.0,0.0058746337890625,1.0,1.0,0.11936609678628393,False,0.06267116963863373,-0.039063066244125366,-0.01959124207496643,1.4166666666666667,False,NONE_DETECTED,/content/drive/MyDrive/satellite_change_detection/masks/Delhi/Delhi_r06_c06_2021_2022.png,UNKNOWN,0.121,Delhi_r06_c06,28.55505011586887,77.27316971509423
1.153564453125,0.39356276392936707,0.8746732473373413,9,0.36773681640625,Delhi,Delhi_r06_c06.tif,2022,2023,LOW_PRIORITY_REVIEW,SCATTERED_CHANGE,False,2020 -> 2022,4,PERSISTENT_CHANGE_SIGNAL,TEMPORAL_ONLY_EVIDENCE,0.0007781982421875,0.0024566650390625,0.0058746337890625,0.000762939453125,1.0,1.0,0.07155149767077112,False,-0.19100530445575714,0.045663729310035706,0.14198926091194153,1.391304347826087,True,SEASONAL_VARIATION_LIKELY,/content/drive/MyDrive/satellite_change_detection/masks/Delhi/Delhi_r06_c06_2022_2023.png,UNKNOWN,0.161,Delhi_r06_c06,28.55505011586887,77.27316971509423
1.1962890625,0.3939080238342285,0.9723596572875977,10,0.274658203125,Delhi,Delhi_r06_c06.tif,2023,2024,LOW_PRIORITY_REVIEW,SCATTERED_CHANGE,False,2020 -> 2022,4,PERSISTENT_CHANGE_SIGNAL,TEMPORAL_ONLY_EVIDENCE,0.0024566650390625,0.0016021728515625,0.000762939453125,0.00018310546875,1.0,1.0,0.057104067541131724,False,-0.10131020843982697,0.06588727235794067,0.0326823890209198,1.5802469135802468,False,NONE_DETECTED,/content/drive/MyDrive/satellite_change_detection/masks/Delhi/Delhi_r06_c06_2023_2024.png,UNKNOWN,0.18,Delhi_r06_c06,28.55505011586887,77.27316971509423
0.21209716796875,0.3457750380039215,0.7269579768180847,4,0.08087158203125,Delhi,Delhi_r06_c06.tif,2024,2025,LIKELY_NO_CHANGE,SCATTERED_CHANGE,False,2020 -> 2022,4,PERSISTENT_CHANGE_SIGNAL,TEMPORAL_ONLY_EVIDENCE,0.0016021728515625,0.0009307861328125,0.00018310546875,0.0022735595703125,1.0,1.0,0.015499772045755554,False,0.11133421957492828,0.03641114383935928,-0.17046569287776947,2.6944444444444446,False,NONE_DETECTED,/content/drive/MyDrive/satellite_change_detection/masks/Delhi/Delhi_r06_c06_2024_2025.png,WATER,0.031,Delhi_r06_c06,28.55505011586887,77.27316971509423
3.3966064453125,0.3862147927284241,1.0,7,1.36871337890625,Delhi,Delhi_r06_c06.tif,2025,2026,REVIEW_REQUIRED,SCATTERED_CHANGE,True,2020 -> 2022,4,PERSISTENT_CHANGE_SIGNAL,TEMPORAL_ONLY_EVIDENCE,0.0009307861328125,0.0010833740234375,0.0022735595703125,0.0247650146484375,1.0,1.0,0.009076659151561785,False,0.06372398138046265,-0.0070013441145420074,-0.06261301040649414,1.3128205128205128,False,NONE_DETECTED,/content/drive/MyDrive/satellite_change_detection/masks/Delhi/Delhi_r06_c06_2025_2026.png,UNKNOWN,0.528,Delhi_r06_c06,28.55505011586887,77.27316971509423
3.9886474609375,0.24525761604309082,0.6227437257766724,15,1.22833251953125,Delhi,Delhi_r06_c07.tif,2020,2021,REVIEW_REQUIRED,SCATTERED_CHANGE,True,2020 -> 2021,5,PERSISTENT_CHANGE_SIGNAL,TEMPORAL_ONLY_EVIDENCE,0.0008087158203125,0.000244140625,0.0023956298828125,0.0,1.0,1.0,0.06939746491769547,False,-0.062486499547958374,0.2226504683494568,-0.26021111011505127,1.2248803827751196,False,NONE_DETECTED,/content/drive/MyDrive/satellite_change_detection/masks/Delhi/Delhi_r06_c07_2020_2021.png,WATER,0.561,Delhi_r06_c07,28.554609483660798,77.29932083493833
7.93609619140625,0.2784023582935333,0.6415210962295532,15,4.7943115234375,Delhi,Delhi_r06_c07.tif,2021,2022,REVIEW_REQUIRED,MODERATELY_CONNECTED,True,2020 -> 2021,5,PERSISTENT_CHANGE_SIGNAL,MODERATE_EVIDENCE,0.000244140625,0.000640869140625,0.0,0.00054931640625,1.0,1.0,0.06301210608184299,False,-0.11327224969863892,-0.18383994698524475,0.3860761821269989,1.064102564102564,False,NONE_DETECTED,/content/drive/MyDrive/satellite_change_detection/masks/Delhi/Delhi_r06_c07_2021_2022.png,WATER,0.809,Delhi_r06_c07,28.554609483660798,77.29932083493833
1.33514404296875,0.3799167275428772,0.6092401146888733,5,1.05438232421875,Delhi,Delhi_r06_c07.tif,2022,2023,REVIEW_REQUIRED,SCATTERED_CHANGE,False,2020 -> 2021,5,PERSISTENT_CHANGE_SIGNAL,TEMPORAL_ONLY_EVIDENCE,0.000640869140625,0.0005645751953125,0.00054931640625,0.0532989501953125,1.0,1.0,0.06226088856901936,False,-0.24011081457138062,0.10685065388679504,0.09810176491737366,1.0,False,NONE_DETECTED,/content/drive/MyDrive/satellite_change_detection/masks/Delhi/Delhi_r06_c07_2022_2023.png,CONSTRUCTION,0.205,Delhi_r06_c07,28.554609483660798,77.29932083493833
1.9805908203125,0.26042237877845764,0.7212523221969604,8,0.5767822265625,Delhi,Delhi_r06_c07.tif,2023,2024,LOW_PRIORITY_REVIEW,SCATTERED_CHANGE,False,2020 -> 2021,5,PERSISTENT_CHANGE_SIGNAL,TEMPORAL_ONLY_EVIDENCE,0.0005645751953125,0.0008544921875,0.0532989501953125,0.0155029296875,1.0,1.0,0.09614716817388284,False,-0.1904522180557251,0.14140410721302032,-0.038716018199920654,1.2275132275132274,False,NONE_DETECTED,/content/drive/MyDrive/satellite_change_detection/masks/Delhi/Delhi_r06_c07_2023_2024.png,CONSTRUCTION,0.275,Delhi_r06_c07,28.554609483660798,77.29932083493833
0.84381103515625,0.2579764723777771,0.5421344637870789,8,0.23956298828125,Delhi,Delhi_r06_c07.tif,2024,2025,LIKELY_NO_CHANGE,SCATTERED_CHANGE,False,2020 -> 2021,5,PERSISTENT_CHANGE_SIGNAL,TEMPORAL_ONLY_EVIDENCE,0.0008544921875,0.00079345703125,0.0155029296875,0.0507354736328125,1.0,1.0,0.017538708823669175,False,0.04660704731941223,0.06340214610099792,-0.12217490375041962,1.0163265306122449,False,NONE_DETECTED,/content/drive/MyDrive/satellite_change_detection/masks/Delhi/Delhi_r06_c07_2024_2025.png,UNKNOWN,0.116,Delhi_r06_c07,28.554609483660798,77.29932083493833
1.74560546875,0.29378020763397217,0.7697048783302307,13,0.35247802734375,Delhi,Delhi_r06_c07.tif,2025,2026,LOW_PRIORITY_REVIEW,SCATTERED_CHANGE,False,2020 -> 2021,5,PERSISTENT_CHANGE_SIGNAL,TEMPORAL_ONLY_EVIDENCE,0.00079345703125,0.00152587890625,0.0507354736328125,0.132232666015625,1.0,1.0,0.08015575173746528,False,0.005408197641372681,-0.1058102548122406,0.15541988611221313,1.3763440860215055,False,NONE_DETECTED,/content/drive/MyDrive/satellite_change_detection/masks/Delhi/Delhi_r06_c07_2025_2026.png,WATER,0.246,Delhi_r06_c07,28.554609483660798,77.29932083493833
5.69610595703125,0.35375332832336426,0.8615232706069946,18,2.3529052734375,Delhi,Delhi_r07_c00.tif,2020,2021,REVIEW_REQUIRED,MODERATELY_CONNECTED,True,2020 -> 2021,6,PERSISTENT_CHANGE_SIGNAL,MODERATE_EVIDENCE,0.0039520263671875,0.003204345703125,0.00830078125,0.00128173828125,1.0,1.0,0.00833745340213534,False,-0.15082505345344543,0.04918637499213219,0.07063010334968567,1.0158730158730158,False,NONE_DETECTED,/content/drive/MyDrive/satellite_change_detection/masks/Delhi/Delhi_r07_c00_2020_2021.png,VEGETATION_LOSS,0.786,Delhi_r07_c00,28.534496019609257,77.11578921776777
4.12445068359375,0.29630720615386963,0.6440551280975342,24,0.7843017578125,Delhi,Delhi_r07_c00.tif,2021,2022,LOW_PRIORITY_REVIEW,SCATTERED_CHANGE,True,2020 -> 2021,6,PERSISTENT_CHANGE_SIGNAL,TEMPORAL_ONLY_EVIDENCE,0.003204345703125,0.004730224609375,0.00128173828125,0.018829345703125,1.0,1.0,0.0938862783823238,False,0.11327345669269562,-0.05913984030485153,-0.040911853313446045,1.062240663900415,False,NONE_DETECTED,/content/drive/MyDrive/satellite_change_detection/masks/Delhi/Delhi_r07_c00_2021_2022.png,UNKNOWN,0.592,Delhi_r07_c00,28.534496019609257,77.11578921776777
2.9144287109375,0.3294351100921631,0.7701778411865234,19,0.3448486328125,Delhi,Delhi_r07_c00.tif,2022,2023,LOW_PRIORITY_REVIEW,SCATTERED_CHANGE,True,2020 -> 2021,6,PERSISTENT_CHANGE_SIGNAL,TEMPORAL_ONLY_EVIDENCE,0.004730224609375,0.0048675537109375,0.018829345703125,0.0136871337890625,1.0,1.0,0.06293057787400742,False,-0.0430629700422287,0.019083689898252487,0.02111804485321045,1.0590717299578059,False,NONE_DETECTED,/content/drive/MyDrive/satellite_change_detection/masks/Delhi/Delhi_r07_c00_2022_2023.png,UNKNOWN,0.422,Delhi_r07_c00,28.534496019609257,77.11578921776777
4.1351318359375,0.32490378618240356,0.9273285865783691,21,1.0223388671875,Delhi,Delhi_r07_c00.tif,2023,2024,REVIEW_REQUIRED,SCATTERED_CHANGE,True,2020 -> 2021,6,PERSISTENT_CHANGE_SIGNAL,TEMPORAL_ONLY_EVIDENCE,0.0048675537109375,0.0031585693359375,0.0136871337890625,0.0117645263671875,1.0,1.0,0.07203231540664114,False,-0.029000476002693176,0.05606008321046829,-0.026672065258026123,1.0822510822510822,False,NONE_DETECTED,/content/drive/MyDrive/satellite_change_detection/masks/Delhi/Delhi_r07_c00_2023_2024.png,UNKNOWN,0.61,Delhi_r07_c00,28.534496019609257,77.11578921776777
2.22015380859375,0.3577125668525696,0.9634551405906677,16,0.41961669921875,Delhi,Delhi_r07_c00.tif,2024,2025,LOW_PRIORITY_REVIEW,SCATTERED_CHANGE,True,2020 -> 2021,6,PERSISTENT_CHANGE_SIGNAL,TEMPORAL_ONLY_EVIDENCE,0.0031585693359375,0.003814697265625,0.0117645263671875,0.019500732421875,1.0,1.0,0.08914700696454789,False,0.11664174497127533,-0.031367089599370956,-0.05779847502708435,1.02880658436214,False,NONE_DETECTED,/content/drive/MyDrive/satellite_change_detection/masks/Delhi/Delhi_r07_c00_2024_2025.png,UNKNOWN,0.328,Delhi_r07_c00,28.534496019609257,77.11578921776777
0.970458984375,0.34536656737327576,0.7555719614028931,13,0.128173828125,Delhi,Delhi_r07_c00.tif,2025,2026,LIKELY_NO_CHANGE,SCATTERED_CHANGE,False,2020 -> 2021,6,PERSISTENT_CHANGE_SIGNAL,TEMPORAL_ONLY_EVIDENCE,0.003814697265625,0.00408935546875,0.019500732421875,0.0271759033203125,1.0,1.0,0.059517959397957815,False,-0.05966399610042572,0.018479768186807632,0.02228456735610962,1.0364372469635628,False,NONE_DETECTED,/content/drive/MyDrive/satellite_change_detection/masks/Delhi/Delhi_r07_c00_2025_2026.png,UNKNOWN,0.141,Delhi_r07_c00,28.534496019609257,77.11578921776777
0.61187744140625,0.3403531014919281,0.661720871925354,6,0.164794921875,Delhi,Delhi_r07_c01.tif,2020,2021,LIKELY_NO_CHANGE,SCATTERED_CHANGE,False,2020 -> 2024,3,PERSISTENT_CHANGE_SIGNAL,TEMPORAL_ONLY_EVIDENCE,0.000244140625,0.00018310546875,0.002777099609375,0.0,1.0,1.0,0.01288394690462529,False,-0.08613425493240356,0.0032924003899097443,0.051827073097229004,1.1219512195121952,False,NONE_DETECTED,/content/drive/MyDrive/satellite_change_detection/masks/Delhi/Delhi_r07_c01_2020_2021.png,UNKNOWN,0.089,Delhi_r07_c01,28.53408597461556,77.1419380448535
1.63116455078125,0.3344632387161255,0.7624078989028931,14,0.35400390625,Delhi,Delhi_r07_c01.tif,2021,2022,LOW_PRIORITY_REVIEW,SCATTERED_CHANGE,False,2020 -> 2024,3,PERSISTENT_CHANGE_SIGNAL,TEMPORAL_ONLY_EVIDENCE,0.00018310546875,0.0003662109375,0.0,0.0048370361328125,1.0,1.0,0.05776970636668543,False,0.029477328062057495,-0.018502699211239815,-0.028440922498703003,1.0666666666666667,False,NONE_DETECTED,/content/drive/MyDrive/satellite_change_detection/masks/Delhi/Delhi_r07_c01_2021_2022.png,UNKNOWN,0.237,Delhi_r07_c01,28.53408597461556,77.1419380448535
0.7904052734375,0.34155067801475525,0.8227183818817139,9,0.20751953125,Delhi,Delhi_r07_c01.tif,2022,2023,LIKELY_NO_CHANGE,SCATTERED_CHANGE,False,2020 -> 2024,3,PERSISTENT_CHANGE_SIGNAL,TEMPORAL_ONLY_EVIDENCE,0.0003662109375,0.00042724609375,0.0048370361328125,0.0030517578125,1.0,1.0,0.06273697824344841,False,-0.06360247731208801,0.044698458164930344,-0.005358576774597168,1.4463276836158192,False,NONE_DETECTED,/content/drive/MyDrive/satellite_change_detection/masks/Delhi/Delhi_r07_c01_2022_2023.png,UNKNOWN,0.115,Delhi_r07_c01,28.53408597461556,77.1419380448535
0.6256103515625,0.30462655425071716,0.6505938768386841,6,0.27008056640625,Delhi,Delhi_r07_c01.tif,2023,2024,LIKELY_NO_CHANGE,SCATTERED_CHANGE,False,2020 -> 2024,3,PERSISTENT_CHANGE_SIGNAL,TEMPORAL_ONLY_EVIDENCE,0.00042724609375,0.0004425048828125,0.0030517578125,0.00250244140625,1.0,1.0,0.08852506249280272,False,-0.2681092917919159,0.15675145387649536,0.062063515186309814,1.5120481927710843,False,NONE_DETECTED,/content/drive/MyDrive/satellite_change_detection/masks/Delhi/Delhi_r07_c01_2023_2024.png,CONSTRUCTION,0.089,Delhi_r07_c01,28.53408597461556,77.1419380448535
1.80511474609375,0.27561154961586,0.7937908172607422,18,0.46844482421875,Delhi,Delhi_r07_c01.tif,2024,2025,LOW_PRIORITY_REVIEW,SCATTERED_CHANGE,False,2020 -> 2024,3,PERSISTENT_CHANGE_SIGNAL,TEMPORAL_ONLY_EVIDENCE,0.0004425048828125,0.0007171630859375,0.00250244140625,0.01031494140625,1.0,1.0,0.04882743646819939,False,0.15437975525856018,-0.10409979522228241,-0.036062538623809814,1.003968253968254,False,NONE_DETECTED,/content/drive/MyDrive/satellite_change_detection/masks/Delhi/Delhi_r07_c01_2024_2025.png,VEGETATION_GAIN,0.253,Delhi_r07_c01,28.53408597461556,77.1419380448535
0.4486083984375,0.34852880239486694,0.7525752186775208,6,0.1129150390625,Delhi,Delhi_r07_c01.tif,2025,2026,LIKELY_NO_CHANGE,SCATTERED_CHANGE,False,2020 -> 2024,3,PERSISTENT_CHANGE_SIGNAL,TEMPORAL_ONLY_EVIDENCE,0.0007171630859375,0.0008697509765625,0.01031494140625,0.048492431640625,1.0,1.0,0.053077336529869894,False,-0.16675734519958496,0.06926309317350388,0.0644116997718811,1.0828402366863905,False,NONE_DETECTED,/content/drive/MyDrive/satellite_change_detection/masks/Delhi/Delhi_r07_c01_2025_2026.png,VEGETATION_LOSS,0.065,Delhi_r07_c01,28.53408597461556,77.1419380448535
0.335693359375,0.37078920006752014,0.7696563601493835,3,0.24871826171875,Delhi,Delhi_r07_c02.tif,2020,2021,LIKELY_NO_CHANGE,SCATTERED_CHANGE,False,No supported change interval,0,NO_SIGNIFICANT_CHANGE,LOW_PRIORITY_REVIEW,0.001190185546875,0.0009613037109375,0.004608154296875,0.0,1.0,1.0,0.04031318706922171,False,-0.17191964387893677,0.010037228465080261,0.10171324014663696,2.3457943925233646,True,SEASONAL_VARIATION_LIKELY,/content/drive/MyDrive/satellite_change_detection/masks/Delhi/Delhi_r07_c02_2020_2021.png,UNKNOWN,0.022,Delhi_r07_c02,28.533670900896816,77.16808632196674
0.9552001953125,0.20800301432609558,0.4096589982509613,5,0.48980712890625,Delhi,Delhi_r07_c02.tif,2021,2022,LIKELY_NO_CHANGE,SCATTERED_CHANGE,False,No supported change interval,0,NO_SIGNIFICANT_CHANGE,LOW_PRIORITY_REVIEW,0.0009613037109375,0.001617431640625,0.0,0.00982666015625,1.0,1.0,0.0761011401217408,False,0.3091159164905548,-0.20307423174381256,-0.06820079684257507,1.6712328767123288,False,NONE_DETECTED,/content/drive/MyDrive/satellite_change_detection/masks/Delhi/Delhi_r07_c02_2021_2022.png,UNKNOWN,0.06,Delhi_r07_c02,28.533670900896816,77.16808632196674
0.3021240234375,0.41347241401672363,0.7302945852279663,4,0.09613037109375,Delhi,Delhi_r07_c02.tif,2022,2023,LIKELY_NO_CHANGE,SCATTERED_CHANGE,False,No supported change interval,0,NO_SIGNIFICANT_CHANGE,LOW_PRIORITY_REVIEW,0.001617431640625,0.0009613037109375,0.00982666015625,0.0009613037109375,1.0,1.0,0.0639535148947261,False,-0.3939893841743469,0.16028369963169098,0.1436140239238739,1.132183908045977,False,NONE_DETECTED,/content/drive/MyDrive/satellite_change_detection/masks/Delhi/Delhi_r07_c02_2022_2023.png,UNKNOWN,0.024,Delhi_r07_c02,28.533670900896816,77.16808632196674
1.02386474609375,0.32835331559181213,0.7263371348381042,10,0.299072265625,Delhi,Delhi_r07_c02.tif,2023,2024,LOW_PRIORITY_REVIEW,SCATTERED_CHANGE,False,No supported change interval,0,NO_SIGNIFICANT_CHANGE,LOW_PRIORITY_REVIEW,0.0009613037109375,0.0010986328125,0.0009613037109375,0.000701904296875,1.0,1.0,0.07746561866662817,False,-0.18641141057014465,0.07004661113023758,0.05565619468688965,1.7816901408450705,False,NONE_DETECTED,/content/drive/MyDrive/satellite_change_detection/masks/Delhi/Delhi_r07_c02_2023_2024.png,UNKNOWN,0.076,Delhi_r07_c02,28.533670900896816,77.16808632196674
0.9765625,0.25470203161239624,0.6814945340156555,9,0.23956298828125,Delhi,Delhi_r07_c02.tif,2024,2025,LIKELY_NO_CHANGE,SCATTERED_CHANGE,False,No supported change interval,0,NO_SIGNIFICANT_CHANGE,LOW_PRIORITY_REVIEW,0.0010986328125,0.001434326171875,0.000701904296875,0.031951904296875,1.0,1.0,0.04161308728270456,False,0.09015211462974548,-0.1307043433189392,0.028450220823287964,1.3177083333333333,False,NONE_DETECTED,/content/drive/MyDrive/satellite_change_detection/masks/Delhi/Delhi_r07_c02_2024_2025.png,UNKNOWN,0.065,Delhi_r07_c02,28.533670900896816,77.16808632196674
0.10528564453125,0.337442547082901,0.5546734929084778,2,0.05950927734375,Delhi,Delhi_r07_c02.tif,2025,2026,LIKELY_NO_CHANGE,SCATTERED_CHANGE,False,No supported change interval,0,NO_SIGNIFICANT_CHANGE,LOW_PRIORITY_REVIEW,0.001434326171875,0.0010833740234375,0.031951904296875,0.0699310302734375,1.0,1.0,0.07751110652658617,False,0.1443643718957901,-0.17076627910137177,0.1289372444152832,5.321428571428571,False,NONE_DETECTED,/content/drive/MyDrive/satellite_change_detection/masks/Delhi/Delhi_r07_c02_2025_2026.png,UNKNOWN,0.008,Delhi_r07_c02,28.533670900896816,77.16808632196674
0.27008056640625,0.30733585357666016,0.6005181074142456,3,0.1220703125,Delhi,Delhi_r07_c03.tif,2020,2021,LIKELY_NO_CHANGE,SCATTERED_CHANGE,False,No supported change interval,0,NO_SIGNIFICANT_CHANGE,LOW_PRIORITY_REVIEW,0.000396728515625,0.00030517578125,0.0041351318359375,0.0,1.0,1.0,0.012868076200955442,False,0.08127617835998535,-0.06633798778057098,0.0332130491733551,3.12,False,NONE_DETECTED,/content/drive/MyDrive/satellite_change_detection/masks/Delhi/Delhi_r07_c03_2020_2021.png,UNKNOWN,0.019,Delhi_r07_c03,28.53325079884521,77.19423404241337
0.13580322265625,0.2687181830406189,0.7312061786651611,2,0.09765625,Delhi,Delhi_r07_c03.tif,2021,2022,LIKELY_NO_CHANGE,SCATTERED_CHANGE,False,No supported change interval,0,NO_SIGNIFICANT_CHANGE,LOW_PRIORITY_REVIEW,0.00030517578125,0.0007171630859375,0.0,0.0048675537109375,1.0,1.0,0.0754231979826018,False,0.1963145136833191,-0.17906704545021057,-0.01770639419555664,9.0,False,NONE_DETECTED,/content/drive/MyDrive/satellite_change_detection/masks/Delhi/Delhi_r07_c03_2021_2022.png,UNKNOWN,0.009,Delhi_r07_c03,28.53325079884521,77.19423404241337
0.05340576171875,0.4171622097492218,0.6372379064559937,1,0.05340576171875,Delhi,Delhi_r07_c03.tif,2022,2023,LIKELY_NO_CHANGE,SCATTERED_CHANGE,False,No supported change interval,0,NO_SIGNIFICANT_CHANGE,LOW_PRIORITY_REVIEW,0.0007171630859375,0.000701904296875,0.0048675537109375,0.00115966796875,1.0,1.0,0.09305190491726237,False,-0.35302048921585083,0.075465127825737,0.23344485461711884,1.0,False,NONE_DETECTED,/content/drive/MyDrive/satellite_change_detection/masks/Delhi/Delhi_r07_c03_2022_2023.png,UNKNOWN,0.004,Delhi_r07_c03,28.53325079884521,77.19423404241337
0.372314453125,0.3137742280960083,0.8158248662948608,3,0.23193359375,Delhi,Delhi_r07_c03.tif,2023,2024,LIKELY_NO_CHANGE,SCATTERED_CHANGE,False,No supported change interval,0,NO_SIGNIFICANT_CHANGE,LOW_PRIORITY_REVIEW,0.000701904296875,0.000701904296875,0.00115966796875,9.1552734375e-05,1.0,1.0,0.06397227711229109,False,-0.3361768126487732,0.21685217320919037,0.030217617750167847,1.0227272727272727,False,NONE_DETECTED,/content/drive/MyDrive/satellite_change_detection/masks/Delhi/Delhi_r07_c03_2023_2024.png,UNKNOWN,0.027,Delhi_r07_c03,28.53325079884521,77.19423404241337
0.23651123046875,0.3191869258880615,0.6122417449951172,4,0.09918212890625,Delhi,Delhi_r07_c03.tif,2024,2025,LIKELY_NO_CHANGE,SCATTERED_CHANGE,False,No supported change interval,0,NO_SIGNIFICANT_CHANGE,LOW_PRIORITY_REVIEW,0.000701904296875,0.0011749267578125,9.1552734375e-05,0.014495849609375,1.0,1.0,0.039276880134392025,False,0.2657380998134613,-0.11522049456834793,-0.10087797045707703,1.0317460317460319,False,NONE_DETECTED,/content/drive/MyDrive/satellite_change_detection/masks/Delhi/Delhi_r07_c03_2024_2025.png,UNKNOWN,0.017,Delhi_r07_c03,28.53325079884521,77.19423404241337
0.10986328125,0.32225942611694336,0.6089544296264648,2,0.07171630859375,Delhi,Delhi_r07_c03.tif,2025,2026,LIKELY_NO_CHANGE,SCATTERED_CHANGE,False,No supported change interval,0,NO_SIGNIFICANT_CHANGE,LOW_PRIORITY_REVIEW,0.0011749267578125,0.00128173828125,0.014495849609375,0.06243896484375,1.0,1.0,0.03266842001640311,False,-0.12553870677947998,0.07840543240308762,0.0461636483669281,2.607142857142857,False,NONE_DETECTED,/content/drive/MyDrive/satellite_change_detection/masks/Delhi/Delhi_r07_c03_2025_2026.png,UNKNOWN,0.008,Delhi_r07_c03,28.53325079884521,77.19423404241337
0.067138671875,0.3444352447986603,0.5295323133468628,1,0.067138671875,Delhi,Delhi_r07_c04.tif,2020,2021,LIKELY_NO_CHANGE,SCATTERED_CHANGE,False,No supported change interval,0,NO_SIGNIFICANT_CHANGE,LOW_PRIORITY_REVIEW,0.0012054443359375,0.000701904296875,0.00048828125,0.0,1.0,1.0,0.020570109703960806,False,0.34578683972358704,-0.21871112287044525,-0.029685795307159424,1.3333333333333333,False,NONE_DETECTED,/content/drive/MyDrive/satellite_change_detection/masks/Delhi/Delhi_r07_c04_2020_2021.png,UNKNOWN,0.005,Delhi_r07_c04,28.532825668857644,77.22038119950018
0.372314453125,0.4691507816314697,0.7956113219261169,2,0.26397705078125,Delhi,Delhi_r07_c04.tif,2021,2022,LIKELY_NO_CHANGE,SCATTERED_CHANGE,False,No supported change interval,0,NO_SIGNIFICANT_CHANGE,LOW_PRIORITY_REVIEW,0.000701904296875,0.0011138916015625,0.0,0.0013885498046875,1.0,1.0,0.05711463415553881,False,-0.27792832255363464,0.13989099860191345,0.06851011514663696,3.763157894736842,False,NONE_DETECTED,/content/drive/MyDrive/satellite_change_detection/masks/Delhi/Delhi_r07_c04_2021_2022.png,UNKNOWN,0.03,Delhi_r07_c04,28.532825668857644,77.22038119950018
0.2593994140625,0.3519870638847351,0.5924369096755981,2,0.1983642578125,Delhi,Delhi_r07_c04.tif,2022,2023,LIKELY_NO_CHANGE,SCATTERED_CHANGE,False,No supported change interval,0,NO_SIGNIFICANT_CHANGE,LOW_PRIORITY_REVIEW,0.0011138916015625,0.0010223388671875,0.0013885498046875,6.103515625e-05,1.0,1.0,0.06779418696057042,False,0.21844498813152313,-0.08824171870946884,-0.07625266909599304,1.7142857142857142,False,NONE_DETECTED,/content/drive/MyDrive/satellite_change_detection/masks/Delhi/Delhi_r07_c04_2022_2023.png,UNKNOWN,0.02,Delhi_r07_c04,28.532825668857644,77.22038119950018
0.1007080078125,0.3270902633666992,0.6937966346740723,1,0.1007080078125,Delhi,Delhi_r07_c04.tif,2023,2024,LIKELY_NO_CHANGE,SCATTERED_CHANGE,False,No supported change interval,0,NO_SIGNIFICANT_CHANGE,LOW_PRIORITY_REVIEW,0.0010223388671875,0.0009613037109375,6.103515625e-05,3.0517578125e-05,1.0,1.0,0.07801699748647446,False,-0.21261043846607208,0.14014743268489838,0.008997827768325806,1.0,False,NONE_DETECTED,/content/drive/MyDrive/satellite_change_detection/masks/Delhi/Delhi_r07_c04_2023_2024.png,UNKNOWN,0.007,Delhi_r07_c04,28.532825668857644,77.22038119950018
0.1708984375,0.48520830273628235,0.925186038017273,1,0.1708984375,Delhi,Delhi_r07_c04.tif,2024,2025,LIKELY_NO_CHANGE,SCATTERED_CHANGE,False,No supported change interval,0,NO_SIGNIFICANT_CHANGE,LOW_PRIORITY_REVIEW,0.0009613037109375,0.001220703125,3.0517578125e-05,0.000335693359375,1.0,1.0,0.018641176499955236,False,-0.2303990125656128,0.12883231043815613,0.05331429839134216,1.0909090909090908,False,NONE_DETECTED,/content/drive/MyDrive/satellite_change_detection/masks/Delhi/Delhi_r07_c04_2024_2025.png,UNKNOWN,0.014,Delhi_r07_c04,28.532825668857644,77.22038119950018
0.06103515625,0.22849559783935547,0.37670281529426575,1,0.06103515625,Delhi,Delhi_r07_c04.tif,2025,2026,LIKELY_NO_CHANGE,SCATTERED_CHANGE,False,No supported change interval,0,NO_SIGNIFICANT_CHANGE,LOW_PRIORITY_REVIEW,0.001220703125,0.0015716552734375,0.000335693359375,0.0236968994140625,1.0,1.0,0.03541051588236851,False,0.10496844351291656,0.03137500584125519,-0.10736292600631714,1.1666666666666667,False,NONE_DETECTED,/content/drive/MyDrive/satellite_change_detection/masks/Delhi/Delhi_r07_c04_2025_2026.png,UNKNOWN,0.004,Delhi_r07_c04,28.532825668857644,77.22038119950018
0.05340576171875,0.3515951335430145,0.5934149026870728,1,0.05340576171875,Delhi,Delhi_r07_c05.tif,2020,2021,LIKELY_NO_CHANGE,SCATTERED_CHANGE,False,No supported change interval,0,NO_SIGNIFICANT_CHANGE,LOW_PRIORITY_REVIEW,0.000244140625,0.000152587890625,0.0035400390625,0.0,1.0,1.0,0.01974567459221695,False,-0.0291002094745636,-0.028299707919359207,0.10499835014343262,1.0,False,NONE_DETECTED,/content/drive/MyDrive/satellite_change_detection/masks/Delhi/Delhi_r07_c05_2020_2021.png,UNKNOWN,0.004,Delhi_r07_c05,28.532395511335743,77.24652778653476
0.0457763671875,0.34716129302978516,0.5525262355804443,1,0.0457763671875,Delhi,Delhi_r07_c05.tif,2021,2022,LIKELY_NO_CHANGE,SCATTERED_CHANGE,False,No supported change interval,0,NO_SIGNIFICANT_CHANGE,LOW_PRIORITY_REVIEW,0.000152587890625,0.0003662109375,0.0,0.013214111328125,1.0,1.0,0.10079579331991421,False,0.06616969406604767,0.021806679666042328,-0.05955764651298523,1.2,False,NONE_DETECTED,/content/drive/MyDrive/satellite_change_detection/masks/Delhi/Delhi_r07_c05_2021_2022.png,UNKNOWN,0.003,Delhi_r07_c05,28.532395511335743,77.24652778653476
0.15716552734375,0.3137248754501343,0.67805415391922,3,0.0732421875,Delhi,Delhi_r07_c05.tif,2022,2023,LIKELY_NO_CHANGE,SCATTERED_CHANGE,False,No supported change interval,0,NO_SIGNIFICANT_CHANGE,LOW_PRIORITY_REVIEW,0.0003662109375,0.0002899169921875,0.013214111328125,0.000701904296875,1.0,1.0,0.07213568758390576,False,-0.11564445495605469,0.067198246717453,0.03219425678253174,1.9213483146067416,False,NONE_DETECTED,/content/drive/MyDrive/satellite_change_detection/masks/Delhi/Delhi_r07_c05_2022_2023.png,UNKNOWN,0.011,Delhi_r07_c05,28.532395511335743,77.24652778653476
0.0457763671875,0.39637553691864014,0.548475980758667,1,0.0457763671875,Delhi,Delhi_r07_c05.tif,2023,2024,LIKELY_NO_CHANGE,SCATTERED_CHANGE,False,No supported change interval,0,NO_SIGNIFICANT_CHANGE,LOW_PRIORITY_REVIEW,0.0002899169921875,0.00018310546875,0.000701904296875,0.000213623046875,1.0,1.0,0.042521540028989016,False,-0.030363287776708603,-0.0019913464784622192,-0.00879339873790741,1.2,False,NONE_DETECTED,/content/drive/MyDrive/satellite_change_detection/masks/Delhi/Delhi_r07_c05_2023_2024.png,UNKNOWN,0.004,Delhi_r07_c05,28.532395511335743,77.24652778653476
0.0,0.0,0.0,0,0.0,Delhi,Delhi_r07_c05.tif,2024,2025,LIKELY_NO_CHANGE,SCATTERED_CHANGE,False,No supported change interval,0,NO_SIGNIFICANT_CHANGE,LOW_PRIORITY_REVIEW,0.00018310546875,0.000152587890625,0.000213623046875,0.004364013671875,1.0,1.0,0.012525568428567845,False,0.0,0.0,0.0,1.0,False,NONE_DETECTED,/content/drive/MyDrive/satellite_change_detection/masks/Delhi/Delhi_r07_c05_2024_2025.png,UNKNOWN,0.0,Delhi_r07_c05,28.532395511335743,77.24652778653476
0.0732421875,0.2822352945804596,0.4369754195213318,1,0.0732421875,Delhi,Delhi_r07_c05.tif,2025,2026,LIKELY_NO_CHANGE,SCATTERED_CHANGE,False,No supported change interval,0,NO_SIGNIFICANT_CHANGE,LOW_PRIORITY_REVIEW,0.000152587890625,0.0004425048828125,0.004364013671875,0.1165924072265625,1.0,1.0,0.048084715308904624,False,-0.01344829797744751,0.01423671841621399,-0.033622294664382935,1.1428571428571428,False,NONE_DETECTED,/content/drive/MyDrive/satellite_change_detection/masks/Delhi/Delhi_r07_c05_2025_2026.png,UNKNOWN,0.005,Delhi_r07_c05,28.532395511335743,77.24652778653476
1.13525390625,0.3358878791332245,0.8909391164779663,12,0.20599365234375,Delhi,Delhi_r07_c06.tif,2020,2021,LOW_PRIORITY_REVIEW,SCATTERED_CHANGE,False,2020 -> 2022,5,PERSISTENT_CHANGE_SIGNAL,TEMPORAL_ONLY_EVIDENCE,0.001007080078125,0.0004119873046875,0.0008697509765625,0.0,1.0,1.0,0.030903277617246174,False,-0.13398116827011108,0.04874526709318161,0.06465935707092285,1.0622222222222222,False,NONE_DETECTED,/content/drive/MyDrive/satellite_change_detection/masks/Delhi/Delhi_r07_c06_2020_2021.png,UNKNOWN,0.164,Delhi_r07_c06,28.531960326685876,77.27267379682567
1.92413330078125,0.26472461223602295,0.5845952033996582,9,0.6378173828125,Delhi,Delhi_r07_c06.tif,2021,2022,LOW_PRIORITY_REVIEW,SCATTERED_CHANGE,False,2020 -> 2022,5,PERSISTENT_CHANGE_SIGNAL,TEMPORAL_ONLY_EVIDENCE,0.0004119873046875,0.0011138916015625,0.0,0.0013427734375,1.0,1.0,0.07971942021937693,False,0.2922317087650299,-0.1557246744632721,-0.09590330719947815,1.324607329842932,False,NONE_DETECTED,/content/drive/MyDrive/satellite_change_detection/masks/Delhi/Delhi_r07_c06_2021_2022.png,VEGETATION_GAIN,0.269,Delhi_r07_c06,28.531960326685876,77.27267379682567
0.244140625,0.3214826285839081,0.8142589330673218,3,0.12664794921875,Delhi,Delhi_r07_c06.tif,2022,2023,LIKELY_NO_CHANGE,SCATTERED_CHANGE,False,2020 -> 2022,5,PERSISTENT_CHANGE_SIGNAL,TEMPORAL_ONLY_EVIDENCE,0.0011138916015625,0.000701904296875,0.0013427734375,9.1552734375e-05,1.0,1.0,0.030870929675488788,False,-0.06390893459320068,0.051139459013938904,0.007006257772445679,1.2608695652173914,False,NONE_DETECTED,/content/drive/MyDrive/satellite_change_detection/masks/Delhi/Delhi_r07_c06_2022_2023.png,UNKNOWN,0.035,Delhi_r07_c06,28.531960326685876,77.27267379682567
0.4913330078125,0.3991014063358307,0.6698914766311646,5,0.15716552734375,Delhi,Delhi_r07_c06.tif,2023,2024,LIKELY_NO_CHANGE,SCATTERED_CHANGE,False,2020 -> 2022,5,PERSISTENT_CHANGE_SIGNAL,TEMPORAL_ONLY_EVIDENCE,0.000701904296875,0.0009918212890625,9.1552734375e-05,0.0,1.0,1.0,0.05201667955149914,False,-0.11048011481761932,0.015484929084777832,0.07465937733650208,1.113861386138614,False,NONE_DETECTED,/content/drive/MyDrive/satellite_change_detection/masks/Delhi/Delhi_r07_c06_2023_2024.png,UNKNOWN,0.074,Delhi_r07_c06,28.531960326685876,77.27267379682567
0.18310546875,0.26446297764778137,0.42255330085754395,3,0.091552734375,Delhi,Delhi_r07_c06.tif,2024,2025,LIKELY_NO_CHANGE,SCATTERED_CHANGE,False,2020 -> 2022,5,PERSISTENT_CHANGE_SIGNAL,TEMPORAL_ONLY_EVIDENCE,0.0009918212890625,0.00115966796875,0.0,0.0008697509765625,1.0,1.0,0.045202177473026975,False,0.13769596815109253,-0.02456022799015045,-0.07990363240242004,1.1337579617834395,False,NONE_DETECTED,/content/drive/MyDrive/satellite_change_detection/masks/Delhi/Delhi_r07_c06_2024_2025.png,UNKNOWN,0.025,Delhi_r07_c06,28.531960326685876,77.27267379682567
0.079345703125,0.36580055952072144,0.5723291635513306,1,0.079345703125,Delhi,Delhi_r07_c06.tif,2025,2026,LIKELY_NO_CHANGE,SCATTERED_CHANGE,False,2020 -> 2022,5,PERSISTENT_CHANGE_SIGNAL,TEMPORAL_ONLY_EVIDENCE,0.00115966796875,0.00103759765625,0.0008697509765625,0.0200653076171875,1.0,1.0,0.04872045555944505,False,0.24790817499160767,-0.06497254967689514,-0.15576761960983276,1.2857142857142858,False,NONE_DETECTED,/content/drive/MyDrive/satellite_change_detection/masks/Delhi/Delhi_r07_c06_2025_2026.png,WATER,0.012,Delhi_r07_c06,28.531960326685876,77.27267379682567
1.6815185546875,0.29157835245132446,0.6506977081298828,11,0.36773681640625,Delhi,Delhi_r07_c07.tif,2020,2021,LOW_PRIORITY_REVIEW,SCATTERED_CHANGE,False,2020 -> 2022,5,PERSISTENT_CHANGE_SIGNAL,TEMPORAL_ONLY_EVIDENCE,0.000396728515625,0.0001220703125,4.57763671875e-05,0.0,1.0,1.0,0.02319593527037368,False,-0.0416254997253418,0.045287925750017166,-0.009340763092041016,1.0940170940170941,False,NONE_DETECTED,/content/drive/MyDrive/satellite_change_detection/masks/Delhi/Delhi_r07_c07_2020_2021.png,UNKNOWN,0.237,Delhi_r07_c07,28.53152011531914,77.29881922368227
4.96673583984375,0.3381727933883667,0.8222770094871521,19,2.7313232421875,Delhi,Delhi_r07_c07.tif,2021,2022,REVIEW_REQUIRED,MODERATELY_CONNECTED,True,2020 -> 2022,5,PERSISTENT_CHANGE_SIGNAL,MODERATE_EVIDENCE,0.0001220703125,0.0005035400390625,0.0,0.0002899169921875,1.0,1.0,0.07397425250230769,False,-0.00928834080696106,-0.012897816486656666,0.008366703987121582,1.0578512396694215,False,NONE_DETECTED,/content/drive/MyDrive/satellite_change_detection/masks/Delhi/Delhi_r07_c07_2021_2022.png,UNKNOWN,0.782,Delhi_r07_c07,28.53152011531914,77.29881922368227
3.228759765625,0.41440263390541077,0.8411803841590881,12,1.678466796875,Delhi,Delhi_r07_c07.tif,2022,2023,REVIEW_REQUIRED,SCATTERED_CHANGE,True,2020 -> 2022,5,PERSISTENT_CHANGE_SIGNAL,TEMPORAL_ONLY_EVIDENCE,0.0005035400390625,0.0005645751953125,0.0002899169921875,0.0006103515625,1.0,1.0,0.08303861153777059,False,-0.27400919795036316,0.09253060817718506,0.13515013456344604,1.3264248704663213,False,NONE_DETECTED,/content/drive/MyDrive/satellite_change_detection/masks/Delhi/Delhi_r07_c07_2022_2023.png,VEGETATION_LOSS,0.511,Delhi_r07_c07,28.53152011531914,77.29881922368227
1.8829345703125,0.29663339257240295,0.8579436540603638,11,0.4547119140625,Delhi,Delhi_r07_c07.tif,2023,2024,LOW_PRIORITY_REVIEW,SCATTERED_CHANGE,False,2020 -> 2022,5,PERSISTENT_CHANGE_SIGNAL,TEMPORAL_ONLY_EVIDENCE,0.0005645751953125,0.0004425048828125,0.0006103515625,0.0009765625,1.0,1.0,0.08781543440454175,False,0.07105724513530731,-0.02428370714187622,-0.03852185606956482,1.158371040723982,False,NONE_DETECTED,/content/drive/MyDrive/satellite_change_detection/masks/Delhi/Delhi_r07_c07_2023_2024.png,UNKNOWN,0.267,Delhi_r07_c07,28.53152011531914,77.29881922368227
1.96685791015625,0.3098737299442291,0.7456685304641724,7,1.62200927734375,Delhi,Delhi_r07_c07.tif,2024,2025,REVIEW_REQUIRED,SCATTERED_CHANGE,False,2020 -> 2022,5,PERSISTENT_CHANGE_SIGNAL,TEMPORAL_ONLY_EVIDENCE,0.0004425048828125,0.000518798828125,0.0009765625,0.00555419921875,1.0,1.0,0.040527698769620736,False,-0.040004849433898926,0.025305721908807755,0.0060347020626068115,1.147982062780269,False,NONE_DETECTED,/content/drive/MyDrive/satellite_change_detection/masks/Delhi/Delhi_r07_c07_2024_2025.png,UNKNOWN,0.293,Delhi_r07_c07,28.53152011531914,77.29881922368227
2.86407470703125,0.2815450429916382,0.615625262260437,6,2.41546630859375,Delhi,Delhi_r07_c07.tif,2025,2026,REVIEW_REQUIRED,MODERATELY_CONNECTED,True,2020 -> 2022,5,PERSISTENT_CHANGE_SIGNAL,MODERATE_EVIDENCE,0.000518798828125,0.0006103515625,0.00555419921875,0.01800537109375,1.0,1.0,0.025977090570138826,False,0.11472417414188385,-0.021999914199113846,-0.08275514841079712,1.0603015075376885,False,NONE_DETECTED,/content/drive/MyDrive/satellite_change_detection/masks/Delhi/Delhi_r07_c07_2025_2026.png,UNKNOWN,0.43,Delhi_r07_c07,28.53152011531914,77.29881922368227
0.897216796875,0.3236212730407715,0.8385518789291382,8,0.32958984375,Bengaluru,Bengaluru_r00_c00.tif,2020,2021,LIKELY_NO_CHANGE,SCATTERED_CHANGE,False,2020 -> 2024,3,PERSISTENT_CHANGE_SIGNAL,TEMPORAL_ONLY_EVIDENCE,0.003936767578125,0.00323486328125,0.0019073486328125,0.0019683837890625,1.0,1.0,0.020481847058962967,False,0.008908182382583618,0.010093912482261658,-0.002633333206176758,1.059090909090909,False,NONE_DETECTED,/content/drive/MyDrive/satellite_change_detection/masks/Bengaluru/Bengaluru_r00_c00_2020_2021.png,UNKNOWN,0.129,Bengaluru_r00_c00,13.05338700992583,77.5128729944078
0.61492919921875,0.3575824797153473,0.7079606056213379,5,0.18157958984375,Bengaluru,Bengaluru_r00_c00.tif,2021,2022,LIKELY_NO_CHANGE,SCATTERED_CHANGE,False,2020 -> 2024,3,PERSISTENT_CHANGE_SIGNAL,TEMPORAL_ONLY_EVIDENCE,0.00323486328125,0.0020294189453125,0.0019683837890625,0.0005340576171875,1.0,1.0,0.08706316635285145,False,-0.03352417051792145,0.03181280195713043,0.004275888204574585,1.2774869109947644,False,NONE_DETECTED,/content/drive/MyDrive/satellite_change_detection/masks/Bengaluru/Bengaluru_r00_c00_2021_2022.png,UNKNOWN,0.09,Bengaluru_r00_c00,13.05338700992583,77.5128729944078
0.2777099609375,0.3862767517566681,0.8617098927497864,5,0.08697509765625,Bengaluru,Bengaluru_r00_c00.tif,2022,2023,LIKELY_NO_CHANGE,SCATTERED_CHANGE,False,2020 -> 2024,3,PERSISTENT_CHANGE_SIGNAL,TEMPORAL_ONLY_EVIDENCE,0.0020294189453125,0.002655029296875,0.0005340576171875,0.0023956298828125,1.0,1.0,0.0240931781121606,False,0.05032995343208313,-0.0153656005859375,-0.025767654180526733,1.144927536231884,False,NONE_DETECTED,/content/drive/MyDrive/satellite_change_detection/masks/Bengaluru/Bengaluru_r00_c00_2022_2023.png,UNKNOWN,0.041,Bengaluru_r00_c00,13.05338700992583,77.5128729944078
0.53558349609375,0.34139636158943176,0.8892124891281128,9,0.16021728515625,Bengaluru,Bengaluru_r00_c00.tif,2023,2024,LIKELY_NO_CHANGE,SCATTERED_CHANGE,False,2020 -> 2024,3,PERSISTENT_CHANGE_SIGNAL,TEMPORAL_ONLY_EVIDENCE,0.002655029296875,0.00335693359375,0.0023956298828125,0.0,1.0,1.0,0.05572594977676652,False,-0.09340208768844604,0.008329357951879501,0.08959618210792542,1.060747663551402,False,NONE_DETECTED,/content/drive/MyDrive/satellite_change_detection/masks/Bengaluru/Bengaluru_r00_c00_2023_2024.png,UNKNOWN,0.078,Bengaluru_r00_c00,13.05338700992583,77.5128729944078
0.25482177734375,0.35546812415122986,0.8690199851989746,5,0.07171630859375,Bengaluru,Bengaluru_r00_c00.tif,2024,2025,LIKELY_NO_CHANGE,SCATTERED_CHANGE,False,2020 -> 2024,3,PERSISTENT_CHANGE_SIGNAL,TEMPORAL_ONLY_EVIDENCE,0.00335693359375,0.00506591796875,0.0,0.00177001953125,1.0,1.0,0.036789903701107546,False,0.05853204429149628,-0.0879163146018982,0.06122702360153198,1.0,False,NONE_DETECTED,/content/drive/MyDrive/satellite_change_detection/masks/Bengaluru/Bengaluru_r00_c00_2024_2025.png,UNKNOWN,0.037,Bengaluru_r00_c00,13.05338700992583,77.5128729944078
1.507568359375,0.3875218331813812,0.7466750741004944,6,0.5859375,Bengaluru,Bengaluru_r00_c00.tif,2025,2026,LOW_PRIORITY_REVIEW,SCATTERED_CHANGE,False,2020 -> 2024,3,PERSISTENT_CHANGE_SIGNAL,TEMPORAL_ONLY_EVIDENCE,0.00506591796875,0.0046844482421875,0.00177001953125,0.0019989013671875,1.0,1.0,0.0262183324741574,False,-0.3257269859313965,0.14809219539165497,0.07141900062561035,1.1586538461538463,False,NONE_DETECTED,/content/drive/MyDrive/satellite_change_detection/masks/Bengaluru/Bengaluru_r00_c00_2025_2026.png,CONSTRUCTION,0.229,Bengaluru_r00_c00,13.05338700992583,77.5128729944078
0.16937255859375,0.24776235222816467,0.4406891167163849,2,0.09613037109375,Bengaluru,Bengaluru_r00_c01.tif,2020,2021,LIKELY_NO_CHANGE,SCATTERED_CHANGE,False,2020 -> 2025,2,PERSISTENT_CHANGE_SIGNAL,TEMPORAL_ONLY_EVIDENCE,0.0007476806640625,0.000946044921875,0.0090484619140625,0.0067596435546875,1.0,1.0,0.019315315814828073,False,0.22753474116325378,-0.08046948909759521,-0.0677318274974823,4.2592592592592595,False,NONE_DETECTED,/content/drive/MyDrive/satellite_change_detection/masks/Bengaluru/Bengaluru_r00_c01_2020_2021.png,VEGETATION_GAIN,0.019,Bengaluru_r00_c01,13.05315669924756,77.53646221032497
0.262451171875,0.33476147055625916,0.5887209177017212,4,0.09307861328125,Bengaluru,Bengaluru_r00_c01.tif,2021,2022,LIKELY_NO_CHANGE,SCATTERED_CHANGE,False,2020 -> 2025,2,PERSISTENT_CHANGE_SIGNAL,TEMPORAL_ONLY_EVIDENCE,0.000946044921875,0.00079345703125,0.0067596435546875,0.0133514404296875,1.0,1.0,0.08337335316148631,False,-0.10226137936115265,0.04375980421900749,0.052395135164260864,1.7659574468085106,False,NONE_DETECTED,/content/drive/MyDrive/satellite_change_detection/masks/Bengaluru/Bengaluru_r00_c01_2021_2022.png,UNKNOWN,0.032,Bengaluru_r00_c01,13.05315669924756,77.53646221032497
0.19073486328125,0.4027416706085205,0.7174891233444214,3,0.0823974609375,Bengaluru,Bengaluru_r00_c01.tif,2022,2023,LIKELY_NO_CHANGE,SCATTERED_CHANGE,False,2020 -> 2025,2,PERSISTENT_CHANGE_SIGNAL,TEMPORAL_ONLY_EVIDENCE,0.00079345703125,0.0010223388671875,0.0133514404296875,0.061737060546875,1.0,1.0,0.01142892624216673,False,-0.24567832052707672,0.12647922337055206,0.03654289245605469,1.5596330275229358,False,NONE_DETECTED,/content/drive/MyDrive/satellite_change_detection/masks/Bengaluru/Bengaluru_r00_c01_2022_2023.png,CONSTRUCTION,0.024,Bengaluru_r00_c01,13.05315669924756,77.53646221032497
1.25732421875,0.28732573986053467,0.5883866548538208,4,1.0589599609375,Bengaluru,Bengaluru_r00_c01.tif,2023,2024,REVIEW_REQUIRED,SCATTERED_CHANGE,False,2020 -> 2025,2,PERSISTENT_CHANGE_SIGNAL,TEMPORAL_ONLY_EVIDENCE,0.0010223388671875,0.00140380859375,0.061737060546875,7.62939453125e-05,1.0,1.0,0.11222745311878633,False,-0.24874547123908997,0.10031930357217789,0.06973600387573242,2.10752688172043,False,NONE_DETECTED,/content/drive/MyDrive/satellite_change_detection/masks/Bengaluru/Bengaluru_r00_c01_2023_2024.png,CONSTRUCTION,0.152,Bengaluru_r00_c01,13.05315669924756,77.53646221032497
0.15106201171875,0.32164323329925537,0.5278679132461548,3,0.067138671875,Bengaluru,Bengaluru_r00_c01.tif,2024,2025,LIKELY_NO_CHANGE,SCATTERED_CHANGE,False,2020 -> 2025,2,PERSISTENT_CHANGE_SIGNAL,TEMPORAL_ONLY_EVIDENCE,0.00140380859375,0.0027618408203125,7.62939453125e-05,0.0160369873046875,1.0,1.0,0.030030065709826213,False,-0.02833610773086548,0.012343287467956543,0.016101926565170288,1.111842105263158,False,NONE_DETECTED,/content/drive/MyDrive/satellite_change_detection/masks/Bengaluru/Bengaluru_r00_c01_2024_2025.png,UNKNOWN,0.018,Bengaluru_r00_c01,13.05315669924756,77.53646221032497
0.6378173828125,0.37909308075904846,0.5924150943756104,4,0.28533935546875,Bengaluru,Bengaluru_r00_c01.tif,2025,2026,LIKELY_NO_CHANGE,SCATTERED_CHANGE,False,2020 -> 2025,2,PERSISTENT_CHANGE_SIGNAL,TEMPORAL_ONLY_EVIDENCE,0.0027618408203125,0.002655029296875,0.0160369873046875,0.00921630859375,1.0,1.0,0.04573877436795204,False,-0.08820940554141998,0.09372147917747498,-0.04632773995399475,1.3243243243243243,False,NONE_DETECTED,/content/drive/MyDrive/satellite_change_detection/masks/Bengaluru/Bengaluru_r00_c01_2025_2026.png,UNKNOWN,0.08,Bengaluru_r00_c01,13.05315669924756,77.53646221032497
1.25579833984375,0.30275535583496094,0.6962236762046814,11,0.43487548828125,Bengaluru,Bengaluru_r00_c02.tif,2020,2021,LOW_PRIORITY_REVIEW,SCATTERED_CHANGE,False,2020 -> 2023,4,PERSISTENT_CHANGE_SIGNAL,TEMPORAL_ONLY_EVIDENCE,0.0026702880859375,0.00335693359375,0.0057373046875,0.008880615234375,1.0,1.0,0.018323017746870233,False,0.05904635787010193,-0.04574771597981453,0.0362074077129364,1.1569767441860466,False,NONE_DETECTED,/content/drive/MyDrive/satellite_change_detection/masks/Bengaluru/Bengaluru_r00_c02_2020_2021.png,UNKNOWN,0.179,Bengaluru_r00_c02,13.05292424211508,77.56005097146506
1.1871337890625,0.38357147574424744,0.7494508028030396,8,0.335693359375,Bengaluru,Bengaluru_r00_c02.tif,2021,2022,LOW_PRIORITY_REVIEW,SCATTERED_CHANGE,False,2020 -> 2023,4,PERSISTENT_CHANGE_SIGNAL,TEMPORAL_ONLY_EVIDENCE,0.00335693359375,0.003204345703125,0.008880615234375,0.00189208984375,1.0,1.0,0.08601510686754738,False,-0.19766147434711456,0.052746303379535675,0.1041799783706665,1.162303664921466,False,NONE_DETECTED,/content/drive/MyDrive/satellite_change_detection/masks/Bengaluru/Bengaluru_r00_c02_2021_2022.png,VEGETATION_LOSS,0.178,Bengaluru_r00_c02,13.05292424211508,77.56005097146506
0.52642822265625,0.3822166621685028,0.8305041790008545,6,0.1983642578125,Bengaluru,Bengaluru_r00_c02.tif,2022,2023,LIKELY_NO_CHANGE,SCATTERED_CHANGE,False,2020 -> 2023,4,PERSISTENT_CHANGE_SIGNAL,TEMPORAL_ONLY_EVIDENCE,0.003204345703125,0.0044708251953125,0.00189208984375,0.0235595703125,1.0,1.0,0.05199765416948875,False,-0.26915884017944336,0.10171334445476532,0.10532209277153015,1.1791044776119404,False,NONE_DETECTED,/content/drive/MyDrive/satellite_change_detection/masks/Bengaluru/Bengaluru_r00_c02_2022_2023.png,CONSTRUCTION,0.079,Bengaluru_r00_c02,13.05292424211508,77.56005097146506
0.71563720703125,0.32386288046836853,0.6716544032096863,3,0.4119873046875,Bengaluru,Bengaluru_r00_c02.tif,2023,2024,LIKELY_NO_CHANGE,SCATTERED_CHANGE,False,2020 -> 2023,4,PERSISTENT_CHANGE_SIGNAL,TEMPORAL_ONLY_EVIDENCE,0.0044708251953125,0.005401611328125,0.0235595703125,0.0,1.0,1.0,0.07384045143224974,False,-0.33147573471069336,0.18630613386631012,0.06167671084403992,1.2247191011235956,False,NONE_DETECTED,/content/drive/MyDrive/satellite_change_detection/masks/Bengaluru/Bengaluru_r00_c02_2023_2024.png,CONSTRUCTION,0.103,Bengaluru_r00_c02,13.05292424211508,77.56005097146506
0.7080078125,0.3302474319934845,0.8058785200119019,6,0.3875732421875,Bengaluru,Bengaluru_r00_c02.tif,2024,2025,LIKELY_NO_CHANGE,SCATTERED_CHANGE,False,2020 -> 2023,4,PERSISTENT_CHANGE_SIGNAL,TEMPORAL_ONLY_EVIDENCE,0.005401611328125,0.0087890625,0.0,0.006561279296875,1.0,1.0,0.0396096209761478,False,-0.10604259371757507,0.03284011036157608,0.0767039954662323,1.64,False,NONE_DETECTED,/content/drive/MyDrive/satellite_change_detection/masks/Bengaluru/Bengaluru_r00_c02_2024_2025.png,UNKNOWN,0.103,Bengaluru_r00_c02,13.05292424211508,77.56005097146506
0.13427734375,0.2225753664970398,0.2895946502685547,2,0.079345703125,Bengaluru,Bengaluru_r00_c02.tif,2025,2026,LIKELY_NO_CHANGE,SCATTERED_CHANGE,False,2020 -> 2023,4,PERSISTENT_CHANGE_SIGNAL,TEMPORAL_ONLY_EVIDENCE,0.0087890625,0.0106658935546875,0.006561279296875,0.0128021240234375,1.0,1.0,0.012171695532622167,False,-0.08266176283359528,0.06294664740562439,-0.027843058109283447,2.0128205128205128,False,NONE_DETECTED,/content/drive/MyDrive/satellite_change_detection/masks/Bengaluru/Bengaluru_r00_c02_2025_2026.png,UNKNOWN,0.018,Bengaluru_r00_c02,13.05292424211508,77.56005097146506
1.03607177734375,0.31932002305984497,0.7120980024337769,5,0.54473876953125,Bengaluru,Bengaluru_r00_c03.tif,2020,2021,LOW_PRIORITY_REVIEW,SCATTERED_CHANGE,False,2020 -> 2023,4,PERSISTENT_CHANGE_SIGNAL,TEMPORAL_ONLY_EVIDENCE,0.0031585693359375,0.0039215087890625,0.0118865966796875,0.0091552734375,1.0,1.0,0.014876647175370171,False,-0.10503605008125305,-0.00036095455288887024,0.09019306302070618,2.4,False,NONE_DETECTED,/content/drive/MyDrive/satellite_change_detection/masks/Bengaluru/Bengaluru_r00_c03_2020_2021.png,UNKNOWN,0.15,Bengaluru_r00_c03,13.052689638721407,77.58363927361144
0.9979248046875,0.32279273867607117,0.8243997693061829,7,0.50811767578125,Bengaluru,Bengaluru_r00_c03.tif,2021,2022,LIKELY_NO_CHANGE,SCATTERED_CHANGE,False,2020 -> 2023,4,PERSISTENT_CHANGE_SIGNAL,TEMPORAL_ONLY_EVIDENCE,0.0039215087890625,0.002685546875,0.0091552734375,0.0021209716796875,1.0,1.0,0.07008864580151622,False,-0.04179316759109497,0.05954836308956146,-0.00895923376083374,1.0862068965517242,False,NONE_DETECTED,/content/drive/MyDrive/satellite_change_detection/masks/Bengaluru/Bengaluru_r00_c03_2021_2022.png,UNKNOWN,0.145,Bengaluru_r00_c03,13.052689638721407,77.58363927361144
0.72174072265625,0.3209550380706787,0.7225393056869507,4,0.36163330078125,Bengaluru,Bengaluru_r00_c03.tif,2022,2023,LIKELY_NO_CHANGE,SCATTERED_CHANGE,False,2020 -> 2023,4,PERSISTENT_CHANGE_SIGNAL,TEMPORAL_ONLY_EVIDENCE,0.002685546875,0.002899169921875,0.0021209716796875,0.009429931640625,1.0,1.0,0.04434635164017992,False,-0.07461084425449371,-0.0161312073469162,0.06145834922790527,1.6866666666666668,False,NONE_DETECTED,/content/drive/MyDrive/satellite_change_detection/masks/Bengaluru/Bengaluru_r00_c03_2022_2023.png,UNKNOWN,0.104,Bengaluru_r00_c03,13.052689638721407,77.58363927361144
0.91705322265625,0.29026374220848083,0.7573367357254028,7,0.31585693359375,Bengaluru,Bengaluru_r00_c03.tif,2023,2024,LIKELY_NO_CHANGE,SCATTERED_CHANGE,False,2020 -> 2023,4,PERSISTENT_CHANGE_SIGNAL,TEMPORAL_ONLY_EVIDENCE,0.002899169921875,0.0020904541015625,0.009429931640625,0.000244140625,1.0,1.0,0.055589154497261664,False,-0.24194028973579407,0.14951908588409424,0.024139493703842163,1.4174757281553398,False,NONE_DETECTED,/content/drive/MyDrive/satellite_change_detection/masks/Bengaluru/Bengaluru_r00_c03_2023_2024.png,CONSTRUCTION,0.129,Bengaluru_r00_c03,13.052689638721407,77.58363927361144
0.4913330078125,0.2500746250152588,0.4883976876735687,4,0.20751953125,Bengaluru,Bengaluru_r00_c03.tif,2024,2025,LIKELY_NO_CHANGE,SCATTERED_CHANGE,False,2020 -> 2023,4,PERSISTENT_CHANGE_SIGNAL,TEMPORAL_ONLY_EVIDENCE,0.0020904541015625,0.0040740966796875,0.000244140625,0.006805419921875,1.0,1.0,0.029143240835407185,False,0.1509602665901184,-0.10720357298851013,-0.0012023746967315674,2.26,False,NONE_DETECTED,/content/drive/MyDrive/satellite_change_detection/masks/Bengaluru/Bengaluru_r00_c03_2024_2025.png,VEGETATION_GAIN,0.067,Bengaluru_r00_c03,13.052689638721407,77.58363927361144
0.36773681640625,0.31415918469429016,0.5510090589523315,3,0.146484375,Bengaluru,Bengaluru_r00_c03.tif,2025,2026,LIKELY_NO_CHANGE,SCATTERED_CHANGE,False,2020 -> 2023,4,PERSISTENT_CHANGE_SIGNAL,TEMPORAL_ONLY_EVIDENCE,0.0040740966796875,0.0046234130859375,0.006805419921875,0.0220489501953125,1.0,1.0,0.03629387646459626,False,0.04987616837024689,0.03655317425727844,-0.2617650628089905,1.15,False,NONE_DETECTED,/content/drive/MyDrive/satellite_change_detection/masks/Bengaluru/Bengaluru_r00_c03_2025_2026.png,WATER,0.052,Bengaluru_r00_c03,13.052689638721407,77.58363927361144
0.836181640625,0.28543320298194885,0.9122083187103271,10,0.1922607421875,Bengaluru,Bengaluru_r00_c04.tif,2020,2021,LIKELY_NO_CHANGE,SCATTERED_CHANGE,False,2020 -> 2022,5,PERSISTENT_CHANGE_SIGNAL,TEMPORAL_ONLY_EVIDENCE,0.005859375,0.0052490234375,0.0008697509765625,0.0098114013671875,1.0,1.0,0.0021157542862671806,False,0.009600430727005005,-0.011551572009921074,0.047452062368392944,1.0429184549356223,False,NONE_DETECTED,/content/drive/MyDrive/satellite_change_detection/masks/Bengaluru/Bengaluru_r00_c04_2020_2021.png,UNKNOWN,0.117,Bengaluru_r00_c04,13.052452889261373,77.60722711254813
1.42059326171875,0.2700929641723633,0.5791316032409668,10,0.49896240234375,Bengaluru,Bengaluru_r00_c04.tif,2021,2022,LOW_PRIORITY_REVIEW,SCATTERED_CHANGE,False,2020 -> 2022,5,PERSISTENT_CHANGE_SIGNAL,TEMPORAL_ONLY_EVIDENCE,0.0052490234375,0.0032501220703125,0.0098114013671875,0.027099609375,1.0,1.0,0.07690179939316405,False,-0.0924367904663086,0.014422230422496796,0.06253361701965332,1.2577319587628866,False,NONE_DETECTED,/content/drive/MyDrive/satellite_change_detection/masks/Bengaluru/Bengaluru_r00_c04_2021_2022.png,UNKNOWN,0.198,Bengaluru_r00_c04,13.052452889261373,77.60722711254813
1.42669677734375,0.29627349972724915,0.6012837886810303,12,0.31585693359375,Bengaluru,Bengaluru_r00_c04.tif,2022,2023,LOW_PRIORITY_REVIEW,SCATTERED_CHANGE,False,2020 -> 2022,5,PERSISTENT_CHANGE_SIGNAL,TEMPORAL_ONLY_EVIDENCE,0.0032501220703125,0.00518798828125,0.027099609375,0.0101165771484375,1.0,1.0,0.002594201394408936,False,-0.11933353543281555,0.07236407697200775,0.02135053277015686,1.128440366972477,False,NONE_DETECTED,/content/drive/MyDrive/satellite_change_detection/masks/Bengaluru/Bengaluru_r00_c04_2022_2023.png,UNKNOWN,0.201,Bengaluru_r00_c04,13.052452889261373,77.60722711254813
2.35443115234375,0.31456029415130615,0.8137207627296448,15,0.616455078125,Bengaluru,Bengaluru_r00_c04.tif,2023,2024,LOW_PRIORITY_REVIEW,SCATTERED_CHANGE,True,2020 -> 2022,5,PERSISTENT_CHANGE_SIGNAL,TEMPORAL_ONLY_EVIDENCE,0.00518798828125,0.004150390625,0.0101165771484375,0.0001220703125,1.0,1.0,0.038789348281758174,False,-0.2682918906211853,0.12350820004940033,0.08694833517074585,1.0080645161290323,False,NONE_DETECTED,/content/drive/MyDrive/satellite_change_detection/masks/Bengaluru/Bengaluru_r00_c04_2023_2024.png,CONSTRUCTION,0.34,Bengaluru_r00_c04,13.052452889261373,77.60722711254813
1.9073486328125,0.2905924916267395,0.8413928151130676,14,0.4486083984375,Bengaluru,Bengaluru_r00_c04.tif,2024,2025,LOW_PRIORITY_REVIEW,SCATTERED_CHANGE,False,2020 -> 2022,5,PERSISTENT_CHANGE_SIGNAL,TEMPORAL_ONLY_EVIDENCE,0.004150390625,0.0057830810546875,0.0001220703125,0.002197265625,1.0,1.0,0.06065462491880469,False,0.076427161693573,-0.07387638837099075,0.03321477770805359,1.0281124497991967,False,NONE_DETECTED,/content/drive/MyDrive/satellite_change_detection/masks/Bengaluru/Bengaluru_r00_c04_2024_2025.png,UNKNOWN,0.27,Bengaluru_r00_c04,13.052452889261373,77.60722711254813
4.3853759765625,0.32058459520339966,0.7175427675247192,8,3.14483642578125,Bengaluru,Bengaluru_r00_c04.tif,2025,2026,REVIEW_REQUIRED,MODERATELY_CONNECTED,True,2020 -> 2022,5,PERSISTENT_CHANGE_SIGNAL,MODERATE_EVIDENCE,0.0057830810546875,0.0060882568359375,0.002197265625,0.009857177734375,1.0,1.0,0.023691655102727367,False,0.03877021372318268,0.20415091514587402,-0.4446569085121155,1.1586538461538463,False,NONE_DETECTED,/content/drive/MyDrive/satellite_change_detection/masks/Bengaluru/Bengaluru_r00_c04_2025_2026.png,WATER,0.692,Bengaluru_r00_c04,13.052452889261373,77.60722711254813
1.751708984375,0.2869613468647003,0.6780107617378235,18,0.64544677734375,Bengaluru,Bengaluru_r00_c05.tif,2020,2021,LOW_PRIORITY_REVIEW,SCATTERED_CHANGE,False,2020 -> 2022,5,PERSISTENT_CHANGE_SIGNAL,TEMPORAL_ONLY_EVIDENCE,0.005218505859375,0.00787353515625,0.00128173828125,0.0002288818359375,1.0,1.0,0.07245896346293361,False,0.06828278303146362,-0.0211198627948761,-0.01998421549797058,1.0,False,NONE_DETECTED,/content/drive/MyDrive/satellite_change_detection/masks/Bengaluru/Bengaluru_r00_c05_2020_2021.png,UNKNOWN,0.249,Bengaluru_r00_c05,13.05221399393154,77.63081448405939
1.67388916015625,0.31873705983161926,0.7423210144042969,11,0.56304931640625,Bengaluru,Bengaluru_r00_c05.tif,2021,2022,LOW_PRIORITY_REVIEW,SCATTERED_CHANGE,False,2020 -> 2022,5,PERSISTENT_CHANGE_SIGNAL,TEMPORAL_ONLY_EVIDENCE,0.00787353515625,0.0076904296875,0.0002288818359375,0.000152587890625,1.0,1.0,0.0696939939022329,False,-0.09140804409980774,0.034583255648612976,0.05375349521636963,1.0413223140495869,False,NONE_DETECTED,/content/drive/MyDrive/satellite_change_detection/masks/Bengaluru/Bengaluru_r00_c05_2021_2022.png,UNKNOWN,0.242,Bengaluru_r00_c05,13.05221399393154,77.63081448405939
1.9378662109375,0.33540859818458557,0.752058744430542,18,0.51727294921875,Bengaluru,Bengaluru_r00_c05.tif,2022,2023,LOW_PRIORITY_REVIEW,SCATTERED_CHANGE,False,2020 -> 2022,5,PERSISTENT_CHANGE_SIGNAL,TEMPORAL_ONLY_EVIDENCE,0.0076904296875,0.007568359375,0.000152587890625,0.000518798828125,1.0,1.0,0.06858487558842923,False,0.027422592043876648,-0.014990724623203278,-0.004280537366867065,1.004255319148936,False,NONE_DETECTED,/content/drive/MyDrive/satellite_change_detection/masks/Bengaluru/Bengaluru_r00_c05_2022_2023.png,UNKNOWN,0.283,Bengaluru_r00_c05,13.05221399393154,77.63081448405939
1.73797607421875,0.41570499539375305,0.9184576869010925,10,0.64544677734375,Bengaluru,Bengaluru_r00_c05.tif,2023,2024,LOW_PRIORITY_REVIEW,SCATTERED_CHANGE,False,2020 -> 2022,5,PERSISTENT_CHANGE_SIGNAL,TEMPORAL_ONLY_EVIDENCE,0.007568359375,0.007720947265625,0.000518798828125,0.0,1.0,1.0,0.05763926327482784,False,-0.22705848515033722,0.07343871891498566,0.10602626204490662,1.0464135021097047,False,NONE_DETECTED,/content/drive/MyDrive/satellite_change_detection/masks/Bengaluru/Bengaluru_r00_c05_2023_2024.png,VEGETATION_LOSS,0.266,Bengaluru_r00_c05,13.05221399393154,77.63081448405939
1.86004638671875,0.3734942376613617,0.8362385034561157,17,0.3326416015625,Bengaluru,Bengaluru_r00_c05.tif,2024,2025,LOW_PRIORITY_REVIEW,SCATTERED_CHANGE,False,2020 -> 2022,5,PERSISTENT_CHANGE_SIGNAL,TEMPORAL_ONLY_EVIDENCE,0.007720947265625,0.009033203125,0.0,0.000823974609375,1.0,1.0,0.005122110899052125,False,0.06394438445568085,-0.012922152876853943,-0.03629574179649353,1.0510638297872341,False,NONE_DETECTED,/content/drive/MyDrive/satellite_change_detection/masks/Bengaluru/Bengaluru_r00_c05_2024_2025.png,UNKNOWN,0.277,Bengaluru_r00_c05,13.05221399393154,77.63081448405939
1.78375244140625,0.2985389232635498,0.674878716468811,16,0.45928955078125,Bengaluru,Bengaluru_r00_c05.tif,2025,2026,LOW_PRIORITY_REVIEW,SCATTERED_CHANGE,False,2020 -> 2022,5,PERSISTENT_CHANGE_SIGNAL,TEMPORAL_ONLY_EVIDENCE,0.009033203125,0.0111846923828125,0.000823974609375,0.0019073486328125,1.0,1.0,0.026635657249325116,False,-0.03298008441925049,-0.01879146695137024,0.050125956535339355,1.147982062780269,False,NONE_DETECTED,/content/drive/MyDrive/satellite_change_detection/masks/Bengaluru/Bengaluru_r00_c05_2025_2026.png,UNKNOWN,0.254,Bengaluru_r00_c05,13.05221399393154,77.63081448405939
0.61798095703125,0.33524560928344727,0.8200887441635132,9,0.16326904296875,Bengaluru,Bengaluru_r00_c06.tif,2020,2021,LIKELY_NO_CHANGE,SCATTERED_CHANGE,False,2020 -> 2022,5,PERSISTENT_CHANGE_SIGNAL,TEMPORAL_ONLY_EVIDENCE,0.004913330078125,0.0034942626953125,0.00177001953125,0.0337982177734375,1.0,1.0,0.02966853574027271,False,-0.23900967836380005,0.09543933719396591,0.11127936840057373,1.239795918367347,False,NONE_DETECTED,/content/drive/MyDrive/satellite_change_detection/masks/Bengaluru/Bengaluru_r00_c06_2020_2021.png,VEGETATION_LOSS,0.089,Bengaluru_r00_c06,13.05197295293028,77.65440138393005
1.55181884765625,0.28811684250831604,0.7670686841011047,13,0.31890869140625,Bengaluru,Bengaluru_r00_c06.tif,2021,2022,LOW_PRIORITY_REVIEW,SCATTERED_CHANGE,False,2020 -> 2022,5,PERSISTENT_CHANGE_SIGNAL,TEMPORAL_ONLY_EVIDENCE,0.0034942626953125,0.00244140625,0.0337982177734375,0.0377044677734375,1.0,1.0,0.10676435963571186,False,-0.13916388154029846,0.06614542007446289,0.05103647708892822,1.0125,False,NONE_DETECTED,/content/drive/MyDrive/satellite_change_detection/masks/Bengaluru/Bengaluru_r00_c06_2021_2022.png,UNKNOWN,0.218,Bengaluru_r00_c06,13.05197295293028,77.65440138393005
2.239990234375,0.2791231572628021,0.7781477570533752,19,0.57373046875,Bengaluru,Bengaluru_r00_c06.tif,2022,2023,LOW_PRIORITY_REVIEW,SCATTERED_CHANGE,True,2020 -> 2022,5,PERSISTENT_CHANGE_SIGNAL,TEMPORAL_ONLY_EVIDENCE,0.00244140625,0.0035247802734375,0.0377044677734375,0.009735107421875,1.0,1.0,0.061409308362876135,False,-0.03909483551979065,-0.01246728003025055,0.051341474056243896,1.037037037037037,False,NONE_DETECTED,/content/drive/MyDrive/satellite_change_detection/masks/Bengaluru/Bengaluru_r00_c06_2022_2023.png,UNKNOWN,0.315,Bengaluru_r00_c06,13.05197295293028,77.65440138393005
1.94091796875,0.2927128076553345,0.746343731880188,15,0.70037841796875,Bengaluru,Bengaluru_r00_c06.tif,2023,2024,LOW_PRIORITY_REVIEW,SCATTERED_CHANGE,False,2020 -> 2022,5,PERSISTENT_CHANGE_SIGNAL,TEMPORAL_ONLY_EVIDENCE,0.0035247802734375,0.0037841796875,0.009735107421875,0.0,1.0,1.0,0.05187608701275366,False,-0.20005835592746735,0.12375599890947342,0.022772789001464844,1.0040485829959513,False,NONE_DETECTED,/content/drive/MyDrive/satellite_change_detection/masks/Bengaluru/Bengaluru_r00_c06_2023_2024.png,CONSTRUCTION,0.277,Bengaluru_r00_c06,13.05197295293028,77.65440138393005
6.5887451171875,0.4124613404273987,0.9990100264549255,36,3.1707763671875,Bengaluru,Bengaluru_r00_c06.tif,2024,2025,REVIEW_REQUIRED,MODERATELY_CONNECTED,True,2020 -> 2022,5,PERSISTENT_CHANGE_SIGNAL,MODERATE_EVIDENCE,0.0037841796875,0.00653076171875,0.0,0.0011444091796875,1.0,1.0,0.061716813283341436,False,-0.11687195301055908,0.26482948660850525,-0.30533960461616516,1.0,False,NONE_DETECTED,/content/drive/MyDrive/satellite_change_detection/masks/Bengaluru/Bengaluru_r00_c06_2024_2025.png,WATER,0.829,Bengaluru_r00_c06,13.05197295293028,77.65440138393005
4.88128662109375,0.42820578813552856,0.9469895362854004,22,3.076171875,Bengaluru,Bengaluru_r00_c06.tif,2025,2026,REVIEW_REQUIRED,MODERATELY_CONNECTED,True,2020 -> 2022,5,PERSISTENT_CHANGE_SIGNAL,MODERATE_EVIDENCE,0.00653076171875,0.00933837890625,0.0011444091796875,0.004913330078125,1.0,1.0,0.025518589999461567,False,0.22772851586341858,-0.14879322052001953,-0.07482394576072693,1.1,False,NONE_DETECTED,/content/drive/MyDrive/satellite_change_detection/masks/Bengaluru/Bengaluru_r00_c06_2025_2026.png,VEGETATION_GAIN,0.807,Bengaluru_r00_c06,13.05197295293028,77.65440138393005
7.8338623046875,0.31994232535362244,0.7880073189735413,16,4.51812744140625,Bengaluru,Bengaluru_r00_c07.tif,2020,2021,REVIEW_REQUIRED,MODERATELY_CONNECTED,True,2020 -> 2021,6,PERSISTENT_CHANGE_SIGNAL,MODERATE_EVIDENCE,0.0026092529296875,0.00323486328125,0.0273284912109375,0.023651123046875,1.0,1.0,0.027329737170135048,False,-0.198691725730896,0.1563614010810852,0.01286652684211731,1.0185185185185186,False,NONE_DETECTED,/content/drive/MyDrive/satellite_change_detection/masks/Bengaluru/Bengaluru_r00_c07_2020_2021.png,CONSTRUCTION,0.823,Bengaluru_r00_c07,13.051729766457717,77.67798780794539
7.77587890625,0.2935969829559326,0.8457752466201782,28,3.3050537109375,Bengaluru,Bengaluru_r00_c07.tif,2021,2022,REVIEW_REQUIRED,MODERATELY_CONNECTED,True,2020 -> 2021,6,PERSISTENT_CHANGE_SIGNAL,MODERATE_EVIDENCE,0.00323486328125,0.0030975341796875,0.023651123046875,0.0224151611328125,1.0,1.0,0.018166793200944997,False,-0.28183239698410034,0.1946098506450653,0.06446504592895508,1.0267857142857142,False,NONE_DETECTED,/content/drive/MyDrive/satellite_change_detection/masks/Bengaluru/Bengaluru_r00_c07_2021_2022.png,CONSTRUCTION,0.779,Bengaluru_r00_c07,13.051729766457717,77.67798780794539
4.98199462890625,0.29452386498451233,0.7651576995849609,29,0.90484619140625,Bengaluru,Bengaluru_r00_c07.tif,2022,2023,LOW_PRIORITY_REVIEW,SCATTERED_CHANGE,True,2020 -> 2021,6,PERSISTENT_CHANGE_SIGNAL,TEMPORAL_ONLY_EVIDENCE,0.0030975341796875,0.005523681640625,0.0224151611328125,0.0089111328125,1.0,1.0,0.08228644281081053,False,0.056529730558395386,-0.02348487079143524,-0.017290502786636353,1.063063063063063,False,NONE_DETECTED,/content/drive/MyDrive/satellite_change_detection/masks/Bengaluru/Bengaluru_r00_c07_2022_2023.png,UNKNOWN,0.717,Bengaluru_r00_c07,13.051729766457717,77.67798780794539
4.86297607421875,0.3007020652294159,0.791070818901062,20,1.9134521484375,Bengaluru,Bengaluru_r00_c07.tif,2023,2024,REVIEW_REQUIRED,SCATTERED_CHANGE,True,2020 -> 2021,6,PERSISTENT_CHANGE_SIGNAL,TEMPORAL_ONLY_EVIDENCE,0.005523681640625,0.00653076171875,0.0089111328125,0.0,1.0,1.0,0.1185558647910344,False,0.0012913048267364502,0.0054364632815122604,-0.01697462797164917,1.0555555555555556,False,NONE_DETECTED,/content/drive/MyDrive/satellite_change_detection/masks/Bengaluru/Bengaluru_r00_c07_2023_2024.png,UNKNOWN,0.728,Bengaluru_r00_c07,13.051729766457717,77.67798780794539
10.833740234375,0.2763291895389557,0.8047692775726318,18,7.5897216796875,Bengaluru,Bengaluru_r00_c07.tif,2024,2025,MODERATE_STRUCTURED_CHANGE,MODERATELY_CONNECTED,True,2020 -> 2021,6,PERSISTENT_CHANGE_SIGNAL,MODERATE_EVIDENCE,0.00653076171875,0.014251708984375,0.0,0.0291748046875,1.0,1.0,0.08042507606369217,False,0.17362987995147705,-0.21681343019008636,0.10388553142547607,1.0711297071129706,False,NONE_DETECTED,/content/drive/MyDrive/satellite_change_detection/masks/Bengaluru/Bengaluru_r00_c07_2024_2025.png,VEGETATION_GAIN,0.878,Bengaluru_r00_c07,13.051729766457717,77.67798780794539
3.45458984375,0.31403857469558716,0.804773211479187,15,1.15814208984375,Bengaluru,Bengaluru_r00_c07.tif,2025,2026,REVIEW_REQUIRED,SCATTERED_CHANGE,True,2020 -> 2021,6,PERSISTENT_CHANGE_SIGNAL,TEMPORAL_ONLY_EVIDENCE,0.014251708984375,0.0162353515625,0.0291748046875,0.0254364013671875,1.0,1.0,0.05639433933125309,False,-0.16718462109565735,0.07988262176513672,0.054826587438583374,1.1386138613861385,False,NONE_DETECTED,/content/drive/MyDrive/satellite_change_detection/masks/Bengaluru/Bengaluru_r00_c07_2025_2026.png,VEGETATION_LOSS,0.508,Bengaluru_r00_c07,13.051729766457717,77.67798780794539
0.90484619140625,0.44456174969673157,0.9821817874908447,5,0.48065185546875,Bengaluru,Bengaluru_r01_c00.tif,2020,2021,LIKELY_NO_CHANGE,SCATTERED_CHANGE,False,2020 -> 2023,4,PERSISTENT_CHANGE_SIGNAL,TEMPORAL_ONLY_EVIDENCE,0.0087890625,0.0120697021484375,0.0051727294921875,0.005035400390625,1.0,1.0,0.025956236407890187,False,-0.20651549100875854,0.09662088751792908,0.08596709370613098,1.3671875,False,NONE_DETECTED,/content/drive/MyDrive/satellite_change_detection/masks/Bengaluru/Bengaluru_r01_c00_2020_2021.png,VEGETATION_LOSS,0.138,Bengaluru_r01_c00,13.030260123044377,77.51263939710311
0.36163330078125,0.4185626208782196,0.7597079277038574,3,0.23651123046875,Bengaluru,Bengaluru_r01_c00.tif,2021,2022,LIKELY_NO_CHANGE,SCATTERED_CHANGE,False,2020 -> 2023,4,PERSISTENT_CHANGE_SIGNAL,TEMPORAL_ONLY_EVIDENCE,0.0120697021484375,0.0093841552734375,0.005035400390625,0.00726318359375,1.0,1.0,0.08735841027042625,False,-0.03665103763341904,-0.0573730543255806,0.10393336415290833,2.0392156862745097,False,NONE_DETECTED,/content/drive/MyDrive/satellite_change_detection/masks/Bengaluru/Bengaluru_r01_c00_2021_2022.png,UNKNOWN,0.055,Bengaluru_r01_c00,13.030260123044377,77.51263939710311
0.68206787109375,0.30670514702796936,0.7264896035194397,8,0.15869140625,Bengaluru,Bengaluru_r01_c00.tif,2022,2023,LIKELY_NO_CHANGE,SCATTERED_CHANGE,False,2020 -> 2023,4,PERSISTENT_CHANGE_SIGNAL,TEMPORAL_ONLY_EVIDENCE,0.0093841552734375,0.012939453125,0.00726318359375,0.0097808837890625,1.0,1.0,0.04337677714010004,False,-0.11708033084869385,0.05126599222421646,0.06060880422592163,1.9473684210526316,False,NONE_DETECTED,/content/drive/MyDrive/satellite_change_detection/masks/Bengaluru/Bengaluru_r01_c00_2022_2023.png,UNKNOWN,0.096,Bengaluru_r01_c00,13.030260123044377,77.51263939710311
0.94451904296875,0.2675962746143341,0.7620449066162109,9,0.384521484375,Bengaluru,Bengaluru_r01_c00.tif,2023,2024,LIKELY_NO_CHANGE,SCATTERED_CHANGE,False,2020 -> 2023,4,PERSISTENT_CHANGE_SIGNAL,TEMPORAL_ONLY_EVIDENCE,0.012939453125,0.0099334716796875,0.0097808837890625,0.0,1.0,1.0,0.04378526889541906,False,-0.1266990303993225,0.08332271873950958,-0.05991324782371521,1.4285714285714286,False,NONE_DETECTED,/content/drive/MyDrive/satellite_change_detection/masks/Bengaluru/Bengaluru_r01_c00_2023_2024.png,UNKNOWN,0.131,Bengaluru_r01_c00,13.030260123044377,77.51263939710311
1.4984130859375,0.33345574140548706,0.7221238613128662,9,0.5462646484375,Bengaluru,Bengaluru_r01_c00.tif,2024,2025,LOW_PRIORITY_REVIEW,SCATTERED_CHANGE,False,2020 -> 2023,4,PERSISTENT_CHANGE_SIGNAL,TEMPORAL_ONLY_EVIDENCE,0.0099334716796875,0.01947021484375,0.0,9.1552734375e-05,1.0,1.0,0.011088593599031481,False,-0.10007484257221222,-0.08288025110960007,0.27609628438949585,1.2747252747252746,False,NONE_DETECTED,/content/drive/MyDrive/satellite_change_detection/masks/Bengaluru/Bengaluru_r01_c00_2024_2025.png,WATER,0.219,Bengaluru_r01_c00,13.030260123044377,77.51263939710311
0.32806396484375,0.41097134351730347,0.6871961951255798,4,0.20599365234375,Bengaluru,Bengaluru_r01_c00.tif,2025,2026,LIKELY_NO_CHANGE,SCATTERED_CHANGE,False,2020 -> 2023,4,PERSISTENT_CHANGE_SIGNAL,TEMPORAL_ONLY_EVIDENCE,0.01947021484375,0.016998291015625,9.1552734375e-05,0.0,1.0,1.0,0.006575591165939245,False,-0.22130706906318665,0.038091614842414856,0.1568324863910675,1.04093567251462,True,SEASONAL_VARIATION_LIKELY,/content/drive/MyDrive/satellite_change_detection/masks/Bengaluru/Bengaluru_r01_c00_2025_2026.png,UNKNOWN,0.046,Bengaluru_r01_c00,13.030260123044377,77.51263939710311
0.66986083984375,0.26617568731307983,0.5591542720794678,6,0.20751953125,Bengaluru,Bengaluru_r01_c01.tif,2020,2021,LIKELY_NO_CHANGE,SCATTERED_CHANGE,False,2020 -> 2023,4,PERSISTENT_CHANGE_SIGNAL,TEMPORAL_ONLY_EVIDENCE,0.0052032470703125,0.0061798095703125,0.0013885498046875,0.0028533935546875,1.0,1.0,0.036550535735665114,False,-0.03532290458679199,-0.010511830449104309,0.03565564751625061,1.0342465753424657,False,NONE_DETECTED,/content/drive/MyDrive/satellite_change_detection/masks/Bengaluru/Bengaluru_r01_c01_2020_2021.png,UNKNOWN,0.092,Bengaluru_r01_c01,13.030030234293855,77.53622642586615
0.91094970703125,0.30749642848968506,0.8626349568367004,8,0.3021240234375,Bengaluru,Bengaluru_r01_c01.tif,2021,2022,LIKELY_NO_CHANGE,SCATTERED_CHANGE,False,2020 -> 2023,4,PERSISTENT_CHANGE_SIGNAL,TEMPORAL_ONLY_EVIDENCE,0.0061798095703125,0.004119873046875,0.0028533935546875,0.0013275146484375,1.0,1.0,0.09697312075200895,False,-0.14069484174251556,0.07311881333589554,0.06433206796646118,1.5266666666666666,False,NONE_DETECTED,/content/drive/MyDrive/satellite_change_detection/masks/Bengaluru/Bengaluru_r01_c01_2021_2022.png,UNKNOWN,0.13,Bengaluru_r01_c01,13.030030234293855,77.53622642586615
1.15203857421875,0.3996869921684265,0.8438475131988525,7,0.33111572265625,Bengaluru,Bengaluru_r01_c01.tif,2022,2023,LOW_PRIORITY_REVIEW,SCATTERED_CHANGE,False,2020 -> 2023,4,PERSISTENT_CHANGE_SIGNAL,TEMPORAL_ONLY_EVIDENCE,0.004119873046875,0.0055694580078125,0.0013275146484375,0.00823974609375,1.0,1.0,0.04183163914766091,False,-0.19779576361179352,0.05704424902796745,0.14793550968170166,1.0689655172413792,False,NONE_DETECTED,/content/drive/MyDrive/satellite_change_detection/masks/Bengaluru/Bengaluru_r01_c01_2022_2023.png,VEGETATION_LOSS,0.175,Bengaluru_r01_c01,13.030030234293855,77.53622642586615
0.98114013671875,0.386871874332428,0.8496788740158081,9,0.37841796875,Bengaluru,Bengaluru_r01_c01.tif,2023,2024,LIKELY_NO_CHANGE,SCATTERED_CHANGE,False,2020 -> 2023,4,PERSISTENT_CHANGE_SIGNAL,TEMPORAL_ONLY_EVIDENCE,0.0055694580078125,0.0042724609375,0.00823974609375,3.0517578125e-05,1.0,1.0,0.09485526787904962,False,-0.2709510326385498,0.08150880038738251,0.14228200912475586,1.1290322580645162,False,NONE_DETECTED,/content/drive/MyDrive/satellite_change_detection/masks/Bengaluru/Bengaluru_r01_c01_2023_2024.png,VEGETATION_LOSS,0.148,Bengaluru_r01_c01,13.030030234293855,77.53622642586615
1.0040283203125,0.3279764950275421,0.6956675052642822,11,0.3997802734375,Bengaluru,Bengaluru_r01_c01.tif,2024,2025,LOW_PRIORITY_REVIEW,SCATTERED_CHANGE,False,2020 -> 2023,4,PERSISTENT_CHANGE_SIGNAL,TEMPORAL_ONLY_EVIDENCE,0.0042724609375,0.0084686279296875,3.0517578125e-05,0.0051116943359375,1.0,1.0,0.020050966620158397,False,-0.02166163921356201,-0.032013967633247375,0.04588833451271057,1.3425414364640884,False,NONE_DETECTED,/content/drive/MyDrive/satellite_change_detection/masks/Bengaluru/Bengaluru_r01_c01_2024_2025.png,UNKNOWN,0.145,Bengaluru_r01_c01,13.030030234293855,77.53622642586615
0.62255859375,0.35877662897109985,0.6796875,7,0.21209716796875,Bengaluru,Bengaluru_r01_c01.tif,2025,2026,LIKELY_NO_CHANGE,SCATTERED_CHANGE,False,2020 -> 2023,4,PERSISTENT_CHANGE_SIGNAL,TEMPORAL_ONLY_EVIDENCE,0.0084686279296875,0.0073089599609375,0.0051116943359375,0.0062713623046875,1.0,1.0,0.029480883525957985,False,-0.28928324580192566,0.10641663521528244,0.08148258924484253,1.1538461538461537,False,NONE_DETECTED,/content/drive/MyDrive/satellite_change_detection/masks/Bengaluru/Bengaluru_r01_c01_2025_2026.png,CONSTRUCTION,0.091,Bengaluru_r01_c01,13.030030234293855,77.53622642586615
0.1190185546875,0.3256646394729614,0.590880811214447,2,0.0732421875,Bengaluru,Bengaluru_r01_c02.tif,2020,2021,LIKELY_NO_CHANGE,SCATTERED_CHANGE,False,2020 -> 2023,4,PERSISTENT_CHANGE_SIGNAL,TEMPORAL_ONLY_EVIDENCE,0.001556396484375,0.00201416015625,0.0198822021484375,0.0290374755859375,1.0,1.0,0.05313060458654902,False,-0.10534217953681946,0.08115328103303909,-0.0011894702911376953,1.9852941176470589,False,NONE_DETECTED,/content/drive/MyDrive/satellite_change_detection/masks/Bengaluru/Bengaluru_r01_c02_2020_2021.png,UNKNOWN,0.017,Bengaluru_r01_c02,13.029798203020649,77.55981300005406
1.5472412109375,0.37904301285743713,0.7880325317382812,10,0.56610107421875,Bengaluru,Bengaluru_r01_c02.tif,2021,2022,LOW_PRIORITY_REVIEW,SCATTERED_CHANGE,False,2020 -> 2023,4,PERSISTENT_CHANGE_SIGNAL,TEMPORAL_ONLY_EVIDENCE,0.00201416015625,0.001861572265625,0.0290374755859375,0.00537109375,1.0,1.0,0.10801749929788855,False,-0.28788119554519653,0.20185518264770508,-0.02530422806739807,1.271356783919598,False,NONE_DETECTED,/content/drive/MyDrive/satellite_change_detection/masks/Bengaluru/Bengaluru_r01_c02_2021_2022.png,CONSTRUCTION,0.233,Bengaluru_r01_c02,13.029798203020649,77.55981300005406
1.0223388671875,0.38115349411964417,0.8038128018379211,9,0.299072265625,Bengaluru,Bengaluru_r01_c02.tif,2022,2023,LOW_PRIORITY_REVIEW,SCATTERED_CHANGE,False,2020 -> 2023,4,PERSISTENT_CHANGE_SIGNAL,TEMPORAL_ONLY_EVIDENCE,0.001861572265625,0.0025787353515625,0.00537109375,0.0217132568359375,1.0,1.0,0.05251758737484123,False,-0.32358798384666443,0.02880593203008175,0.2637505531311035,1.4233128834355828,True,SEASONAL_VARIATION_LIKELY,/content/drive/MyDrive/satellite_change_detection/masks/Bengaluru/Bengaluru_r01_c02_2022_2023.png,UNKNOWN,0.141,Bengaluru_r01_c02,13.029798203020649,77.55981300005406
0.66986083984375,0.42531588673591614,0.918062686920166,6,0.2716064453125,Bengaluru,Bengaluru_r01_c02.tif,2023,2024,LIKELY_NO_CHANGE,SCATTERED_CHANGE,False,2020 -> 2023,4,PERSISTENT_CHANGE_SIGNAL,TEMPORAL_ONLY_EVIDENCE,0.0025787353515625,0.003204345703125,0.0217132568359375,0.0,1.0,1.0,0.05769116878161711,False,0.015151843428611755,0.13253647089004517,-0.1985761821269989,1.0260416666666667,False,NONE_DETECTED,/content/drive/MyDrive/satellite_change_detection/masks/Bengaluru/Bengaluru_r01_c02_2023_2024.png,WATER,0.101,Bengaluru_r01_c02,13.029798203020649,77.55981300005406
0.17547607421875,0.31155315041542053,0.511725664138794,3,0.07781982421875,Bengaluru,Bengaluru_r01_c02.tif,2024,2025,LIKELY_NO_CHANGE,SCATTERED_CHANGE,False,2020 -> 2023,4,PERSISTENT_CHANGE_SIGNAL,TEMPORAL_ONLY_EVIDENCE,0.003204345703125,0.0054473876953125,0.0,0.01629638671875,1.0,1.0,0.0417133612376656,False,-0.07321897149085999,-0.19309839606285095,0.30822840332984924,4.333333333333333,False,NONE_DETECTED,/content/drive/MyDrive/satellite_change_detection/masks/Bengaluru/Bengaluru_r01_c02_2024_2025.png,WATER,0.025,Bengaluru_r01_c02,13.029798203020649,77.55981300005406
0.3143310546875,0.40304774045944214,0.6908692717552185,4,0.1007080078125,Bengaluru,Bengaluru_r01_c02.tif,2025,2026,LIKELY_NO_CHANGE,SCATTERED_CHANGE,False,2020 -> 2023,4,PERSISTENT_CHANGE_SIGNAL,TEMPORAL_ONLY_EVIDENCE,0.0054473876953125,0.0040740966796875,0.01629638671875,0.013092041015625,1.0,1.0,0.0252823838108895,False,-0.07200665771961212,0.13441863656044006,-0.09744709730148315,4.0,False,NONE_DETECTED,/content/drive/MyDrive/satellite_change_detection/masks/Bengaluru/Bengaluru_r01_c02_2025_2026.png,ROAD_INFRASTRUCTURE,0.047,Bengaluru_r01_c02,13.029798203020649,77.55981300005406
0.482177734375,0.2565156817436218,0.5843855142593384,7,0.10986328125,Bengaluru,Bengaluru_r01_c03.tif,2020,2021,LIKELY_NO_CHANGE,SCATTERED_CHANGE,False,No supported change interval,0,NO_SIGNIFICANT_CHANGE,LOW_PRIORITY_REVIEW,0.0009613037109375,0.00146484375,0.003387451171875,0.004180908203125,1.0,1.0,0.04154603626398446,False,0.16952991485595703,-0.08304226398468018,-0.0532340407371521,2.2037037037037037,False,NONE_DETECTED,/content/drive/MyDrive/satellite_change_detection/masks/Bengaluru/Bengaluru_r01_c03_2020_2021.png,UNKNOWN,0.032,Bengaluru_r01_c03,13.029564029417402,77.58339911545222
0.05340576171875,0.38701996207237244,0.6807413101196289,1,0.05340576171875,Bengaluru,Bengaluru_r01_c03.tif,2021,2022,LIKELY_NO_CHANGE,SCATTERED_CHANGE,False,No supported change interval,0,NO_SIGNIFICANT_CHANGE,LOW_PRIORITY_REVIEW,0.00146484375,0.000946044921875,0.004180908203125,0.001251220703125,1.0,1.0,0.05563510923771447,False,-0.310894250869751,0.16251793503761292,0.06674528121948242,1.0,False,NONE_DETECTED,/content/drive/MyDrive/satellite_change_detection/masks/Bengaluru/Bengaluru_r01_c03_2021_2022.png,UNKNOWN,0.004,Bengaluru_r01_c03,13.029564029417402,77.58339911545222
0.0457763671875,0.2318125218153,0.3065851330757141,1,0.0457763671875,Bengaluru,Bengaluru_r01_c03.tif,2022,2023,LIKELY_NO_CHANGE,SCATTERED_CHANGE,False,No supported change interval,0,NO_SIGNIFICANT_CHANGE,LOW_PRIORITY_REVIEW,0.000946044921875,0.0013427734375,0.001251220703125,0.0031890869140625,1.0,1.0,0.019568913210380644,False,0.11372469365596771,-0.007970467209815979,-0.0803098976612091,1.2,False,NONE_DETECTED,/content/drive/MyDrive/satellite_change_detection/masks/Bengaluru/Bengaluru_r01_c03_2022_2023.png,UNKNOWN,0.003,Bengaluru_r01_c03,13.029564029417402,77.58339911545222
0.50506591796875,0.25568056106567383,0.5201876163482666,3,0.2532958984375,Bengaluru,Bengaluru_r01_c03.tif,2023,2024,LIKELY_NO_CHANGE,SCATTERED_CHANGE,False,No supported change interval,0,NO_SIGNIFICANT_CHANGE,LOW_PRIORITY_REVIEW,0.0013427734375,0.001129150390625,0.0031890869140625,4.57763671875e-05,1.0,1.0,0.060599145344411146,False,-0.12294624745845795,0.09022011607885361,0.0023946166038513184,1.6721311475409837,False,NONE_DETECTED,/content/drive/MyDrive/satellite_change_detection/masks/Bengaluru/Bengaluru_r01_c03_2023_2024.png,UNKNOWN,0.034,Bengaluru_r01_c03,13.029564029417402,77.58339911545222
0.49285888671875,0.2851329445838928,0.6838052272796631,5,0.21514892578125,Bengaluru,Bengaluru_r01_c03.tif,2024,2025,LIKELY_NO_CHANGE,SCATTERED_CHANGE,False,No supported change interval,0,NO_SIGNIFICANT_CHANGE,LOW_PRIORITY_REVIEW,0.001129150390625,0.0024871826171875,4.57763671875e-05,0.00347900390625,1.0,1.0,0.018796951250281288,False,0.048527926206588745,0.03919079899787903,-0.0464552640914917,2.1724137931034484,False,NONE_DETECTED,/content/drive/MyDrive/satellite_change_detection/masks/Bengaluru/Bengaluru_r01_c03_2024_2025.png,UNKNOWN,0.034,Bengaluru_r01_c03,13.029564029417402,77.58339911545222
0.9002685546875,0.33985772728919983,0.9163737297058105,7,0.3570556640625,Bengaluru,Bengaluru_r01_c03.tif,2025,2026,LIKELY_NO_CHANGE,SCATTERED_CHANGE,False,No supported change interval,0,NO_SIGNIFICANT_CHANGE,LOW_PRIORITY_REVIEW,0.0024871826171875,0.0024871826171875,0.00347900390625,0.0050201416015625,1.0,1.0,0.028520094010751482,False,-0.22753486037254333,0.08553192019462585,0.05548405647277832,1.0923913043478262,False,NONE_DETECTED,/content/drive/MyDrive/satellite_change_detection/masks/Bengaluru/Bengaluru_r01_c03_2025_2026.png,UNKNOWN,0.068,Bengaluru_r01_c03,13.029564029417402,77.58339911545222
0.20294189453125,0.4237164556980133,0.8377588987350464,3,0.1190185546875,Bengaluru,Bengaluru_r01_c04.tif,2020,2021,LIKELY_NO_CHANGE,SCATTERED_CHANGE,False,No supported change interval,0,NO_SIGNIFICANT_CHANGE,LOW_PRIORITY_REVIEW,0.0006866455078125,0.0009613037109375,0.0001678466796875,0.0004425048828125,1.0,1.0,0.04301878596961161,False,0.048605382442474365,-0.05569583177566528,0.0008066296577453613,2.040650406504065,False,NONE_DETECTED,/content/drive/MyDrive/satellite_change_detection/masks/Bengaluru/Bengaluru_r01_c04_2020_2021.png,UNKNOWN,0.016,Bengaluru_r01_c04,13.029327713678551,77.60698476784634
0.37689208984375,0.4725661277770996,1.0,3,0.23040771484375,Bengaluru,Bengaluru_r01_c04.tif,2021,2022,LIKELY_NO_CHANGE,SCATTERED_CHANGE,False,No supported change interval,0,NO_SIGNIFICANT_CHANGE,LOW_PRIORITY_REVIEW,0.0009613037109375,0.0010986328125,0.0004425048828125,0.0001068115234375,1.0,1.0,0.03238387102789035,False,-0.14709407091140747,0.05227264016866684,0.06404155492782593,1.289855072463768,False,NONE_DETECTED,/content/drive/MyDrive/satellite_change_detection/masks/Bengaluru/Bengaluru_r01_c04_2021_2022.png,UNKNOWN,0.031,Bengaluru_r01_c04,13.029327713678551,77.60698476784634
0.1220703125,0.28236594796180725,0.5200556516647339,2,0.0640869140625,Bengaluru,Bengaluru_r01_c04.tif,2022,2023,LIKELY_NO_CHANGE,SCATTERED_CHANGE,False,No supported change interval,0,NO_SIGNIFICANT_CHANGE,LOW_PRIORITY_REVIEW,0.0010986328125,0.00103759765625,0.0001068115234375,0.0005340576171875,1.0,1.0,0.060707669122396314,False,0.1845635175704956,-0.08414804935455322,-0.055953264236450195,1.0843373493975903,False,NONE_DETECTED,/content/drive/MyDrive/satellite_change_detection/masks/Bengaluru/Bengaluru_r01_c04_2022_2023.png,UNKNOWN,0.008,Bengaluru_r01_c04,13.029327713678551,77.60698476784634
0.84075927734375,0.3633517920970917,0.7901100516319275,4,0.42724609375,Bengaluru,Bengaluru_r01_c04.tif,2023,2024,LIKELY_NO_CHANGE,SCATTERED_CHANGE,False,No supported change interval,0,NO_SIGNIFICANT_CHANGE,LOW_PRIORITY_REVIEW,0.00103759765625,0.001251220703125,0.0005340576171875,0.0,1.0,1.0,0.05690916019360897,False,-0.30210059881210327,0.14796565473079681,0.08812987804412842,1.1688311688311688,False,NONE_DETECTED,/content/drive/MyDrive/satellite_change_detection/masks/Bengaluru/Bengaluru_r01_c04_2023_2024.png,UNKNOWN,0.066,Bengaluru_r01_c04,13.029327713678551,77.60698476784634
0.634765625,0.36612510681152344,0.7054398059844971,3,0.4974365234375,Bengaluru,Bengaluru_r01_c04.tif,2024,2025,LIKELY_NO_CHANGE,SCATTERED_CHANGE,False,No supported change interval,0,NO_SIGNIFICANT_CHANGE,LOW_PRIORITY_REVIEW,0.001251220703125,0.0027618408203125,0.0,0.000274658203125,1.0,1.0,0.038362387185178856,False,0.07930214703083038,-0.04979898780584335,-0.0030788183212280273,1.6666666666666667,False,NONE_DETECTED,/content/drive/MyDrive/satellite_change_detection/masks/Bengaluru/Bengaluru_r01_c04_2024_2025.png,UNKNOWN,0.05,Bengaluru_r01_c04,13.029327713678551,77.60698476784634
0.45318603515625,0.37094050645828247,0.7026268243789673,5,0.2044677734375,Bengaluru,Bengaluru_r01_c04.tif,2025,2026,LIKELY_NO_CHANGE,SCATTERED_CHANGE,False,No supported change interval,0,NO_SIGNIFICANT_CHANGE,LOW_PRIORITY_REVIEW,0.0027618408203125,0.0026092529296875,0.000274658203125,0.00103759765625,1.0,1.0,0.014920348541419413,False,-0.1927376091480255,0.05385313928127289,0.08290925621986389,4.574468085106383,False,NONE_DETECTED,/content/drive/MyDrive/satellite_change_detection/masks/Bengaluru/Bengaluru_r01_c04_2025_2026.png,UNKNOWN,0.035,Bengaluru_r01_c04,13.029327713678551,77.60698476784634
0.37689208984375,0.31997445225715637,0.6169694662094116,6,0.11138916015625,Bengaluru,Bengaluru_r01_c05.tif,2020,2021,LIKELY_NO_CHANGE,SCATTERED_CHANGE,False,2020 -> 2026,1,SINGLE_INTERVAL_CHANGE,LOW_PRIORITY_REVIEW,0.0013885498046875,0.0018157958984375,0.0,0.0001220703125,1.0,1.0,0.057629034526192335,False,-0.0008678585290908813,0.0009735673666000366,-0.009576916694641113,1.7265625,False,NONE_DETECTED,/content/drive/MyDrive/satellite_change_detection/masks/Bengaluru/Bengaluru_r01_c05_2020_2021.png,UNKNOWN,0.036,Bengaluru_r01_c05,13.029089256000306,77.63056995302267
0.3662109375,0.41467753052711487,0.7901169061660767,3,0.274658203125,Bengaluru,Bengaluru_r01_c05.tif,2021,2022,LIKELY_NO_CHANGE,SCATTERED_CHANGE,False,2020 -> 2026,1,SINGLE_INTERVAL_CHANGE,LOW_PRIORITY_REVIEW,0.0018157958984375,0.00128173828125,0.0001220703125,4.57763671875e-05,1.0,1.0,0.055616919434134944,False,-0.2533728778362274,0.054896093904972076,0.14072981476783752,3.242857142857143,False,NONE_DETECTED,/content/drive/MyDrive/satellite_change_detection/masks/Bengaluru/Bengaluru_r01_c05_2021_2022.png,UNKNOWN,0.038,Bengaluru_r01_c05,13.029089256000306,77.63056995302267
0.69580078125,0.4074382483959198,0.9987930059432983,3,0.45013427734375,Bengaluru,Bengaluru_r01_c05.tif,2022,2023,LIKELY_NO_CHANGE,SCATTERED_CHANGE,False,2020 -> 2026,1,SINGLE_INTERVAL_CHANGE,LOW_PRIORITY_REVIEW,0.00128173828125,0.001678466796875,4.57763671875e-05,4.57763671875e-05,1.0,1.0,0.03354707803054058,False,-0.2855358123779297,0.15289735794067383,0.09547951817512512,2.942528735632184,False,NONE_DETECTED,/content/drive/MyDrive/satellite_change_detection/masks/Bengaluru/Bengaluru_r01_c05_2022_2023.png,UNKNOWN,0.073,Bengaluru_r01_c05,13.029089256000306,77.63056995302267
0.6622314453125,0.3694736361503601,0.8849483728408813,8,0.16326904296875,Bengaluru,Bengaluru_r01_c05.tif,2023,2024,LIKELY_NO_CHANGE,SCATTERED_CHANGE,False,2020 -> 2026,1,SINGLE_INTERVAL_CHANGE,LOW_PRIORITY_REVIEW,0.001678466796875,0.00189208984375,4.57763671875e-05,0.0,1.0,1.0,0.09616448423898977,False,-0.21952484548091888,0.08763931691646576,0.08956044912338257,1.0711297071129706,False,NONE_DETECTED,/content/drive/MyDrive/satellite_change_detection/masks/Bengaluru/Bengaluru_r01_c05_2023_2024.png,UNKNOWN,0.067,Bengaluru_r01_c05,13.029089256000306,77.63056995302267
0.03814697265625,0.2548583149909973,0.4180256128311157,1,0.03814697265625,Bengaluru,Bengaluru_r01_c05.tif,2024,2025,LIKELY_NO_CHANGE,SCATTERED_CHANGE,False,2020 -> 2026,1,SINGLE_INTERVAL_CHANGE,LOW_PRIORITY_REVIEW,0.00189208984375,0.0034942626953125,0.0,7.62939453125e-05,1.0,1.0,0.024305883898948617,False,0.23034203052520752,-0.2543559670448303,0.13429582118988037,1.0,False,NONE_DETECTED,/content/drive/MyDrive/satellite_change_detection/masks/Bengaluru/Bengaluru_r01_c05_2024_2025.png,UNKNOWN,0.003,Bengaluru_r01_c05,13.029089256000306,77.63056995302267
0.1190185546875,0.22203673422336578,0.3363344073295593,2,0.0732421875,Bengaluru,Bengaluru_r01_c05.tif,2025,2026,LIKELY_NO_CHANGE,SCATTERED_CHANGE,False,2020 -> 2026,1,SINGLE_INTERVAL_CHANGE,LOW_PRIORITY_REVIEW,0.0034942626953125,0.003814697265625,7.62939453125e-05,0.0001678466796875,1.0,1.0,0.05888171699498099,False,0.02429911494255066,-0.03429410606622696,0.021461904048919678,1.791044776119403,False,NONE_DETECTED,/content/drive/MyDrive/satellite_change_detection/masks/Bengaluru/Bengaluru_r01_c05_2025_2026.png,UNKNOWN,0.01,Bengaluru_r01_c05,13.029089256000306,77.63056995302267
1.16729736328125,0.33381155133247375,0.8232421278953552,9,0.28533935546875,Bengaluru,Bengaluru_r01_c06.tif,2020,2021,LOW_PRIORITY_REVIEW,SCATTERED_CHANGE,False,2020 -> 2023,4,PERSISTENT_CHANGE_SIGNAL,TEMPORAL_ONLY_EVIDENCE,0.00323486328125,0.0037841796875,0.00079345703125,0.0157623291015625,1.0,1.0,0.062387670812430164,False,0.005185335874557495,-0.07158102840185165,0.13121464848518372,1.1132075471698113,False,NONE_DETECTED,/content/drive/MyDrive/satellite_change_detection/masks/Bengaluru/Bengaluru_r01_c06_2020_2021.png,UNKNOWN,0.169,Bengaluru_r01_c06,13.028848656580632,77.65415466676785
0.433349609375,0.363602876663208,0.8441405296325684,4,0.1617431640625,Bengaluru,Bengaluru_r01_c06.tif,2021,2022,LIKELY_NO_CHANGE,SCATTERED_CHANGE,False,2020 -> 2023,4,PERSISTENT_CHANGE_SIGNAL,TEMPORAL_ONLY_EVIDENCE,0.0037841796875,0.00299072265625,0.0157623291015625,0.011444091796875,1.0,1.0,0.04723206516939743,False,-0.22432668507099152,0.13755524158477783,0.025646120309829712,1.0909090909090908,False,NONE_DETECTED,/content/drive/MyDrive/satellite_change_detection/masks/Bengaluru/Bengaluru_r01_c06_2021_2022.png,CONSTRUCTION,0.064,Bengaluru_r01_c06,13.028848656580632,77.65415466676785
0.64849853515625,0.3139686584472656,0.8135204315185547,6,0.27618408203125,Bengaluru,Bengaluru_r01_c06.tif,2022,2023,LIKELY_NO_CHANGE,SCATTERED_CHANGE,False,2020 -> 2023,4,PERSISTENT_CHANGE_SIGNAL,TEMPORAL_ONLY_EVIDENCE,0.00299072265625,0.0043792724609375,0.011444091796875,0.0182037353515625,1.0,1.0,0.03480544163049126,False,0.015321746468544006,-0.04463455080986023,0.06787076592445374,1.1167883211678833,False,NONE_DETECTED,/content/drive/MyDrive/satellite_change_detection/masks/Bengaluru/Bengaluru_r01_c06_2022_2023.png,UNKNOWN,0.093,Bengaluru_r01_c06,13.028848656580632,77.65415466676785
0.39825439453125,0.3441275656223297,0.6586151719093323,4,0.17242431640625,Bengaluru,Bengaluru_r01_c06.tif,2023,2024,LIKELY_NO_CHANGE,SCATTERED_CHANGE,False,2020 -> 2023,4,PERSISTENT_CHANGE_SIGNAL,TEMPORAL_ONLY_EVIDENCE,0.0043792724609375,0.00421142578125,0.0182037353515625,0.0,1.0,1.0,0.10514543142265047,False,-0.1679883897304535,0.04903670400381088,0.07357341051101685,1.1636363636363636,True,SEASONAL_VARIATION_LIKELY,/content/drive/MyDrive/satellite_change_detection/masks/Bengaluru/Bengaluru_r01_c06_2023_2024.png,UNKNOWN,0.053,Bengaluru_r01_c06,13.028848656580632,77.65415466676785
0.41351318359375,0.307965487241745,0.6874802112579346,4,0.18310546875,Bengaluru,Bengaluru_r01_c06.tif,2024,2025,LIKELY_NO_CHANGE,SCATTERED_CHANGE,False,2020 -> 2023,4,PERSISTENT_CHANGE_SIGNAL,TEMPORAL_ONLY_EVIDENCE,0.00421142578125,0.0062408447265625,0.0,0.0023040771484375,1.0,1.0,0.04596746981758073,False,0.08279110491275787,-0.03267938643693924,-0.01756739616394043,1.2,False,NONE_DETECTED,/content/drive/MyDrive/satellite_change_detection/masks/Bengaluru/Bengaluru_r01_c06_2024_2025.png,UNKNOWN,0.059,Bengaluru_r01_c06,13.028848656580632,77.65415466676785
0.24566650390625,0.3218831717967987,0.6257773637771606,2,0.13885498046875,Bengaluru,Bengaluru_r01_c06.tif,2025,2026,LIKELY_NO_CHANGE,SCATTERED_CHANGE,False,2020 -> 2023,4,PERSISTENT_CHANGE_SIGNAL,TEMPORAL_ONLY_EVIDENCE,0.0062408447265625,0.006378173828125,0.0023040771484375,0.0007171630859375,1.0,1.0,0.037100424190729404,False,-0.19438987970352173,0.09936913102865219,0.039982765913009644,3.6097560975609757,False,NONE_DETECTED,/content/drive/MyDrive/satellite_change_detection/masks/Bengaluru/Bengaluru_r01_c06_2025_2026.png,VEGETATION_LOSS,0.035,Bengaluru_r01_c06,13.028848656580632,77.65415466676785
1.39617919921875,0.32824185490608215,0.7376120090484619,7,0.61187744140625,Bengaluru,Bengaluru_r01_c07.tif,2020,2021,LOW_PRIORITY_REVIEW,SCATTERED_CHANGE,False,2020 -> 2022,5,PERSISTENT_CHANGE_SIGNAL,TEMPORAL_ONLY_EVIDENCE,0.0075531005859375,0.0072479248046875,0.0001983642578125,0.000244140625,1.0,1.0,0.07160976365142231,False,-0.1418473720550537,0.0665179193019867,0.06693047285079956,1.8048780487804879,False,NONE_DETECTED,/content/drive/MyDrive/satellite_change_detection/masks/Bengaluru/Bengaluru_r01_c07_2020_2021.png,UNKNOWN,0.204,Bengaluru_r01_c07,13.028605915619265,77.67773890486897
1.35345458984375,0.3385586440563202,0.7087379097938538,15,0.4547119140625,Bengaluru,Bengaluru_r01_c07.tif,2021,2022,LOW_PRIORITY_REVIEW,SCATTERED_CHANGE,False,2020 -> 2022,5,PERSISTENT_CHANGE_SIGNAL,TEMPORAL_ONLY_EVIDENCE,0.0072479248046875,0.0071563720703125,0.000244140625,4.57763671875e-05,1.0,1.0,0.06729748240382888,False,-0.03736971318721771,0.0025590434670448303,0.03677421808242798,1.0044642857142858,False,NONE_DETECTED,/content/drive/MyDrive/satellite_change_detection/masks/Bengaluru/Bengaluru_r01_c07_2021_2022.png,UNKNOWN,0.198,Bengaluru_r01_c07,13.028605915619265,77.67773890486897
1.1322021484375,0.38543596863746643,0.9469014406204224,7,0.4302978515625,Bengaluru,Bengaluru_r01_c07.tif,2022,2023,LOW_PRIORITY_REVIEW,SCATTERED_CHANGE,False,2020 -> 2022,5,PERSISTENT_CHANGE_SIGNAL,TEMPORAL_ONLY_EVIDENCE,0.0071563720703125,0.0084381103515625,4.57763671875e-05,0.00018310546875,1.0,1.0,0.009827960814363173,False,-0.2287328839302063,0.1161351278424263,0.17123225331306458,3.5072463768115942,False,NONE_DETECTED,/content/drive/MyDrive/satellite_change_detection/masks/Bengaluru/Bengaluru_r01_c07_2022_2023.png,WATER,0.171,Bengaluru_r01_c07,13.028605915619265,77.67773890486897
0.9979248046875,0.3264382779598236,0.7030704021453857,7,0.4486083984375,Bengaluru,Bengaluru_r01_c07.tif,2023,2024,LIKELY_NO_CHANGE,SCATTERED_CHANGE,False,2020 -> 2022,5,PERSISTENT_CHANGE_SIGNAL,TEMPORAL_ONLY_EVIDENCE,0.0084381103515625,0.008758544921875,0.00018310546875,0.0,1.0,1.0,0.020079634954474415,False,-0.24263936281204224,0.10988569259643555,0.12025365233421326,1.3093525179856116,False,NONE_DETECTED,/content/drive/MyDrive/satellite_change_detection/masks/Bengaluru/Bengaluru_r01_c07_2023_2024.png,CONSTRUCTION,0.145,Bengaluru_r01_c07,13.028605915619265,77.67773890486897
1.47247314453125,0.3091646432876587,0.8091782331466675,7,0.6317138671875,Bengaluru,Bengaluru_r01_c07.tif,2024,2025,LOW_PRIORITY_REVIEW,SCATTERED_CHANGE,False,2020 -> 2022,5,PERSISTENT_CHANGE_SIGNAL,TEMPORAL_ONLY_EVIDENCE,0.008758544921875,0.0150146484375,0.0,0.000213623046875,1.0,1.0,0.01949044215150202,False,-0.028508827090263367,-0.04372551292181015,0.1605408638715744,1.3689839572192513,False,NONE_DETECTED,/content/drive/MyDrive/satellite_change_detection/masks/Bengaluru/Bengaluru_r01_c07_2024_2025.png,WATER,0.212,Bengaluru_r01_c07,13.028605915619265,77.67773890486897
0.51422119140625,0.3271888792514801,0.7135062217712402,6,0.2227783203125,Bengaluru,Bengaluru_r01_c07.tif,2025,2026,LIKELY_NO_CHANGE,SCATTERED_CHANGE,False,2020 -> 2022,5,PERSISTENT_CHANGE_SIGNAL,TEMPORAL_ONLY_EVIDENCE,0.0150146484375,0.01513671875,0.000213623046875,0.0002288818359375,1.0,1.0,0.007777257429512439,False,-0.10528425872325897,-0.013361893594264984,0.07501882314682007,2.863013698630137,False,NONE_DETECTED,/content/drive/MyDrive/satellite_change_detection/masks/Bengaluru/Bengaluru_r01_c07_2025_2026.png,UNKNOWN,0.074,Bengaluru_r01_c07,13.028605915619265,77.67773890486897
1.4373779296875,0.3210463523864746,0.6712175607681274,5,0.8819580078125,Bengaluru,Bengaluru_r02_c00.tif,2020,2021,LOW_PRIORITY_REVIEW,SCATTERED_CHANGE,False,2020 -> 2026,1,SINGLE_INTERVAL_CHANGE,LOW_PRIORITY_REVIEW,0.0029449462890625,0.0032196044921875,0.00152587890625,0.0007781982421875,1.0,1.0,0.027016925573921147,False,-0.12169972062110901,0.09724218398332596,0.021699607372283936,1.9764705882352942,False,NONE_DETECTED,/content/drive/MyDrive/satellite_change_detection/masks/Bengaluru/Bengaluru_r02_c00_2020_2021.png,UNKNOWN,0.144,Bengaluru_r02_c00,13.00713319085982,77.51240625015849
0.82550048828125,0.27306902408599854,0.716027021408081,4,0.6866455078125,Bengaluru,Bengaluru_r02_c00.tif,2021,2022,LIKELY_NO_CHANGE,SCATTERED_CHANGE,False,2020 -> 2026,1,SINGLE_INTERVAL_CHANGE,LOW_PRIORITY_REVIEW,0.0032196044921875,0.0017547607421875,0.0007781982421875,0.0,1.0,1.0,0.035072958196560124,False,0.16386950016021729,-0.11762271076440811,-0.015406578779220581,1.6,False,NONE_DETECTED,/content/drive/MyDrive/satellite_change_detection/masks/Bengaluru/Bengaluru_r02_c00_2021_2022.png,UNKNOWN,0.078,Bengaluru_r02_c00,13.00713319085982,77.51240625015849
1.25579833984375,0.4091770052909851,0.9054876565933228,7,0.50201416015625,Bengaluru,Bengaluru_r02_c00.tif,2022,2023,LOW_PRIORITY_REVIEW,SCATTERED_CHANGE,False,2020 -> 2026,1,SINGLE_INTERVAL_CHANGE,LOW_PRIORITY_REVIEW,0.0017547607421875,0.0018310546875,0.0,0.001007080078125,1.0,1.0,0.07152153417217172,False,-0.21236823499202728,0.09364650398492813,0.043852537870407104,1.0363636363636364,False,NONE_DETECTED,/content/drive/MyDrive/satellite_change_detection/masks/Bengaluru/Bengaluru_r02_c00_2022_2023.png,UNKNOWN,0.133,Bengaluru_r02_c00,13.00713319085982,77.51240625015849
0.22125244140625,0.30666789412498474,0.7583264112472534,3,0.09765625,Bengaluru,Bengaluru_r02_c00.tif,2023,2024,LIKELY_NO_CHANGE,SCATTERED_CHANGE,False,2020 -> 2026,1,SINGLE_INTERVAL_CHANGE,LOW_PRIORITY_REVIEW,0.0018310546875,0.0014190673828125,0.001007080078125,0.0,1.0,1.0,0.10470739183551403,False,-0.16890490055084229,0.02727748453617096,0.10336852073669434,1.875,True,SEASONAL_VARIATION_LIKELY,/content/drive/MyDrive/satellite_change_detection/masks/Bengaluru/Bengaluru_r02_c00_2023_2024.png,UNKNOWN,0.018,Bengaluru_r02_c00,13.00713319085982,77.51240625015849
0.92620849609375,0.27918770909309387,0.6679582595825195,8,0.286865234375,Bengaluru,Bengaluru_r02_c00.tif,2024,2025,LIKELY_NO_CHANGE,SCATTERED_CHANGE,False,2020 -> 2026,1,SINGLE_INTERVAL_CHANGE,LOW_PRIORITY_REVIEW,0.0014190673828125,0.0033111572265625,0.0,3.0517578125e-05,1.0,1.0,0.041403623357319216,False,0.02983616292476654,-0.0019528493285179138,-0.04051747918128967,1.0949367088607596,False,NONE_DETECTED,/content/drive/MyDrive/satellite_change_detection/masks/Bengaluru/Bengaluru_r02_c00_2024_2025.png,UNKNOWN,0.086,Bengaluru_r02_c00,13.00713319085982,77.51240625015849
0.286865234375,0.2998092472553253,0.629102349281311,4,0.15716552734375,Bengaluru,Bengaluru_r02_c00.tif,2025,2026,LIKELY_NO_CHANGE,SCATTERED_CHANGE,False,2020 -> 2026,1,SINGLE_INTERVAL_CHANGE,LOW_PRIORITY_REVIEW,0.0033111572265625,0.0029449462890625,3.0517578125e-05,0.0,1.0,1.0,0.024662431339346383,False,-0.18599937856197357,0.061777882277965546,0.04963412880897522,1.425531914893617,False,NONE_DETECTED,/content/drive/MyDrive/satellite_change_detection/masks/Bengaluru/Bengaluru_r02_c00_2025_2026.png,UNKNOWN,0.027,Bengaluru_r02_c00,13.00713319085982,77.51240625015849
0.32958984375,0.4270459711551666,0.8624265193939209,2,0.29144287109375,Bengaluru,Bengaluru_r02_c01.tif,2020,2021,LIKELY_NO_CHANGE,SCATTERED_CHANGE,False,No supported change interval,0,NO_SIGNIFICANT_CHANGE,LOW_PRIORITY_REVIEW,0.0008087158203125,0.0010833740234375,0.00048828125,0.000396728515625,1.0,1.0,0.01535395428602356,False,-0.25689396262168884,0.12274729460477829,0.10253715515136719,1.2327586206896552,False,NONE_DETECTED,/content/drive/MyDrive/satellite_change_detection/masks/Bengaluru/Bengaluru_r02_c01_2020_2021.png,UNKNOWN,0.027,Bengaluru_r02_c01,13.006903723961862,77.53599109598252
0.09765625,0.45342910289764404,0.8226563930511475,1,0.09765625,Bengaluru,Bengaluru_r02_c01.tif,2021,2022,LIKELY_NO_CHANGE,SCATTERED_CHANGE,False,No supported change interval,0,NO_SIGNIFICANT_CHANGE,LOW_PRIORITY_REVIEW,0.0010833740234375,0.00067138671875,0.000396728515625,0.0,1.0,1.0,0.06014591516362252,False,-0.35382094979286194,0.18655958771705627,0.10649734735488892,1.125,False,NONE_DETECTED,/content/drive/MyDrive/satellite_change_detection/masks/Bengaluru/Bengaluru_r02_c01_2021_2022.png,UNKNOWN,0.008,Bengaluru_r02_c01,13.006903723961862,77.53599109598252
0.335693359375,0.3778221905231476,0.6756474375724792,2,0.28228759765625,Bengaluru,Bengaluru_r02_c01.tif,2022,2023,LIKELY_NO_CHANGE,SCATTERED_CHANGE,False,No supported change interval,0,NO_SIGNIFICANT_CHANGE,LOW_PRIORITY_REVIEW,0.00067138671875,0.001007080078125,0.0,0.0004119873046875,1.0,1.0,0.02930851714077337,False,-0.07235568761825562,0.04564628750085831,-0.05643019080162048,1.8095238095238095,False,NONE_DETECTED,/content/drive/MyDrive/satellite_change_detection/masks/Bengaluru/Bengaluru_r02_c01_2022_2023.png,UNKNOWN,0.027,Bengaluru_r02_c01,13.006903723961862,77.53599109598252
0.03814697265625,0.2395959347486496,0.3202061653137207,1,0.03814697265625,Bengaluru,Bengaluru_r02_c01.tif,2023,2024,LIKELY_NO_CHANGE,SCATTERED_CHANGE,False,No supported change interval,0,NO_SIGNIFICANT_CHANGE,LOW_PRIORITY_REVIEW,0.001007080078125,0.00067138671875,0.0004119873046875,0.0,1.0,1.0,0.029194139017721513,False,0.11279746890068054,-0.030889073386788368,-0.07913815975189209,1.0,False,NONE_DETECTED,/content/drive/MyDrive/satellite_change_detection/masks/Bengaluru/Bengaluru_r02_c01_2023_2024.png,UNKNOWN,0.002,Bengaluru_r02_c01,13.006903723961862,77.53599109598252
0.0,0.0,0.0,0,0.0,Bengaluru,Bengaluru_r02_c01.tif,2024,2025,LIKELY_NO_CHANGE,SCATTERED_CHANGE,False,No supported change interval,0,NO_SIGNIFICANT_CHANGE,LOW_PRIORITY_REVIEW,0.00067138671875,0.0013580322265625,0.0,9.1552734375e-05,1.0,1.0,0.02665970910149706,False,0.0,0.0,0.0,1.0,False,NONE_DETECTED,/content/drive/MyDrive/satellite_change_detection/masks/Bengaluru/Bengaluru_r02_c01_2024_2025.png,UNKNOWN,0.0,Bengaluru_r02_c01,13.006903723961862,77.53599109598252
0.0,0.0,0.0,0,0.0,Bengaluru,Bengaluru_r02_c01.tif,2025,2026,LIKELY_NO_CHANGE,SCATTERED_CHANGE,False,No supported change interval,0,NO_SIGNIFICANT_CHANGE,LOW_PRIORITY_REVIEW,0.0013580322265625,0.00091552734375,9.1552734375e-05,0.00018310546875,1.0,1.0,0.033706545250289856,False,0.0,0.0,0.0,1.0,False,NONE_DETECTED,/content/drive/MyDrive/satellite_change_detection/masks/Bengaluru/Bengaluru_r02_c01_2025_2026.png,UNKNOWN,0.0,Bengaluru_r02_c01,13.006903723961862,77.53599109598252
0.30364990234375,0.356889933347702,0.6785978674888611,4,0.13275146484375,Bengaluru,Bengaluru_r02_c02.tif,2020,2021,LIKELY_NO_CHANGE,SCATTERED_CHANGE,False,No supported change interval,0,NO_SIGNIFICANT_CHANGE,LOW_PRIORITY_REVIEW,0.0028839111328125,0.004150390625,0.004852294921875,0.005218505859375,1.0,1.0,0.029648994563174103,False,0.2310040146112442,-0.14568720757961273,-0.02061086893081665,2.3857142857142857,False,NONE_DETECTED,/content/drive/MyDrive/satellite_change_detection/masks/Bengaluru/Bengaluru_r02_c02_2020_2021.png,UNKNOWN,0.023,Bengaluru_r02_c02,13.006672118472045,77.559575487433
0.20904541015625,0.42459848523139954,0.8143598437309265,4,0.0701904296875,Bengaluru,Bengaluru_r02_c02.tif,2021,2022,LIKELY_NO_CHANGE,SCATTERED_CHANGE,False,No supported change interval,0,NO_SIGNIFICANT_CHANGE,LOW_PRIORITY_REVIEW,0.004150390625,0.0028839111328125,0.005218505859375,0.00115966796875,1.0,1.0,0.09142829252467116,False,0.02849467098712921,-0.04309722036123276,0.06091591715812683,1.1657458563535912,False,NONE_DETECTED,/content/drive/MyDrive/satellite_change_detection/masks/Bengaluru/Bengaluru_r02_c02_2021_2022.png,UNKNOWN,0.017,Bengaluru_r02_c02,13.006672118472045,77.559575487433
0.2166748046875,0.3593190610408783,0.554455578327179,3,0.11749267578125,Bengaluru,Bengaluru_r02_c02.tif,2022,2023,LIKELY_NO_CHANGE,SCATTERED_CHANGE,False,No supported change interval,0,NO_SIGNIFICANT_CHANGE,LOW_PRIORITY_REVIEW,0.0028839111328125,0.004150390625,0.00115966796875,0.00543212890625,1.0,1.0,0.04305196497515861,False,-0.10669761151075363,0.041772302240133286,0.018837332725524902,1.0633484162895928,False,NONE_DETECTED,/content/drive/MyDrive/satellite_change_detection/masks/Bengaluru/Bengaluru_r02_c02_2022_2023.png,UNKNOWN,0.017,Bengaluru_r02_c02,13.006672118472045,77.559575487433
0.70648193359375,0.3768361210823059,0.9226776361465454,6,0.2166748046875,Bengaluru,Bengaluru_r02_c02.tif,2023,2024,LIKELY_NO_CHANGE,SCATTERED_CHANGE,False,No supported change interval,0,NO_SIGNIFICANT_CHANGE,LOW_PRIORITY_REVIEW,0.004150390625,0.003387451171875,0.00543212890625,3.0517578125e-05,1.0,1.0,0.07396795728465926,False,-0.07112893462181091,0.06468522548675537,0.08051413297653198,4.333333333333333,False,NONE_DETECTED,/content/drive/MyDrive/satellite_change_detection/masks/Bengaluru/Bengaluru_r02_c02_2023_2024.png,UNKNOWN,0.056,Bengaluru_r02_c02,13.006672118472045,77.559575487433
0.27008056640625,0.22261661291122437,0.5447807908058167,3,0.19378662109375,Bengaluru,Bengaluru_r02_c02.tif,2024,2025,LIKELY_NO_CHANGE,SCATTERED_CHANGE,False,No supported change interval,0,NO_SIGNIFICANT_CHANGE,LOW_PRIORITY_REVIEW,0.003387451171875,0.0059967041015625,3.0517578125e-05,0.0047454833984375,1.0,1.0,0.032301341801544925,False,0.347609281539917,-0.17685481905937195,-0.011346489191055298,6.354838709677419,False,NONE_DETECTED,/content/drive/MyDrive/satellite_change_detection/masks/Bengaluru/Bengaluru_r02_c02_2024_2025.png,UNKNOWN,0.017,Bengaluru_r02_c02,13.006672118472045,77.559575487433
0.0,0.0,0.0,0,0.0,Bengaluru,Bengaluru_r02_c02.tif,2025,2026,LIKELY_NO_CHANGE,SCATTERED_CHANGE,False,No supported change interval,0,NO_SIGNIFICANT_CHANGE,LOW_PRIORITY_REVIEW,0.0059967041015625,0.004730224609375,0.0047454833984375,0.005645751953125,1.0,1.0,0.03963892960518498,False,0.0,0.0,0.0,1.0,False,NONE_DETECTED,/content/drive/MyDrive/satellite_change_detection/masks/Bengaluru/Bengaluru_r02_c02_2025_2026.png,UNKNOWN,0.0,Bengaluru_r02_c02,13.006672118472045,77.559575487433
0.28076171875,0.31238052248954773,0.5773130059242249,3,0.12054443359375,Bengaluru,Bengaluru_r02_c03.tif,2020,2021,LIKELY_NO_CHANGE,SCATTERED_CHANGE,False,No supported change interval,0,NO_SIGNIFICANT_CHANGE,LOW_PRIORITY_REVIEW,0.0096435546875,0.0091094970703125,0.03717041015625,0.038055419921875,1.0,1.0,0.02553903039565687,False,-0.005154654383659363,0.043600812554359436,-0.07919031381607056,2.0921052631578947,False,NONE_DETECTED,/content/drive/MyDrive/satellite_change_detection/masks/Bengaluru/Bengaluru_r02_c03_2020_2021.png,UNKNOWN,0.02,Bengaluru_r02_c03,13.006438374582642,77.5831594202971
0.079345703125,0.20561793446540833,0.29966479539871216,1,0.079345703125,Bengaluru,Bengaluru_r02_c03.tif,2021,2022,LIKELY_NO_CHANGE,SCATTERED_CHANGE,False,No supported change interval,0,NO_SIGNIFICANT_CHANGE,LOW_PRIORITY_REVIEW,0.0091094970703125,0.0081024169921875,0.038055419921875,0.01708984375,1.0,1.0,0.0680456143515193,False,0.13012629747390747,0.1792687028646469,-0.02743813395500183,1.1428571428571428,False,NONE_DETECTED,/content/drive/MyDrive/satellite_change_detection/masks/Bengaluru/Bengaluru_r02_c03_2021_2022.png,UNKNOWN,0.005,Bengaluru_r02_c03,13.006438374582642,77.5831594202971
0.30670166015625,0.24538850784301758,0.3978801965713501,3,0.19073486328125,Bengaluru,Bengaluru_r02_c03.tif,2022,2023,LIKELY_NO_CHANGE,SCATTERED_CHANGE,False,No supported change interval,0,NO_SIGNIFICANT_CHANGE,LOW_PRIORITY_REVIEW,0.0081024169921875,0.0069427490234375,0.01708984375,0.0283203125,1.0,1.0,0.02605004590617698,False,0.05697759985923767,-0.1041409969329834,0.051350414752960205,2.1875,False,NONE_DETECTED,/content/drive/MyDrive/satellite_change_detection/masks/Bengaluru/Bengaluru_r02_c03_2022_2023.png,UNKNOWN,0.02,Bengaluru_r02_c03,13.006438374582642,77.5831594202971
1.51214599609375,0.3263726234436035,0.7689851522445679,5,1.02386474609375,Bengaluru,Bengaluru_r02_c03.tif,2023,2024,REVIEW_REQUIRED,SCATTERED_CHANGE,False,No supported change interval,0,NO_SIGNIFICANT_CHANGE,REVIEW_REQUIRED,0.0069427490234375,0.0077362060546875,0.0283203125,0.000885009765625,1.0,1.0,0.04390871462663804,False,-0.33179840445518494,0.15052074193954468,0.11417120695114136,2.0759493670886076,False,NONE_DETECTED,/content/drive/MyDrive/satellite_change_detection/masks/Bengaluru/Bengaluru_r02_c03_2023_2024.png,CONSTRUCTION,0.118,Bengaluru_r02_c03,13.006438374582642,77.5831594202971
1.41143798828125,0.2935638725757599,0.898510217666626,6,0.90484619140625,Bengaluru,Bengaluru_r02_c03.tif,2024,2025,LOW_PRIORITY_REVIEW,SCATTERED_CHANGE,False,No supported change interval,0,NO_SIGNIFICANT_CHANGE,LOW_PRIORITY_REVIEW,0.0077362060546875,0.0104217529296875,0.000885009765625,0.0184326171875,1.0,1.0,0.041265963019502874,False,0.2052937000989914,-0.11711665987968445,-0.05293276906013489,1.611842105263158,False,NONE_DETECTED,/content/drive/MyDrive/satellite_change_detection/masks/Bengaluru/Bengaluru_r02_c03_2024_2025.png,UNKNOWN,0.104,Bengaluru_r02_c03,13.006438374582642,77.5831594202971
0.634765625,0.32521435618400574,0.46690094470977783,1,0.634765625,Bengaluru,Bengaluru_r02_c03.tif,2025,2026,LIKELY_NO_CHANGE,SCATTERED_CHANGE,False,No supported change interval,0,NO_SIGNIFICANT_CHANGE,LOW_PRIORITY_REVIEW,0.0104217529296875,0.00701904296875,0.0184326171875,0.0422210693359375,1.0,1.0,0.019111162702847302,False,0.07284140586853027,0.057874590158462524,-0.09750980138778687,1.3333333333333333,False,NONE_DETECTED,/content/drive/MyDrive/satellite_change_detection/masks/Bengaluru/Bengaluru_r02_c03_2025_2026.png,UNKNOWN,0.048,Bengaluru_r02_c03,13.006438374582642,77.5831594202971
0.48980712890625,0.3185873031616211,0.7645630240440369,5,0.29144287109375,Bengaluru,Bengaluru_r02_c04.tif,2020,2021,LIKELY_NO_CHANGE,SCATTERED_CHANGE,False,No supported change interval,0,NO_SIGNIFICANT_CHANGE,LOW_PRIORITY_REVIEW,0.0007781982421875,0.0013275146484375,0.0048370361328125,0.0056915283203125,1.0,1.0,0.021487778150190887,False,0.10551612079143524,0.0026927366852760315,-0.0705590546131134,1.2156862745098038,False,NONE_DETECTED,/content/drive/MyDrive/satellite_change_detection/masks/Bengaluru/Bengaluru_r02_c04_2020_2021.png,UNKNOWN,0.036,Bengaluru_r02_c04,13.006202492487716,77.60674289036248
0.103759765625,0.35186728835105896,0.5850881338119507,2,0.05950927734375,Bengaluru,Bengaluru_r02_c04.tif,2021,2022,LIKELY_NO_CHANGE,SCATTERED_CHANGE,False,No supported change interval,0,NO_SIGNIFICANT_CHANGE,LOW_PRIORITY_REVIEW,0.0013275146484375,0.0007781982421875,0.0056915283203125,0.000457763671875,1.0,1.0,0.04438068966391098,False,-0.07894045114517212,0.005326091777533293,0.07954388856887817,1.9672131147540983,False,NONE_DETECTED,/content/drive/MyDrive/satellite_change_detection/masks/Bengaluru/Bengaluru_r02_c04_2021_2022.png,UNKNOWN,0.008,Bengaluru_r02_c04,13.006202492487716,77.60674289036248
0.16937255859375,0.2740383744239807,0.39796021580696106,2,0.11138916015625,Bengaluru,Bengaluru_r02_c04.tif,2022,2023,LIKELY_NO_CHANGE,SCATTERED_CHANGE,False,No supported change interval,0,NO_SIGNIFICANT_CHANGE,LOW_PRIORITY_REVIEW,0.0007781982421875,0.0010833740234375,0.000457763671875,0.006622314453125,1.0,1.0,0.03523016015061851,False,0.11462709307670593,0.01650361716747284,-0.06363487243652344,1.0149253731343284,False,NONE_DETECTED,/content/drive/MyDrive/satellite_change_detection/masks/Bengaluru/Bengaluru_r02_c04_2022_2023.png,UNKNOWN,0.012,Bengaluru_r02_c04,13.006202492487716,77.60674289036248
0.34637451171875,0.36668911576271057,0.8465849161148071,4,0.1800537109375,Bengaluru,Bengaluru_r02_c04.tif,2023,2024,LIKELY_NO_CHANGE,SCATTERED_CHANGE,False,No supported change interval,0,NO_SIGNIFICANT_CHANGE,LOW_PRIORITY_REVIEW,0.0010833740234375,0.0009765625,0.006622314453125,0.0,1.0,1.0,0.06788041457053488,False,-0.1315331757068634,0.011390596628189087,0.07361710071563721,1.3088235294117647,False,NONE_DETECTED,/content/drive/MyDrive/satellite_change_detection/masks/Bengaluru/Bengaluru_r02_c04_2023_2024.png,UNKNOWN,0.027,Bengaluru_r02_c04,13.006202492487716,77.60674289036248
0.17547607421875,0.4016702175140381,0.9668412208557129,3,0.0701904296875,Bengaluru,Bengaluru_r02_c04.tif,2024,2025,LIKELY_NO_CHANGE,SCATTERED_CHANGE,False,No supported change interval,0,NO_SIGNIFICANT_CHANGE,LOW_PRIORITY_REVIEW,0.0009765625,0.00189208984375,0.0,0.0072021484375,1.0,1.0,0.02273926484129508,False,0.04009236395359039,-0.010775219649076462,0.03736463189125061,2.011904761904762,False,NONE_DETECTED,/content/drive/MyDrive/satellite_change_detection/masks/Bengaluru/Bengaluru_r02_c04_2024_2025.png,UNKNOWN,0.014,Bengaluru_r02_c04,13.006202492487716,77.60674289036248
0.04119873046875,0.3474310338497162,0.6117085218429565,1,0.04119873046875,Bengaluru,Bengaluru_r02_c04.tif,2025,2026,LIKELY_NO_CHANGE,SCATTERED_CHANGE,False,No supported change interval,0,NO_SIGNIFICANT_CHANGE,LOW_PRIORITY_REVIEW,0.00189208984375,0.00213623046875,0.0072021484375,0.014892578125,1.0,1.0,0.051198866862199044,False,-0.2533359229564667,0.04783114418387413,0.154033824801445,1.75,True,SEASONAL_VARIATION_LIKELY,/content/drive/MyDrive/satellite_change_detection/masks/Bengaluru/Bengaluru_r02_c04_2025_2026.png,UNKNOWN,0.003,Bengaluru_r02_c04,13.006202492487716,77.60674289036248
0.4913330078125,0.3467937409877777,0.8140450716018677,4,0.2288818359375,Bengaluru,Bengaluru_r02_c05.tif,2020,2021,LIKELY_NO_CHANGE,SCATTERED_CHANGE,False,2020 -> 2024,3,PERSISTENT_CHANGE_SIGNAL,TEMPORAL_ONLY_EVIDENCE,0.0027923583984375,0.0074310302734375,0.00140380859375,0.0018310546875,1.0,1.0,0.03197763844695886,False,-0.17409805953502655,0.07402511686086655,0.053994446992874146,1.141025641025641,False,NONE_DETECTED,/content/drive/MyDrive/satellite_change_detection/masks/Bengaluru/Bengaluru_r02_c05_2020_2021.png,VEGETATION_LOSS,0.072,Bengaluru_r02_c05,13.005964472383075,77.6303258934172
0.286865234375,0.35934001207351685,0.7179925441741943,4,0.10223388671875,Bengaluru,Bengaluru_r02_c05.tif,2021,2022,LIKELY_NO_CHANGE,SCATTERED_CHANGE,False,2020 -> 2024,3,PERSISTENT_CHANGE_SIGNAL,TEMPORAL_ONLY_EVIDENCE,0.0074310302734375,0.00640869140625,0.0018310546875,0.0003509521484375,1.0,1.0,0.105993582801428,False,-0.14764191210269928,0.10616079717874527,0.041188716888427734,2.5531914893617023,False,NONE_DETECTED,/content/drive/MyDrive/satellite_change_detection/masks/Bengaluru/Bengaluru_r02_c05_2021_2022.png,CONSTRUCTION,0.042,Bengaluru_r02_c05,13.005964472383075,77.6303258934172
0.6134033203125,0.462973952293396,0.8793693780899048,3,0.31890869140625,Bengaluru,Bengaluru_r02_c05.tif,2022,2023,LIKELY_NO_CHANGE,SCATTERED_CHANGE,False,2020 -> 2024,3,PERSISTENT_CHANGE_SIGNAL,TEMPORAL_ONLY_EVIDENCE,0.00640869140625,0.005523681640625,0.0003509521484375,0.00030517578125,1.0,1.0,0.03446134815965804,False,-0.2678447365760803,0.10492176562547684,0.08792358636856079,1.1067961165048543,False,NONE_DETECTED,/content/drive/MyDrive/satellite_change_detection/masks/Bengaluru/Bengaluru_r02_c05_2022_2023.png,CONSTRUCTION,0.093,Bengaluru_r02_c05,13.005964472383075,77.6303258934172
1.38702392578125,0.43529483675956726,0.9930291175842285,7,0.5767822265625,Bengaluru,Bengaluru_r02_c05.tif,2023,2024,LOW_PRIORITY_REVIEW,SCATTERED_CHANGE,False,2020 -> 2024,3,PERSISTENT_CHANGE_SIGNAL,TEMPORAL_ONLY_EVIDENCE,0.005523681640625,0.0056304931640625,0.00030517578125,0.0,1.0,1.0,0.034236945843436964,False,-0.35044965147972107,0.233756422996521,0.06808236241340637,1.3544973544973544,False,NONE_DETECTED,/content/drive/MyDrive/satellite_change_detection/masks/Bengaluru/Bengaluru_r02_c05_2023_2024.png,CONSTRUCTION,0.212,Bengaluru_r02_c05,13.005964472383075,77.6303258934172
0.5279541015625,0.36421316862106323,0.9727144241333008,4,0.34332275390625,Bengaluru,Bengaluru_r02_c05.tif,2024,2025,LIKELY_NO_CHANGE,SCATTERED_CHANGE,False,2020 -> 2024,3,PERSISTENT_CHANGE_SIGNAL,TEMPORAL_ONLY_EVIDENCE,0.0056304931640625,0.0070953369140625,0.0,0.0003204345703125,1.0,1.0,0.05203046955327617,False,0.17153075337409973,-0.08601613342761993,-0.04088109731674194,2.0657894736842106,False,NONE_DETECTED,/content/drive/MyDrive/satellite_change_detection/masks/Bengaluru/Bengaluru_r02_c05_2024_2025.png,VEGETATION_GAIN,0.078,Bengaluru_r02_c05,13.005964472383075,77.6303258934172
0.5523681640625,0.35415181517601013,0.7539209127426147,6,0.18463134765625,Bengaluru,Bengaluru_r02_c05.tif,2025,2026,LIKELY_NO_CHANGE,SCATTERED_CHANGE,False,2020 -> 2024,3,PERSISTENT_CHANGE_SIGNAL,TEMPORAL_ONLY_EVIDENCE,0.0070953369140625,0.0067596435546875,0.0003204345703125,0.0006866455078125,1.0,1.0,0.02086108662473856,False,-0.044472381472587585,-0.015588857233524323,0.03190949559211731,1.9444444444444444,False,NONE_DETECTED,/content/drive/MyDrive/satellite_change_detection/masks/Bengaluru/Bengaluru_r02_c05_2025_2026.png,UNKNOWN,0.081,Bengaluru_r02_c05,13.005964472383075,77.6303258934172
0.335693359375,0.30939391255378723,0.827164888381958,4,0.20294189453125,Bengaluru,Bengaluru_r02_c06.tif,2020,2021,LIKELY_NO_CHANGE,SCATTERED_CHANGE,False,2020 -> 2023,4,PERSISTENT_CHANGE_SIGNAL,TEMPORAL_ONLY_EVIDENCE,0.001983642578125,0.0038299560546875,0.027801513671875,0.0202789306640625,1.0,1.0,0.05404021839489705,False,0.04819083213806152,-0.009320907294750214,-0.0025537610054016113,1.2893081761006289,False,NONE_DETECTED,/content/drive/MyDrive/satellite_change_detection/masks/Bengaluru/Bengaluru_r02_c06_2020_2021.png,UNKNOWN,0.048,Bengaluru_r02_c06,13.00572431446632,77.65390842524978
0.9063720703125,0.38699862360954285,0.7907257676124573,3,0.6439208984375,Bengaluru,Bengaluru_r02_c06.tif,2021,2022,LIKELY_NO_CHANGE,SCATTERED_CHANGE,False,2020 -> 2023,4,PERSISTENT_CHANGE_SIGNAL,TEMPORAL_ONLY_EVIDENCE,0.0038299560546875,0.0026702880859375,0.0202789306640625,0.00640869140625,1.0,1.0,0.06814435683694009,False,-0.18225502967834473,0.016779176890850067,0.11309555172920227,1.1884057971014492,True,SEASONAL_VARIATION_LIKELY,/content/drive/MyDrive/satellite_change_detection/masks/Bengaluru/Bengaluru_r02_c06_2021_2022.png,UNKNOWN,0.127,Bengaluru_r02_c06,13.00572431446632,77.65390842524978
1.00860595703125,0.38879820704460144,0.9018276929855347,8,0.3875732421875,Bengaluru,Bengaluru_r02_c06.tif,2022,2023,LOW_PRIORITY_REVIEW,SCATTERED_CHANGE,False,2020 -> 2023,4,PERSISTENT_CHANGE_SIGNAL,TEMPORAL_ONLY_EVIDENCE,0.0026702880859375,0.0030364990234375,0.00640869140625,0.024993896484375,1.0,1.0,0.022720626299384747,False,-0.21290990710258484,0.08209729939699173,0.08239734172821045,1.41,False,NONE_DETECTED,/content/drive/MyDrive/satellite_change_detection/masks/Bengaluru/Bengaluru_r02_c06_2022_2023.png,VEGETATION_LOSS,0.152,Bengaluru_r02_c06,13.00572431446632,77.65390842524978
0.37078857421875,0.327478289604187,0.6815458536148071,5,0.1068115234375,Bengaluru,Bengaluru_r02_c06.tif,2023,2024,LIKELY_NO_CHANGE,SCATTERED_CHANGE,False,2020 -> 2023,4,PERSISTENT_CHANGE_SIGNAL,TEMPORAL_ONLY_EVIDENCE,0.0030364990234375,0.0027313232421875,0.024993896484375,0.0051116943359375,1.0,1.0,0.06320105206310651,False,-0.12377409636974335,0.08736450970172882,-0.02818930149078369,3.547169811320755,False,NONE_DETECTED,/content/drive/MyDrive/satellite_change_detection/masks/Bengaluru/Bengaluru_r02_c06_2023_2024.png,UNKNOWN,0.053,Bengaluru_r02_c06,13.00572431446632,77.65390842524978
0.72021484375,0.3304249346256256,0.7870179414749146,5,0.2288818359375,Bengaluru,Bengaluru_r02_c06.tif,2024,2025,LIKELY_NO_CHANGE,SCATTERED_CHANGE,False,2020 -> 2023,4,PERSISTENT_CHANGE_SIGNAL,TEMPORAL_ONLY_EVIDENCE,0.0027313232421875,0.0045928955078125,0.0051116943359375,0.008636474609375,1.0,1.0,0.011764848606920342,False,0.011107966303825378,-0.00857493281364441,-6.070733070373535e-05,1.0102564102564102,False,NONE_DETECTED,/content/drive/MyDrive/satellite_change_detection/masks/Bengaluru/Bengaluru_r02_c06_2024_2025.png,UNKNOWN,0.104,Bengaluru_r02_c06,13.00572431446632,77.65390842524978
0.21820068359375,0.38745588064193726,0.8461933135986328,3,0.12054443359375,Bengaluru,Bengaluru_r02_c06.tif,2025,2026,LIKELY_NO_CHANGE,SCATTERED_CHANGE,False,2020 -> 2023,4,PERSISTENT_CHANGE_SIGNAL,TEMPORAL_ONLY_EVIDENCE,0.0045928955078125,0.004669189453125,0.008636474609375,0.0261383056640625,1.0,1.0,0.022725438963789858,False,-0.20246508717536926,0.07508531957864761,0.0889924168586731,5.297297297297297,False,NONE_DETECTED,/content/drive/MyDrive/satellite_change_detection/masks/Bengaluru/Bengaluru_r02_c06_2025_2026.png,VEGETATION_LOSS,0.033,Bengaluru_r02_c06,13.00572431446632,77.65390842524978
0.54779052734375,0.40036576986312866,0.7358391284942627,3,0.3265380859375,Bengaluru,Bengaluru_r02_c07.tif,2020,2021,LIKELY_NO_CHANGE,SCATTERED_CHANGE,False,2020 -> 2024,2,PERSISTENT_CHANGE_SIGNAL,TEMPORAL_ONLY_EVIDENCE,0.00299072265625,0.0027008056640625,0.0155181884765625,0.01507568359375,1.0,1.0,0.023701480710193436,False,-0.09150291979312897,0.00017961114645004272,0.09269699454307556,2.2788461538461537,False,NONE_DETECTED,/content/drive/MyDrive/satellite_change_detection/masks/Bengaluru/Bengaluru_r02_c07_2020_2021.png,UNKNOWN,0.07,Bengaluru_r02_c07,13.005482018936792,77.67749048164917
0.5828857421875,0.36763790249824524,0.9090508222579956,4,0.35858154296875,Bengaluru,Bengaluru_r02_c07.tif,2021,2022,LIKELY_NO_CHANGE,SCATTERED_CHANGE,False,2020 -> 2024,2,PERSISTENT_CHANGE_SIGNAL,TEMPORAL_ONLY_EVIDENCE,0.0027008056640625,0.0030059814453125,0.01507568359375,0.00054931640625,1.0,1.0,0.040268921286278216,False,-0.1710435301065445,0.08634473383426666,0.05074727535247803,2.6666666666666665,False,NONE_DETECTED,/content/drive/MyDrive/satellite_change_detection/masks/Bengaluru/Bengaluru_r02_c07_2021_2022.png,VEGETATION_LOSS,0.073,Bengaluru_r02_c07,13.005482018936792,77.67749048164917
0.225830078125,0.3734305202960968,0.6385621428489685,3,0.09918212890625,Bengaluru,Bengaluru_r02_c07.tif,2022,2023,LIKELY_NO_CHANGE,SCATTERED_CHANGE,False,2020 -> 2024,2,PERSISTENT_CHANGE_SIGNAL,TEMPORAL_ONLY_EVIDENCE,0.0030059814453125,0.0027008056640625,0.00054931640625,0.0067291259765625,1.0,1.0,0.03113412034776741,False,-0.06278249621391296,0.038011208176612854,0.0030776262283325195,1.5727272727272728,False,NONE_DETECTED,/content/drive/MyDrive/satellite_change_detection/masks/Bengaluru/Bengaluru_r02_c07_2022_2023.png,UNKNOWN,0.028,Bengaluru_r02_c07,13.005482018936792,77.67749048164917
2.04315185546875,0.36774566769599915,0.8809796571731567,7,1.0589599609375,Bengaluru,Bengaluru_r02_c07.tif,2023,2024,REVIEW_REQUIRED,SCATTERED_CHANGE,True,2020 -> 2024,2,PERSISTENT_CHANGE_SIGNAL,TEMPORAL_ONLY_EVIDENCE,0.0027008056640625,0.002960205078125,0.0067291259765625,6.103515625e-05,1.0,1.0,0.0784895102371585,False,-0.10164245963096619,0.1717846393585205,-0.22490115463733673,1.7153284671532847,False,NONE_DETECTED,/content/drive/MyDrive/satellite_change_detection/masks/Bengaluru/Bengaluru_r02_c07_2023_2024.png,WATER,0.263,Bengaluru_r02_c07,13.005482018936792,77.67749048164917
1.226806640625,0.35488077998161316,0.8755407333374023,4,0.73089599609375,Bengaluru,Bengaluru_r02_c07.tif,2024,2025,LOW_PRIORITY_REVIEW,SCATTERED_CHANGE,False,2020 -> 2024,2,PERSISTENT_CHANGE_SIGNAL,TEMPORAL_ONLY_EVIDENCE,0.002960205078125,0.00421142578125,6.103515625e-05,0.0056610107421875,1.0,1.0,0.004711209424081359,False,0.12509840726852417,-0.29210084676742554,0.39289405941963196,1.0046082949308757,False,NONE_DETECTED,/content/drive/MyDrive/satellite_change_detection/masks/Bengaluru/Bengaluru_r02_c07_2024_2025.png,WATER,0.154,Bengaluru_r02_c07,13.005482018936792,77.67749048164917
0.20751953125,0.295598566532135,0.6539866328239441,2,0.1312255859375,Bengaluru,Bengaluru_r02_c07.tif,2025,2026,LIKELY_NO_CHANGE,SCATTERED_CHANGE,False,2020 -> 2024,2,PERSISTENT_CHANGE_SIGNAL,TEMPORAL_ONLY_EVIDENCE,0.00421142578125,0.004180908203125,0.0056610107421875,0.013427734375,1.0,1.0,0.04198547885218535,False,-0.05292174220085144,-0.09593126177787781,0.16474449634552002,1.2890173410404624,False,NONE_DETECTED,/content/drive/MyDrive/satellite_change_detection/masks/Bengaluru/Bengaluru_r02_c07_2025_2026.png,WATER,0.024,Bengaluru_r02_c07,13.005482018936792,77.67749048164917
1.87530517578125,0.29686418175697327,0.7475095987319946,4,1.33819580078125,Bengaluru,Bengaluru_r03_c00.tif,2020,2021,REVIEW_REQUIRED,SCATTERED_CHANGE,False,2020 -> 2023,4,PERSISTENT_CHANGE_SIGNAL,TEMPORAL_ONLY_EVIDENCE,0.0028076171875,0.0032196044921875,0.0021209716796875,0.0011138916015625,1.0,1.0,0.04473793334605063,False,0.09352479875087738,-0.01671060174703598,-0.04282459616661072,1.3195876288659794,False,NONE_DETECTED,/content/drive/MyDrive/satellite_change_detection/masks/Bengaluru/Bengaluru_r03_c00_2020_2021.png,UNKNOWN,0.275,Bengaluru_r03_c00,12.984006213448373,77.51217355337432
0.23956298828125,0.3271298110485077,0.5691051483154297,5,0.0701904296875,Bengaluru,Bengaluru_r03_c00.tif,2021,2022,LIKELY_NO_CHANGE,SCATTERED_CHANGE,False,2020 -> 2023,4,PERSISTENT_CHANGE_SIGNAL,TEMPORAL_ONLY_EVIDENCE,0.0032196044921875,0.0017242431640625,0.0011138916015625,0.0,1.0,1.0,0.0770907589005932,False,-0.23332355916500092,0.11019685864448547,0.07167723774909973,1.3775510204081634,False,NONE_DETECTED,/content/drive/MyDrive/satellite_change_detection/masks/Bengaluru/Bengaluru_r03_c00_2021_2022.png,CONSTRUCTION,0.034,Bengaluru_r03_c00,12.984006213448373,77.51217355337432
0.22735595703125,0.31753280758857727,0.662520706653595,5,0.05340576171875,Bengaluru,Bengaluru_r03_c00.tif,2022,2023,LIKELY_NO_CHANGE,SCATTERED_CHANGE,False,2020 -> 2023,4,PERSISTENT_CHANGE_SIGNAL,TEMPORAL_ONLY_EVIDENCE,0.0017242431640625,0.0022735595703125,0.0,0.003021240234375,1.0,1.0,0.02535839887662903,False,-0.18918249011039734,0.013965457677841187,0.15206393599510193,1.7432432432432432,True,SEASONAL_VARIATION_LIKELY,/content/drive/MyDrive/satellite_change_detection/masks/Bengaluru/Bengaluru_r03_c00_2022_2023.png,UNKNOWN,0.03,Bengaluru_r03_c00,12.984006213448373,77.51217355337432
3.41949462890625,0.292003333568573,0.6876993775367737,11,1.59149169921875,Bengaluru,Bengaluru_r03_c00.tif,2023,2024,REVIEW_REQUIRED,SCATTERED_CHANGE,True,2020 -> 2023,4,PERSISTENT_CHANGE_SIGNAL,TEMPORAL_ONLY_EVIDENCE,0.0022735595703125,0.0018768310546875,0.003021240234375,0.0,1.0,1.0,0.09605831168741734,False,-0.2600804269313812,0.13284094631671906,0.05814856290817261,1.3617021276595744,False,NONE_DETECTED,/content/drive/MyDrive/satellite_change_detection/masks/Bengaluru/Bengaluru_r03_c00_2023_2024.png,CONSTRUCTION,0.503,Bengaluru_r03_c00,12.984006213448373,77.51217355337432
1.68914794921875,0.28281161189079285,0.5909752249717712,7,0.48065185546875,Bengaluru,Bengaluru_r03_c00.tif,2024,2025,LOW_PRIORITY_REVIEW,SCATTERED_CHANGE,False,2020 -> 2023,4,PERSISTENT_CHANGE_SIGNAL,TEMPORAL_ONLY_EVIDENCE,0.0018768310546875,0.00384521484375,0.0,0.0023651123046875,1.0,1.0,0.04425261065780098,False,0.20008662343025208,-0.0886973887681961,-0.056665122509002686,1.532934131736527,False,NONE_DETECTED,/content/drive/MyDrive/satellite_change_detection/masks/Bengaluru/Bengaluru_r03_c00_2024_2025.png,VEGETATION_GAIN,0.238,Bengaluru_r03_c00,12.984006213448373,77.51217355337432
1.776123046875,0.36611106991767883,0.8938252925872803,9,0.75836181640625,Bengaluru,Bengaluru_r03_c00.tif,2025,2026,LOW_PRIORITY_REVIEW,SCATTERED_CHANGE,False,2020 -> 2023,4,PERSISTENT_CHANGE_SIGNAL,TEMPORAL_ONLY_EVIDENCE,0.00384521484375,0.004302978515625,0.0023651123046875,0.0003509521484375,1.0,1.0,0.04361147891956526,False,-0.13367338478565216,0.07313738018274307,0.03726285696029663,1.1404494382022472,False,NONE_DETECTED,/content/drive/MyDrive/satellite_change_detection/masks/Bengaluru/Bengaluru_r03_c00_2025_2026.png,UNKNOWN,0.267,Bengaluru_r03_c00,12.984006213448373,77.51217355337432
0.0457763671875,0.4406241774559021,0.7214034795761108,1,0.0457763671875,Bengaluru,Bengaluru_r03_c01.tif,2020,2021,LIKELY_NO_CHANGE,SCATTERED_CHANGE,False,No supported change interval,0,NO_SIGNIFICANT_CHANGE,LOW_PRIORITY_REVIEW,0.0009613037109375,0.0014801025390625,1.52587890625e-05,9.1552734375e-05,1.0,1.0,0.018408119346537615,False,-0.10822394490242004,-0.036532483994960785,0.06288334727287292,1.2,False,NONE_DETECTED,/content/drive/MyDrive/satellite_change_detection/masks/Bengaluru/Bengaluru_r03_c01_2020_2021.png,UNKNOWN,0.004,Bengaluru_r03_c01,12.983777168327949,77.53575622047258
0.12969970703125,0.5206011533737183,0.9242635369300842,2,0.091552734375,Bengaluru,Bengaluru_r03_c01.tif,2021,2022,LIKELY_NO_CHANGE,SCATTERED_CHANGE,False,No supported change interval,0,NO_SIGNIFICANT_CHANGE,LOW_PRIORITY_REVIEW,0.0014801025390625,0.0005645751953125,9.1552734375e-05,0.0,1.0,1.0,0.06493204772240224,False,-0.27770179510116577,0.151960089802742,0.11451169848442078,1.5849056603773586,False,NONE_DETECTED,/content/drive/MyDrive/satellite_change_detection/masks/Bengaluru/Bengaluru_r03_c01_2021_2022.png,UNKNOWN,0.01,Bengaluru_r03_c01,12.983777168327949,77.53575622047258
0.1129150390625,0.529124915599823,0.8377320766448975,1,0.1129150390625,Bengaluru,Bengaluru_r03_c01.tif,2022,2023,LIKELY_NO_CHANGE,SCATTERED_CHANGE,False,No supported change interval,0,NO_SIGNIFICANT_CHANGE,LOW_PRIORITY_REVIEW,0.0005645751953125,0.0015716552734375,0.0,1.52587890625e-05,1.0,1.0,0.027059306078638323,False,-0.33178019523620605,0.1409221738576889,0.20664459466934204,1.5714285714285714,False,NONE_DETECTED,/content/drive/MyDrive/satellite_change_detection/masks/Bengaluru/Bengaluru_r03_c01_2022_2023.png,UNKNOWN,0.009,Bengaluru_r03_c01,12.983777168327949,77.53575622047258
0.0457763671875,0.2958734631538391,0.45502978563308716,1,0.0457763671875,Bengaluru,Bengaluru_r03_c01.tif,2023,2024,LIKELY_NO_CHANGE,SCATTERED_CHANGE,False,No supported change interval,0,NO_SIGNIFICANT_CHANGE,LOW_PRIORITY_REVIEW,0.0015716552734375,0.001983642578125,1.52587890625e-05,0.0,1.0,1.0,0.03465741803656523,False,-0.293068528175354,0.17505495250225067,0.049539029598236084,1.2,False,NONE_DETECTED,/content/drive/MyDrive/satellite_change_detection/masks/Bengaluru/Bengaluru_r03_c01_2023_2024.png,UNKNOWN,0.003,Bengaluru_r03_c01,12.983777168327949,77.53575622047258
0.0,0.0,0.0,0,0.0,Bengaluru,Bengaluru_r03_c01.tif,2024,2025,LIKELY_NO_CHANGE,SCATTERED_CHANGE,False,No supported change interval,0,NO_SIGNIFICANT_CHANGE,LOW_PRIORITY_REVIEW,0.001983642578125,0.0030364990234375,0.0,0.0001068115234375,1.0,1.0,0.04538742659324478,False,0.0,0.0,0.0,1.0,False,NONE_DETECTED,/content/drive/MyDrive/satellite_change_detection/masks/Bengaluru/Bengaluru_r03_c01_2024_2025.png,UNKNOWN,0.0,Bengaluru_r03_c01,12.983777168327949,77.53575622047258
0.0,0.0,0.0,0,0.0,Bengaluru,Bengaluru_r03_c01.tif,2025,2026,LIKELY_NO_CHANGE,SCATTERED_CHANGE,False,No supported change interval,0,NO_SIGNIFICANT_CHANGE,LOW_PRIORITY_REVIEW,0.0030364990234375,0.0024871826171875,0.0001068115234375,3.0517578125e-05,1.0,1.0,0.013275285351057603,False,0.0,0.0,0.0,1.0,False,NONE_DETECTED,/content/drive/MyDrive/satellite_change_detection/masks/Bengaluru/Bengaluru_r03_c01_2025_2026.png,UNKNOWN,0.0,Bengaluru_r03_c01,12.983777168327949,77.53575622047258
0.06256103515625,0.25874918699264526,0.46798741817474365,1,0.06256103515625,Bengaluru,Bengaluru_r03_c02.tif,2020,2021,LIKELY_NO_CHANGE,SCATTERED_CHANGE,False,No supported change interval,0,NO_SIGNIFICANT_CHANGE,LOW_PRIORITY_REVIEW,0.0043182373046875,0.004364013671875,0.00164794921875,0.002410888671875,1.0,1.0,0.015751299732343273,False,0.15283232927322388,-0.06000727787613869,-0.05155232548713684,1.1666666666666667,False,NONE_DETECTED,/content/drive/MyDrive/satellite_change_detection/masks/Bengaluru/Bengaluru_r03_c02_2020_2021.png,UNKNOWN,0.004,Bengaluru_r03_c02,12.98354598854579,77.5593384333984
0.03814697265625,0.3495827615261078,0.469952791929245,1,0.03814697265625,Bengaluru,Bengaluru_r03_c02.tif,2021,2022,LIKELY_NO_CHANGE,SCATTERED_CHANGE,False,No supported change interval,0,NO_SIGNIFICANT_CHANGE,LOW_PRIORITY_REVIEW,0.004364013671875,0.002655029296875,0.002410888671875,0.000457763671875,1.0,1.0,0.05217026771715719,False,0.2670953869819641,-0.17582640051841736,-0.004973113536834717,1.0,False,NONE_DETECTED,/content/drive/MyDrive/satellite_change_detection/masks/Bengaluru/Bengaluru_r03_c02_2021_2022.png,UNKNOWN,0.003,Bengaluru_r03_c02,12.98354598854579,77.5593384333984
0.054931640625,0.6091536283493042,0.888495683670044,1,0.054931640625,Bengaluru,Bengaluru_r03_c02.tif,2022,2023,LIKELY_NO_CHANGE,SCATTERED_CHANGE,False,No supported change interval,0,NO_SIGNIFICANT_CHANGE,LOW_PRIORITY_REVIEW,0.002655029296875,0.003082275390625,0.000457763671875,0.00262451171875,1.0,1.0,0.028452552148451292,False,-0.09456053376197815,0.008058939129114151,0.08262172341346741,1.0,False,NONE_DETECTED,/content/drive/MyDrive/satellite_change_detection/masks/Bengaluru/Bengaluru_r03_c02_2022_2023.png,UNKNOWN,0.004,Bengaluru_r03_c02,12.98354598854579,77.5593384333984
0.06866455078125,0.37044715881347656,0.680503785610199,1,0.06866455078125,Bengaluru,Bengaluru_r03_c02.tif,2023,2024,LIKELY_NO_CHANGE,SCATTERED_CHANGE,False,No supported change interval,0,NO_SIGNIFICANT_CHANGE,LOW_PRIORITY_REVIEW,0.003082275390625,0.0030059814453125,0.00262451171875,0.0,1.0,1.0,0.029996165286851527,False,-0.13533994555473328,0.02721486985683441,0.08405110239982605,1.3333333333333333,False,NONE_DETECTED,/content/drive/MyDrive/satellite_change_detection/masks/Bengaluru/Bengaluru_r03_c02_2023_2024.png,UNKNOWN,0.005,Bengaluru_r03_c02,12.98354598854579,77.5593384333984
0.0701904296875,0.2543776035308838,0.35064366459846497,1,0.0701904296875,Bengaluru,Bengaluru_r03_c02.tif,2024,2025,LIKELY_NO_CHANGE,SCATTERED_CHANGE,False,No supported change interval,0,NO_SIGNIFICANT_CHANGE,LOW_PRIORITY_REVIEW,0.0030059814453125,0.0048980712890625,0.0,0.0026702880859375,1.0,1.0,0.016654483500072897,False,0.13849125802516937,-0.025842875242233276,-0.08254984021186829,1.3333333333333333,False,NONE_DETECTED,/content/drive/MyDrive/satellite_change_detection/masks/Bengaluru/Bengaluru_r03_c02_2024_2025.png,UNKNOWN,0.005,Bengaluru_r03_c02,12.98354598854579,77.5593384333984
0.0,0.0,0.0,0,0.0,Bengaluru,Bengaluru_r03_c02.tif,2025,2026,LIKELY_NO_CHANGE,SCATTERED_CHANGE,False,No supported change interval,0,NO_SIGNIFICANT_CHANGE,LOW_PRIORITY_REVIEW,0.0048980712890625,0.004913330078125,0.0026702880859375,0.0033721923828125,1.0,1.0,0.005205132370083974,False,0.0,0.0,0.0,1.0,False,NONE_DETECTED,/content/drive/MyDrive/satellite_change_detection/masks/Bengaluru/Bengaluru_r03_c02_2025_2026.png,UNKNOWN,0.0,Bengaluru_r03_c02,12.98354598854579,77.5593384333984
0.0762939453125,0.3232603967189789,0.6179132461547852,2,0.03814697265625,Bengaluru,Bengaluru_r03_c03.tif,2020,2021,LIKELY_NO_CHANGE,SCATTERED_CHANGE,False,No supported change interval,0,NO_SIGNIFICANT_CHANGE,LOW_PRIORITY_REVIEW,0.004730224609375,0.00531005859375,0.0232391357421875,0.01513671875,1.0,1.0,0.025531032218929904,False,0.04512561857700348,-0.029428299516439438,-0.0046856701374053955,1.9361702127659575,False,NONE_DETECTED,/content/drive/MyDrive/satellite_change_detection/masks/Bengaluru/Bengaluru_r03_c03_2020_2021.png,UNKNOWN,0.006,Bengaluru_r03_c03,12.983312674293806,77.58292018794081
0.16632080078125,0.4197145402431488,0.7447460889816284,3,0.06103515625,Bengaluru,Bengaluru_r03_c03.tif,2021,2022,LIKELY_NO_CHANGE,SCATTERED_CHANGE,False,No supported change interval,0,NO_SIGNIFICANT_CHANGE,LOW_PRIORITY_REVIEW,0.00531005859375,0.0035400390625,0.01513671875,0.0012969970703125,1.0,1.0,0.06391713723258975,False,-0.14714300632476807,0.0940941870212555,0.02386075258255005,1.2142857142857142,False,NONE_DETECTED,/content/drive/MyDrive/satellite_change_detection/masks/Bengaluru/Bengaluru_r03_c03_2021_2022.png,UNKNOWN,0.013,Bengaluru_r03_c03,12.983312674293806,77.58292018794081
0.17547607421875,0.3759579658508301,0.6436417698860168,4,0.05340576171875,Bengaluru,Bengaluru_r03_c03.tif,2022,2023,LIKELY_NO_CHANGE,SCATTERED_CHANGE,False,No supported change interval,0,NO_SIGNIFICANT_CHANGE,LOW_PRIORITY_REVIEW,0.0035400390625,0.0035858154296875,0.0012969970703125,0.0053253173828125,1.0,1.0,0.04707226106978756,False,0.050972893834114075,0.0673895925283432,-0.07457169890403748,1.7636363636363637,False,NONE_DETECTED,/content/drive/MyDrive/satellite_change_detection/masks/Bengaluru/Bengaluru_r03_c03_2022_2023.png,UNKNOWN,0.014,Bengaluru_r03_c03,12.983312674293806,77.58292018794081
0.0457763671875,0.29154083132743835,0.46597030758857727,1,0.0457763671875,Bengaluru,Bengaluru_r03_c03.tif,2023,2024,LIKELY_NO_CHANGE,SCATTERED_CHANGE,False,No supported change interval,0,NO_SIGNIFICANT_CHANGE,LOW_PRIORITY_REVIEW,0.0035858154296875,0.005096435546875,0.0053253173828125,0.0001373291015625,1.0,1.0,0.0864087565050134,False,-0.15077508985996246,0.01252792775630951,0.13924965262413025,1.2,True,SEASONAL_VARIATION_LIKELY,/content/drive/MyDrive/satellite_change_detection/masks/Bengaluru/Bengaluru_r03_c03_2023_2024.png,UNKNOWN,0.003,Bengaluru_r03_c03,12.983312674293806,77.58292018794081
0.115966796875,0.2554478645324707,0.49079814553260803,2,0.07781982421875,Bengaluru,Bengaluru_r03_c03.tif,2024,2025,LIKELY_NO_CHANGE,SCATTERED_CHANGE,False,No supported change interval,0,NO_SIGNIFICANT_CHANGE,LOW_PRIORITY_REVIEW,0.005096435546875,0.006866455078125,0.0001373291015625,0.0172882080078125,1.0,1.0,0.0553302921128534,False,0.05198005586862564,0.028764009475708008,-0.05251801013946533,9.25,False,NONE_DETECTED,/content/drive/MyDrive/satellite_change_detection/masks/Bengaluru/Bengaluru_r03_c03_2024_2025.png,UNKNOWN,0.008,Bengaluru_r03_c03,12.983312674293806,77.58292018794081
0.19989013671875,0.2895754277706146,0.4802132546901703,2,0.1373291015625,Bengaluru,Bengaluru_r03_c03.tif,2025,2026,LIKELY_NO_CHANGE,SCATTERED_CHANGE,False,No supported change interval,0,NO_SIGNIFICANT_CHANGE,LOW_PRIORITY_REVIEW,0.006866455078125,0.0055084228515625,0.0172882080078125,0.024322509765625,1.0,1.0,0.012123943670337754,False,-0.0691443681716919,0.012212947010993958,0.08270210027694702,3.4615384615384617,False,NONE_DETECTED,/content/drive/MyDrive/satellite_change_detection/masks/Bengaluru/Bengaluru_r03_c03_2025_2026.png,UNKNOWN,0.014,Bengaluru_r03_c03,12.983312674293806,77.58292018794081
0.03814697265625,0.30909305810928345,0.39768868684768677,1,0.03814697265625,Bengaluru,Bengaluru_r03_c04.tif,2020,2021,LIKELY_NO_CHANGE,SCATTERED_CHANGE,False,2020 -> 2026,1,SINGLE_INTERVAL_CHANGE,LOW_PRIORITY_REVIEW,0.0041961669921875,0.0048065185546875,0.0181121826171875,0.0104522705078125,1.0,1.0,0.037790993436671375,False,0.156322181224823,0.010438092052936554,-0.07407838106155396,1.0,True,SEASONAL_VARIATION_LIKELY,/content/drive/MyDrive/satellite_change_detection/masks/Bengaluru/Bengaluru_r03_c04_2020_2021.png,UNKNOWN,0.003,Bengaluru_r03_c04,12.983077225765678,77.60650147988939
0.4486083984375,0.3517226278781891,0.6976016759872437,7,0.1739501953125,Bengaluru,Bengaluru_r03_c04.tif,2021,2022,LIKELY_NO_CHANGE,SCATTERED_CHANGE,False,2020 -> 2026,1,SINGLE_INTERVAL_CHANGE,LOW_PRIORITY_REVIEW,0.0048065185546875,0.0030670166015625,0.0104522705078125,0.000640869140625,1.0,1.0,0.04095366382382058,False,-0.13917140662670135,0.06427502632141113,0.043184250593185425,1.2473118279569892,False,NONE_DETECTED,/content/drive/MyDrive/satellite_change_detection/masks/Bengaluru/Bengaluru_r03_c04_2021_2022.png,UNKNOWN,0.045,Bengaluru_r03_c04,12.983077225765678,77.60650147988939
0.09918212890625,0.37934061884880066,0.6257933378219604,2,0.06103515625,Bengaluru,Bengaluru_r03_c04.tif,2022,2023,LIKELY_NO_CHANGE,SCATTERED_CHANGE,False,2020 -> 2026,1,SINGLE_INTERVAL_CHANGE,LOW_PRIORITY_REVIEW,0.0030670166015625,0.004730224609375,0.000640869140625,0.00689697265625,1.0,1.0,0.018219158057618593,False,-0.08456840366125107,0.0016673840582370758,0.08137518167495728,1.1428571428571428,False,NONE_DETECTED,/content/drive/MyDrive/satellite_change_detection/masks/Bengaluru/Bengaluru_r03_c04_2022_2023.png,UNKNOWN,0.01,Bengaluru_r03_c04,12.983077225765678,77.60650147988939
0.41351318359375,0.3900439143180847,0.7895611524581909,5,0.13275146484375,Bengaluru,Bengaluru_r03_c04.tif,2023,2024,LIKELY_NO_CHANGE,SCATTERED_CHANGE,False,2020 -> 2026,1,SINGLE_INTERVAL_CHANGE,LOW_PRIORITY_REVIEW,0.004730224609375,0.0048980712890625,0.00689697265625,0.00018310546875,1.0,1.0,0.046944578376813775,False,-0.2626972198486328,0.05044664815068245,0.17884257435798645,1.3421052631578947,False,NONE_DETECTED,/content/drive/MyDrive/satellite_change_detection/masks/Bengaluru/Bengaluru_r03_c04_2023_2024.png,UNKNOWN,0.043,Bengaluru_r03_c04,12.983077225765678,77.60650147988939
0.18157958984375,0.5849061608314514,0.977065920829773,2,0.1434326171875,Bengaluru,Bengaluru_r03_c04.tif,2024,2025,LIKELY_NO_CHANGE,SCATTERED_CHANGE,False,2020 -> 2026,1,SINGLE_INTERVAL_CHANGE,LOW_PRIORITY_REVIEW,0.0048980712890625,0.0070953369140625,0.00018310546875,0.0107421875,1.0,1.0,0.042396301215011686,False,0.07849618792533875,0.019086629152297974,0.04715129733085632,1.0680272108843538,False,NONE_DETECTED,/content/drive/MyDrive/satellite_change_detection/masks/Bengaluru/Bengaluru_r03_c04_2024_2025.png,UNKNOWN,0.019,Bengaluru_r03_c04,12.983077225765678,77.60650147988939
0.384521484375,0.24218685925006866,0.4927750825881958,2,0.2166748046875,Bengaluru,Bengaluru_r03_c04.tif,2025,2026,LIKELY_NO_CHANGE,SCATTERED_CHANGE,False,2020 -> 2026,1,SINGLE_INTERVAL_CHANGE,LOW_PRIORITY_REVIEW,0.0070953369140625,0.0070343017578125,0.0107421875,0.0148468017578125,1.0,1.0,0.021631511263065905,False,0.05957996845245361,0.5015645027160645,-0.7967449426651001,1.4444444444444444,False,NONE_DETECTED,/content/drive/MyDrive/satellite_change_detection/masks/Bengaluru/Bengaluru_r03_c04_2025_2026.png,UNKNOWN,0.034,Bengaluru_r03_c04,12.983077225765678,77.60650147988939
0.6103515625,0.29310858249664307,0.6564637422561646,5,0.23956298828125,Bengaluru,Bengaluru_r03_c05.tif,2020,2021,LIKELY_NO_CHANGE,SCATTERED_CHANGE,False,2020 -> 2026,1,SINGLE_INTERVAL_CHANGE,LOW_PRIORITY_REVIEW,0.0012969970703125,0.0019989013671875,0.010406494140625,0.0072174072265625,1.0,1.0,0.026230387916000828,False,0.04359865188598633,0.006034478545188904,0.06268775463104248,1.2993197278911566,False,NONE_DETECTED,/content/drive/MyDrive/satellite_change_detection/masks/Bengaluru/Bengaluru_r03_c05_2020_2021.png,UNKNOWN,0.057,Bengaluru_r03_c05,12.982839643156842,77.63008230503398
0.69580078125,0.3397780954837799,0.738551139831543,6,0.2471923828125,Bengaluru,Bengaluru_r03_c05.tif,2021,2022,LIKELY_NO_CHANGE,SCATTERED_CHANGE,False,2020 -> 2026,1,SINGLE_INTERVAL_CHANGE,LOW_PRIORITY_REVIEW,0.0019989013671875,0.001251220703125,0.0072174072265625,0.00421142578125,1.0,1.0,0.07364715163151382,False,-0.19607846438884735,0.07818299531936646,0.06706035137176514,1.6616541353383458,False,NONE_DETECTED,/content/drive/MyDrive/satellite_change_detection/masks/Bengaluru/Bengaluru_r03_c05_2021_2022.png,UNKNOWN,0.069,Bengaluru_r03_c05,12.982839643156842,77.63008230503398
0.38909912109375,0.507271945476532,0.7039334774017334,1,0.38909912109375,Bengaluru,Bengaluru_r03_c05.tif,2022,2023,LIKELY_NO_CHANGE,SCATTERED_CHANGE,False,2020 -> 2026,1,SINGLE_INTERVAL_CHANGE,LOW_PRIORITY_REVIEW,0.001251220703125,0.0015411376953125,0.00421142578125,0.005035400390625,1.0,1.0,0.010211494682159027,False,0.021453306078910828,0.03671020269393921,-0.062237173318862915,1.8571428571428572,False,NONE_DETECTED,/content/drive/MyDrive/satellite_change_detection/masks/Bengaluru/Bengaluru_r03_c05_2022_2023.png,UNKNOWN,0.041,Bengaluru_r03_c05,12.982839643156842,77.63008230503398
0.457763671875,0.2517496645450592,0.418975293636322,4,0.1617431640625,Bengaluru,Bengaluru_r03_c05.tif,2023,2024,LIKELY_NO_CHANGE,SCATTERED_CHANGE,False,2020 -> 2026,1,SINGLE_INTERVAL_CHANGE,LOW_PRIORITY_REVIEW,0.0015411376953125,0.001373291015625,0.005035400390625,7.62939453125e-05,1.0,1.0,0.06775278087302916,False,0.04699774086475372,0.0104108527302742,-0.027355283498764038,1.0406091370558375,False,NONE_DETECTED,/content/drive/MyDrive/satellite_change_detection/masks/Bengaluru/Bengaluru_r03_c05_2023_2024.png,UNKNOWN,0.041,Bengaluru_r03_c05,12.982839643156842,77.63008230503398
0.32196044921875,0.22431106865406036,0.4177013337612152,4,0.1068115234375,Bengaluru,Bengaluru_r03_c05.tif,2024,2025,LIKELY_NO_CHANGE,SCATTERED_CHANGE,False,2020 -> 2026,1,SINGLE_INTERVAL_CHANGE,LOW_PRIORITY_REVIEW,0.001373291015625,0.001983642578125,7.62939453125e-05,0.006378173828125,1.0,1.0,0.01963416840120146,False,0.2104203701019287,-0.11091066151857376,-0.0640261173248291,1.621212121212121,False,NONE_DETECTED,/content/drive/MyDrive/satellite_change_detection/masks/Bengaluru/Bengaluru_r03_c05_2024_2025.png,UNKNOWN,0.028,Bengaluru_r03_c05,12.982839643156842,77.63008230503398
1.59912109375,0.32026228308677673,0.9710537195205688,7,1.12762451171875,Bengaluru,Bengaluru_r03_c05.tif,2025,2026,REVIEW_REQUIRED,SCATTERED_CHANGE,False,2020 -> 2026,1,SINGLE_INTERVAL_CHANGE,REVIEW_REQUIRED,0.001983642578125,0.0015716552734375,0.006378173828125,0.0093536376953125,1.0,1.0,0.03639487394020628,False,0.0952834039926529,0.38431045413017273,-0.6251223087310791,1.841726618705036,False,NONE_DETECTED,/content/drive/MyDrive/satellite_change_detection/masks/Bengaluru/Bengaluru_r03_c05_2025_2026.png,WATER,0.162,Bengaluru_r03_c05,12.982839643156842,77.63008230503398
1.05133056640625,0.23842599987983704,0.640813946723938,5,0.71563720703125,Bengaluru,Bengaluru_r03_c06.tif,2020,2021,LOW_PRIORITY_REVIEW,SCATTERED_CHANGE,False,2020 -> 2022,5,PERSISTENT_CHANGE_SIGNAL,TEMPORAL_ONLY_EVIDENCE,0.007720947265625,0.006622314453125,0.02630615234375,0.015350341796875,1.0,1.0,0.03655436709984856,False,-0.0020675063133239746,0.08227065205574036,-0.1595895141363144,1.0,False,NONE_DETECTED,/content/drive/MyDrive/satellite_change_detection/masks/Bengaluru/Bengaluru_r03_c06_2020_2021.png,WATER,0.144,Bengaluru_r03_c06,12.982599926664498,77.65366265916501
1.3916015625,0.3574411869049072,0.8179003596305847,11,0.31280517578125,Bengaluru,Bengaluru_r03_c06.tif,2021,2022,LOW_PRIORITY_REVIEW,SCATTERED_CHANGE,False,2020 -> 2022,5,PERSISTENT_CHANGE_SIGNAL,TEMPORAL_ONLY_EVIDENCE,0.006622314453125,0.006103515625,0.015350341796875,0.002288818359375,1.0,1.0,0.07031989730157921,False,-0.19652847945690155,0.06165441870689392,0.16952520608901978,1.1502347417840375,False,NONE_DETECTED,/content/drive/MyDrive/satellite_change_detection/masks/Bengaluru/Bengaluru_r03_c06_2021_2022.png,WATER,0.205,Bengaluru_r03_c06,12.982599926664498,77.65366265916501
0.13580322265625,0.37022262811660767,0.7052313089370728,1,0.13580322265625,Bengaluru,Bengaluru_r03_c06.tif,2022,2023,LIKELY_NO_CHANGE,SCATTERED_CHANGE,False,2020 -> 2022,5,PERSISTENT_CHANGE_SIGNAL,TEMPORAL_ONLY_EVIDENCE,0.006103515625,0.0047454833984375,0.002288818359375,0.011138916015625,1.0,1.0,0.0472328803552953,False,0.016112618148326874,-0.02327553927898407,0.022434428334236145,1.625,False,NONE_DETECTED,/content/drive/MyDrive/satellite_change_detection/masks/Bengaluru/Bengaluru_r03_c06_2022_2023.png,UNKNOWN,0.02,Bengaluru_r03_c06,12.982599926664498,77.65366265916501
0.6134033203125,0.3976563811302185,0.6398136615753174,4,0.26092529296875,Bengaluru,Bengaluru_r03_c06.tif,2023,2024,LIKELY_NO_CHANGE,SCATTERED_CHANGE,False,2020 -> 2022,5,PERSISTENT_CHANGE_SIGNAL,TEMPORAL_ONLY_EVIDENCE,0.0047454833984375,0.0047607421875,0.011138916015625,0.001556396484375,1.0,1.0,0.0536134362022863,False,-0.035840898752212524,-0.005891025066375732,0.04028040170669556,1.2830188679245282,False,NONE_DETECTED,/content/drive/MyDrive/satellite_change_detection/masks/Bengaluru/Bengaluru_r03_c06_2023_2024.png,UNKNOWN,0.093,Bengaluru_r03_c06,12.982599926664498,77.65366265916501
0.6988525390625,0.5345708727836609,0.8593634366989136,3,0.54779052734375,Bengaluru,Bengaluru_r03_c06.tif,2024,2025,LIKELY_NO_CHANGE,SCATTERED_CHANGE,False,2020 -> 2022,5,PERSISTENT_CHANGE_SIGNAL,TEMPORAL_ONLY_EVIDENCE,0.0047607421875,0.0076904296875,0.001556396484375,0.00946044921875,1.0,1.0,0.015621485203028614,False,-0.4328465461730957,0.17752178013324738,0.1152074933052063,1.2154696132596685,False,NONE_DETECTED,/content/drive/MyDrive/satellite_change_detection/masks/Bengaluru/Bengaluru_r03_c06_2024_2025.png,CONSTRUCTION,0.107,Bengaluru_r03_c06,12.982599926664498,77.65366265916501
0.2197265625,0.2857297360897064,0.4131695628166199,1,0.2197265625,Bengaluru,Bengaluru_r03_c06.tif,2025,2026,LIKELY_NO_CHANGE,SCATTERED_CHANGE,False,2020 -> 2022,5,PERSISTENT_CHANGE_SIGNAL,TEMPORAL_ONLY_EVIDENCE,0.0076904296875,0.007110595703125,0.00946044921875,0.0128631591796875,1.0,1.0,0.039466629982817615,False,-0.41560474038124084,0.21255677938461304,0.12889179587364197,1.3636363636363635,False,NONE_DETECTED,/content/drive/MyDrive/satellite_change_detection/masks/Bengaluru/Bengaluru_r03_c06_2025_2026.png,CONSTRUCTION,0.031,Bengaluru_r03_c06,12.982599926664498,77.65366265916501
1.0498046875,0.2783501148223877,0.5274757146835327,8,0.3692626953125,Bengaluru,Bengaluru_r03_c07.tif,2020,2021,LOW_PRIORITY_REVIEW,SCATTERED_CHANGE,False,2020 -> 2022,5,PERSISTENT_CHANGE_SIGNAL,TEMPORAL_ONLY_EVIDENCE,0.0039215087890625,0.004547119140625,0.0124053955078125,0.0108795166015625,1.0,1.0,0.026844151243261706,False,0.1734635978937149,-0.09094948321580887,-0.040644705295562744,1.2906976744186047,False,NONE_DETECTED,/content/drive/MyDrive/satellite_change_detection/masks/Bengaluru/Bengaluru_r03_c07_2020_2021.png,VEGETATION_GAIN,0.147,Bengaluru_r03_c07,12.982358076487609,77.67724253807323
2.325439453125,0.3272874057292938,0.756700336933136,11,0.8148193359375,Bengaluru,Bengaluru_r03_c07.tif,2021,2022,LOW_PRIORITY_REVIEW,SCATTERED_CHANGE,True,2020 -> 2022,5,PERSISTENT_CHANGE_SIGNAL,TEMPORAL_ONLY_EVIDENCE,0.004547119140625,0.003021240234375,0.0108795166015625,0.003326416015625,1.0,1.0,0.03703545971682906,False,-0.25604456663131714,0.1506856381893158,0.07950401306152344,1.0578512396694215,False,NONE_DETECTED,/content/drive/MyDrive/satellite_change_detection/masks/Bengaluru/Bengaluru_r03_c07_2021_2022.png,CONSTRUCTION,0.341,Bengaluru_r03_c07,12.982358076487609,77.67724253807323
4.827880859375,0.332866907119751,0.7002538442611694,9,2.70233154296875,Bengaluru,Bengaluru_r03_c07.tif,2022,2023,REVIEW_REQUIRED,MODERATELY_CONNECTED,True,2020 -> 2022,5,PERSISTENT_CHANGE_SIGNAL,MODERATE_EVIDENCE,0.003021240234375,0.0050811767578125,0.003326416015625,0.0164337158203125,1.0,1.0,0.044969073185178135,False,-0.3647971749305725,0.32295435667037964,0.024330556392669678,1.2427184466019416,False,NONE_DETECTED,/content/drive/MyDrive/satellite_change_detection/masks/Bengaluru/Bengaluru_r03_c07_2022_2023.png,CONSTRUCTION,0.757,Bengaluru_r03_c07,12.982358076487609,77.67724253807323
3.70330810546875,0.3082194924354553,0.8153915405273438,6,2.5115966796875,Bengaluru,Bengaluru_r03_c07.tif,2023,2024,REVIEW_REQUIRED,MODERATELY_CONNECTED,True,2020 -> 2022,5,PERSISTENT_CHANGE_SIGNAL,MODERATE_EVIDENCE,0.0050811767578125,0.0064849853515625,0.0164337158203125,0.002593994140625,1.0,1.0,0.1007745749786328,False,0.20774409174919128,-0.2275828719139099,0.10322490334510803,2.1666666666666665,False,NONE_DETECTED,/content/drive/MyDrive/satellite_change_detection/masks/Bengaluru/Bengaluru_r03_c07_2023_2024.png,VEGETATION_GAIN,0.568,Bengaluru_r03_c07,12.982358076487609,77.67724253807323
1.24664306640625,0.334917277097702,0.7321409583091736,11,0.262451171875,Bengaluru,Bengaluru_r03_c07.tif,2024,2025,LOW_PRIORITY_REVIEW,SCATTERED_CHANGE,False,2020 -> 2022,5,PERSISTENT_CHANGE_SIGNAL,TEMPORAL_ONLY_EVIDENCE,0.0064849853515625,0.00799560546875,0.002593994140625,0.0172882080078125,1.0,1.0,0.04070865197343163,False,-0.11787563562393188,-0.021222809329628944,0.16378912329673767,1.8088235294117647,False,NONE_DETECTED,/content/drive/MyDrive/satellite_change_detection/masks/Bengaluru/Bengaluru_r03_c07_2024_2025.png,WATER,0.181,Bengaluru_r03_c07,12.982358076487609,77.67724253807323
0.1190185546875,0.35771089792251587,0.6235142350196838,1,0.1190185546875,Bengaluru,Bengaluru_r03_c07.tif,2025,2026,LIKELY_NO_CHANGE,SCATTERED_CHANGE,False,2020 -> 2022,5,PERSISTENT_CHANGE_SIGNAL,TEMPORAL_ONLY_EVIDENCE,0.00799560546875,0.0052947998046875,0.0172882080078125,0.0070953369140625,1.0,1.0,0.013348474327323064,False,-0.0949697196483612,0.04924112185835838,-0.007090479135513306,1.375,False,NONE_DETECTED,/content/drive/MyDrive/satellite_change_detection/masks/Bengaluru/Bengaluru_r03_c07_2025_2026.png,UNKNOWN,0.017,Bengaluru_r03_c07,12.982358076487609,77.67724253807323
0.36163330078125,0.321866899728775,0.6115059852600098,6,0.091552734375,Bengaluru,Bengaluru_r04_c00.tif,2020,2021,LIKELY_NO_CHANGE,SCATTERED_CHANGE,False,No supported change interval,0,NO_SIGNIFICANT_CHANGE,LOW_PRIORITY_REVIEW,0.0011749267578125,0.0021209716796875,0.000152587890625,0.0001068115234375,1.0,1.0,0.05567936133910556,False,0.019418105483055115,-0.05912858620285988,0.05815878510475159,1.6875,False,NONE_DETECTED,/content/drive/MyDrive/satellite_change_detection/masks/Bengaluru/Bengaluru_r04_c00_2020_2021.png,UNKNOWN,0.026,Bengaluru_r04_c00,12.960879190886264,77.51194130655126
0.33111572265625,0.289071649312973,0.5041072964668274,3,0.2105712890625,Bengaluru,Bengaluru_r04_c00.tif,2021,2022,LIKELY_NO_CHANGE,SCATTERED_CHANGE,False,No supported change interval,0,NO_SIGNIFICANT_CHANGE,LOW_PRIORITY_REVIEW,0.0021209716796875,0.0010833740234375,0.0001068115234375,0.0,1.0,1.0,0.062427127467337855,False,-0.125457763671875,0.059262558817863464,0.004119813442230225,1.3269230769230769,False,NONE_DETECTED,/content/drive/MyDrive/satellite_change_detection/masks/Bengaluru/Bengaluru_r04_c00_2021_2022.png,UNKNOWN,0.023,Bengaluru_r04_c00,12.960879190886264,77.51194130655126
0.48675537109375,0.3930700421333313,0.7420929074287415,4,0.2899169921875,Bengaluru,Bengaluru_r04_c00.tif,2022,2023,LIKELY_NO_CHANGE,SCATTERED_CHANGE,False,No supported change interval,0,NO_SIGNIFICANT_CHANGE,LOW_PRIORITY_REVIEW,0.0010833740234375,0.0012359619140625,0.0,0.0017242431640625,1.0,1.0,0.028057408208890154,False,-0.22513259947299957,0.11320412158966064,0.050578564405441284,2.2222222222222223,False,NONE_DETECTED,/content/drive/MyDrive/satellite_change_detection/masks/Bengaluru/Bengaluru_r04_c00_2022_2023.png,UNKNOWN,0.039,Bengaluru_r04_c00,12.960879190886264,77.51194130655126
0.244140625,0.31959956884384155,0.5880918502807617,3,0.16021728515625,Bengaluru,Bengaluru_r04_c00.tif,2023,2024,LIKELY_NO_CHANGE,SCATTERED_CHANGE,False,No supported change interval,0,NO_SIGNIFICANT_CHANGE,LOW_PRIORITY_REVIEW,0.0012359619140625,0.0013275146484375,0.0017242431640625,0.0,1.0,1.0,0.09950907839076438,False,-0.1010303795337677,0.1385393738746643,-0.0648602843284607,2.2363636363636363,False,NONE_DETECTED,/content/drive/MyDrive/satellite_change_detection/masks/Bengaluru/Bengaluru_r04_c00_2023_2024.png,UNKNOWN,0.018,Bengaluru_r04_c00,12.960879190886264,77.51194130655126
0.7659912109375,0.38758668303489685,1.0,9,0.16326904296875,Bengaluru,Bengaluru_r04_c00.tif,2024,2025,LIKELY_NO_CHANGE,SCATTERED_CHANGE,False,No supported change interval,0,NO_SIGNIFICANT_CHANGE,LOW_PRIORITY_REVIEW,0.0013275146484375,0.002777099609375,0.0,0.00048828125,1.0,1.0,0.014130227457514986,False,-0.014916837215423584,-0.028760522603988647,0.13626468181610107,1.2976190476190477,False,NONE_DETECTED,/content/drive/MyDrive/satellite_change_detection/masks/Bengaluru/Bengaluru_r04_c00_2024_2025.png,UNKNOWN,0.061,Bengaluru_r04_c00,12.960879190886264,77.51194130655126
0.31890869140625,0.2837843894958496,0.497407466173172,3,0.24261474609375,Bengaluru,Bengaluru_r04_c00.tif,2025,2026,LIKELY_NO_CHANGE,SCATTERED_CHANGE,False,No supported change interval,0,NO_SIGNIFICANT_CHANGE,LOW_PRIORITY_REVIEW,0.002777099609375,0.002777099609375,0.00048828125,0.000732421875,1.0,1.0,0.023380073022085043,False,-0.17893511056900024,0.05727211385965347,0.06182056665420532,4.3076923076923075,False,NONE_DETECTED,/content/drive/MyDrive/satellite_change_detection/masks/Bengaluru/Bengaluru_r04_c00_2025_2026.png,UNKNOWN,0.022,Bengaluru_r04_c00,12.960879190886264,77.51194130655126
0.0,0.0,0.0,0,0.0,Bengaluru,Bengaluru_r04_c01.tif,2020,2021,LIKELY_NO_CHANGE,SCATTERED_CHANGE,False,No supported change interval,0,NO_SIGNIFICANT_CHANGE,LOW_PRIORITY_REVIEW,0.001953125,0.00274658203125,7.62939453125e-05,0.000579833984375,1.0,1.0,0.02971225418439019,False,0.0,0.0,0.0,1.0,False,NONE_DETECTED,/content/drive/MyDrive/satellite_change_detection/masks/Bengaluru/Bengaluru_r04_c01_2020_2021.png,UNKNOWN,0.0,Bengaluru_r04_c01,12.960650567468493,77.53552179913513
0.091552734375,0.3365881145000458,0.5597468614578247,2,0.0457763671875,Bengaluru,Bengaluru_r04_c01.tif,2021,2022,LIKELY_NO_CHANGE,SCATTERED_CHANGE,False,No supported change interval,0,NO_SIGNIFICANT_CHANGE,LOW_PRIORITY_REVIEW,0.00274658203125,0.001495361328125,0.000579833984375,0.0,1.0,1.0,0.05567063193887129,False,0.12699174880981445,-0.1301017701625824,0.06942328810691833,4.583333333333333,False,NONE_DETECTED,/content/drive/MyDrive/satellite_change_detection/masks/Bengaluru/Bengaluru_r04_c01_2021_2022.png,UNKNOWN,0.007,Bengaluru_r04_c01,12.960650567468493,77.53552179913513
0.0457763671875,0.25713688135147095,0.4029901921749115,1,0.0457763671875,Bengaluru,Bengaluru_r04_c01.tif,2022,2023,LIKELY_NO_CHANGE,SCATTERED_CHANGE,False,No supported change interval,0,NO_SIGNIFICANT_CHANGE,LOW_PRIORITY_REVIEW,0.001495361328125,0.002227783203125,0.0,0.0001068115234375,1.0,1.0,0.025868942639857815,False,0.1597587913274765,-0.11178198456764221,-0.011439025402069092,1.2,False,NONE_DETECTED,/content/drive/MyDrive/satellite_change_detection/masks/Bengaluru/Bengaluru_r04_c01_2022_2023.png,UNKNOWN,0.003,Bengaluru_r04_c01,12.960650567468493,77.53552179913513
0.146484375,0.40182778239250183,0.6495404243469238,1,0.146484375,Bengaluru,Bengaluru_r04_c01.tif,2023,2024,LIKELY_NO_CHANGE,SCATTERED_CHANGE,False,No supported change interval,0,NO_SIGNIFICANT_CHANGE,LOW_PRIORITY_REVIEW,0.002227783203125,0.003387451171875,0.0001068115234375,0.0,1.0,1.0,0.05206869638063599,False,0.09121716022491455,-0.03587540239095688,-0.24968111515045166,2.142857142857143,False,NONE_DETECTED,/content/drive/MyDrive/satellite_change_detection/masks/Bengaluru/Bengaluru_r04_c01_2023_2024.png,UNKNOWN,0.012,Bengaluru_r04_c01,12.960650567468493,77.53552179913513
0.20751953125,0.3516848683357239,0.6495404243469238,2,0.14495849609375,Bengaluru,Bengaluru_r04_c01.tif,2024,2025,LIKELY_NO_CHANGE,SCATTERED_CHANGE,False,No supported change interval,0,NO_SIGNIFICANT_CHANGE,LOW_PRIORITY_REVIEW,0.003387451171875,0.0055999755859375,0.0,0.0,1.0,1.0,0.034575335834173514,False,0.06530514359474182,-0.08875548839569092,0.17053550481796265,1.7857142857142858,False,NONE_DETECTED,/content/drive/MyDrive/satellite_change_detection/masks/Bengaluru/Bengaluru_r04_c01_2024_2025.png,UNKNOWN,0.016,Bengaluru_r04_c01,12.960650567468493,77.53552179913513
0.0,0.0,0.0,0,0.0,Bengaluru,Bengaluru_r04_c01.tif,2025,2026,LIKELY_NO_CHANGE,SCATTERED_CHANGE,False,No supported change interval,0,NO_SIGNIFICANT_CHANGE,LOW_PRIORITY_REVIEW,0.0055999755859375,0.0047760009765625,0.0,0.0,1.0,1.0,0.012382321915026643,False,0.0,0.0,0.0,1.0,False,NONE_DETECTED,/content/drive/MyDrive/satellite_change_detection/masks/Bengaluru/Bengaluru_r04_c01_2025_2026.png,UNKNOWN,0.0,Bengaluru_r04_c01,12.960650567468493,77.53552179913513
0.09918212890625,0.3367138206958771,0.5655339360237122,2,0.06103515625,Bengaluru,Bengaluru_r04_c02.tif,2020,2021,LIKELY_NO_CHANGE,SCATTERED_CHANGE,False,No supported change interval,0,NO_SIGNIFICANT_CHANGE,LOW_PRIORITY_REVIEW,0.002105712890625,0.003204345703125,0.0010986328125,0.0010833740234375,1.0,1.0,0.04402627155996802,False,0.019091621041297913,0.016075357794761658,-0.04396715760231018,1.2333333333333334,False,NONE_DETECTED,/content/drive/MyDrive/satellite_change_detection/masks/Bengaluru/Bengaluru_r04_c02_2020_2021.png,UNKNOWN,0.007,Bengaluru_r04_c02,12.960419813318424,77.55910183774724
0.28076171875,0.2851507067680359,0.4646211862564087,3,0.1739501953125,Bengaluru,Bengaluru_r04_c02.tif,2021,2022,LIKELY_NO_CHANGE,SCATTERED_CHANGE,False,No supported change interval,0,NO_SIGNIFICANT_CHANGE,LOW_PRIORITY_REVIEW,0.003204345703125,0.001617431640625,0.0010833740234375,1.52587890625e-05,1.0,1.0,0.051221675054081386,False,-0.004908561706542969,0.03120788186788559,-0.01871734857559204,1.5833333333333333,False,NONE_DETECTED,/content/drive/MyDrive/satellite_change_detection/masks/Bengaluru/Bengaluru_r04_c02_2021_2022.png,UNKNOWN,0.019,Bengaluru_r04_c02,12.960419813318424,77.55910183774724
0.20904541015625,0.3625435531139374,0.8382124900817871,2,0.1220703125,Bengaluru,Bengaluru_r04_c02.tif,2022,2023,LIKELY_NO_CHANGE,SCATTERED_CHANGE,False,No supported change interval,0,NO_SIGNIFICANT_CHANGE,LOW_PRIORITY_REVIEW,0.001617431640625,0.0023193359375,1.52587890625e-05,0.00067138671875,1.0,1.0,0.0369436643601521,False,-0.04488691687583923,0.01117357611656189,0.03976741433143616,1.5714285714285714,False,NONE_DETECTED,/content/drive/MyDrive/satellite_change_detection/masks/Bengaluru/Bengaluru_r04_c02_2022_2023.png,UNKNOWN,0.016,Bengaluru_r04_c02,12.960419813318424,77.55910183774724
0.201416015625,0.3837383985519409,0.8422503471374512,3,0.09613037109375,Bengaluru,Bengaluru_r04_c02.tif,2023,2024,LIKELY_NO_CHANGE,SCATTERED_CHANGE,False,No supported change interval,0,NO_SIGNIFICANT_CHANGE,LOW_PRIORITY_REVIEW,0.0023193359375,0.0019378662109375,0.00067138671875,0.0,1.0,1.0,0.0865537984503923,False,-0.22743520140647888,0.10599654912948608,0.1159290075302124,1.3611111111111112,False,NONE_DETECTED,/content/drive/MyDrive/satellite_change_detection/masks/Bengaluru/Bengaluru_r04_c02_2023_2024.png,UNKNOWN,0.016,Bengaluru_r04_c02,12.960419813318424,77.55910183774724
0.3631591796875,0.29854631423950195,0.6761134266853333,3,0.16021728515625,Bengaluru,Bengaluru_r04_c02.tif,2024,2025,LIKELY_NO_CHANGE,SCATTERED_CHANGE,False,No supported change interval,0,NO_SIGNIFICANT_CHANGE,LOW_PRIORITY_REVIEW,0.0019378662109375,0.0038604736328125,0.0,0.0005035400390625,1.0,1.0,0.02329860814128019,False,0.11252154409885406,-0.08274511247873306,-0.0018957257270812988,1.1016949152542372,False,NONE_DETECTED,/content/drive/MyDrive/satellite_change_detection/masks/Bengaluru/Bengaluru_r04_c02_2024_2025.png,UNKNOWN,0.026,Bengaluru_r04_c02,12.960419813318424,77.55910183774724
0.06561279296875,0.29718172550201416,0.4585604667663574,1,0.06561279296875,Bengaluru,Bengaluru_r04_c02.tif,2025,2026,LIKELY_NO_CHANGE,SCATTERED_CHANGE,False,No supported change interval,0,NO_SIGNIFICANT_CHANGE,LOW_PRIORITY_REVIEW,0.0038604736328125,0.0021514892578125,0.0005035400390625,0.0012664794921875,1.0,1.0,0.02902439755809912,False,-0.29670530557632446,0.16897907853126526,0.05167999863624573,1.3333333333333333,False,NONE_DETECTED,/content/drive/MyDrive/satellite_change_detection/masks/Bengaluru/Bengaluru_r04_c02_2025_2026.png,UNKNOWN,0.005,Bengaluru_r04_c02,12.960419813318424,77.55910183774724
0.36468505859375,0.3943493366241455,0.995871365070343,4,0.13885498046875,Bengaluru,Bengaluru_r04_c03.tif,2020,2021,LIKELY_NO_CHANGE,SCATTERED_CHANGE,False,No supported change interval,0,NO_SIGNIFICANT_CHANGE,LOW_PRIORITY_REVIEW,0.002777099609375,0.004241943359375,0.0121002197265625,0.0083160400390625,1.0,1.0,0.0058522813085748835,False,-0.0823998749256134,0.09428966045379639,-0.029671430587768555,2.6790123456790123,False,NONE_DETECTED,/content/drive/MyDrive/satellite_change_detection/masks/Bengaluru/Bengaluru_r04_c03_2020_2021.png,UNKNOWN,0.029,Bengaluru_r04_c03,12.960186928627596,77.58268141817855
0.06103515625,0.23063981533050537,0.2959064841270447,1,0.06103515625,Bengaluru,Bengaluru_r04_c03.tif,2021,2022,LIKELY_NO_CHANGE,SCATTERED_CHANGE,False,No supported change interval,0,NO_SIGNIFICANT_CHANGE,LOW_PRIORITY_REVIEW,0.004241943359375,0.0020904541015625,0.0083160400390625,0.0003662109375,1.0,1.0,0.036855167266489894,False,0.0747164785861969,0.00041363388299942017,-0.062489330768585205,1.1666666666666667,False,NONE_DETECTED,/content/drive/MyDrive/satellite_change_detection/masks/Bengaluru/Bengaluru_r04_c03_2021_2022.png,UNKNOWN,0.004,Bengaluru_r04_c03,12.960186928627596,77.58268141817855
0.2838134765625,0.37242406606674194,1.0,4,0.1007080078125,Bengaluru,Bengaluru_r04_c03.tif,2022,2023,LIKELY_NO_CHANGE,SCATTERED_CHANGE,False,No supported change interval,0,NO_SIGNIFICANT_CHANGE,LOW_PRIORITY_REVIEW,0.0020904541015625,0.0025482177734375,0.0003662109375,0.0037384033203125,1.0,1.0,0.05138591280647613,False,0.08076679706573486,-0.12687817215919495,0.044128358364105225,1.1071428571428572,False,NONE_DETECTED,/content/drive/MyDrive/satellite_change_detection/masks/Bengaluru/Bengaluru_r04_c03_2022_2023.png,UNKNOWN,0.022,Bengaluru_r04_c03,12.960186928627596,77.58268141817855
0.21820068359375,0.3621178865432739,0.6829114556312561,3,0.12664794921875,Bengaluru,Bengaluru_r04_c03.tif,2023,2024,LIKELY_NO_CHANGE,SCATTERED_CHANGE,False,No supported change interval,0,NO_SIGNIFICANT_CHANGE,LOW_PRIORITY_REVIEW,0.0025482177734375,0.0022735595703125,0.0037384033203125,0.0005645751953125,1.0,1.0,0.05448374948586741,False,-0.03396788239479065,0.04222751408815384,-0.015436321496963501,2.5176470588235293,False,NONE_DETECTED,/content/drive/MyDrive/satellite_change_detection/masks/Bengaluru/Bengaluru_r04_c03_2023_2024.png,UNKNOWN,0.017,Bengaluru_r04_c03,12.960186928627596,77.58268141817855
0.1983642578125,0.4548274278640747,0.8132070302963257,4,0.06103515625,Bengaluru,Bengaluru_r04_c03.tif,2024,2025,LIKELY_NO_CHANGE,SCATTERED_CHANGE,False,No supported change interval,0,NO_SIGNIFICANT_CHANGE,LOW_PRIORITY_REVIEW,0.0022735595703125,0.004730224609375,0.0005645751953125,0.0129852294921875,1.0,1.0,0.008630380433712961,False,-0.2705431282520294,0.06642517447471619,0.1597021520137787,1.0755813953488371,False,NONE_DETECTED,/content/drive/MyDrive/satellite_change_detection/masks/Bengaluru/Bengaluru_r04_c03_2024_2025.png,UNKNOWN,0.016,Bengaluru_r04_c03,12.960186928627596,77.58268141817855
0.1373291015625,0.4721255302429199,0.7195718288421631,2,0.091552734375,Bengaluru,Bengaluru_r04_c03.tif,2025,2026,LIKELY_NO_CHANGE,SCATTERED_CHANGE,False,No supported change interval,0,NO_SIGNIFICANT_CHANGE,LOW_PRIORITY_REVIEW,0.004730224609375,0.002899169921875,0.0129852294921875,0.0138092041015625,1.0,1.0,0.008336966050999432,False,-0.03563094139099121,0.05455237627029419,-0.06625562906265259,1.2924528301886793,False,NONE_DETECTED,/content/drive/MyDrive/satellite_change_detection/masks/Bengaluru/Bengaluru_r04_c03_2025_2026.png,UNKNOWN,0.011,Bengaluru_r04_c03,12.960186928627596,77.58268141817855
0.0457763671875,0.30961665511131287,0.4025040864944458,1,0.0457763671875,Bengaluru,Bengaluru_r04_c04.tif,2020,2021,LIKELY_NO_CHANGE,SCATTERED_CHANGE,False,No supported change interval,0,NO_SIGNIFICANT_CHANGE,LOW_PRIORITY_REVIEW,0.0036163330078125,0.0044097900390625,0.0084075927734375,0.0041046142578125,1.0,1.0,0.030580061653044097,False,0.19882315397262573,-0.0542401485145092,-0.057794421911239624,1.2,False,NONE_DETECTED,/content/drive/MyDrive/satellite_change_detection/masks/Bengaluru/Bengaluru_r04_c04_2020_2021.png,UNKNOWN,0.003,Bengaluru_r04_c04,12.95995191358931,77.60626053622036
0.41351318359375,0.41172561049461365,0.8075132369995117,3,0.1983642578125,Bengaluru,Bengaluru_r04_c04.tif,2021,2022,LIKELY_NO_CHANGE,SCATTERED_CHANGE,False,No supported change interval,0,NO_SIGNIFICANT_CHANGE,LOW_PRIORITY_REVIEW,0.0044097900390625,0.0023956298828125,0.0041046142578125,0.00030517578125,1.0,1.0,0.09241774261206136,False,-0.3657883405685425,0.13132739067077637,0.19090798497200012,1.7391304347826086,False,NONE_DETECTED,/content/drive/MyDrive/satellite_change_detection/masks/Bengaluru/Bengaluru_r04_c04_2021_2022.png,UNKNOWN,0.033,Bengaluru_r04_c04,12.95995191358931,77.60626053622036
0.1312255859375,0.43241679668426514,0.7345120906829834,2,0.0732421875,Bengaluru,Bengaluru_r04_c04.tif,2022,2023,LIKELY_NO_CHANGE,SCATTERED_CHANGE,False,No supported change interval,0,NO_SIGNIFICANT_CHANGE,LOW_PRIORITY_REVIEW,0.0023956298828125,0.002227783203125,0.00030517578125,0.0021820068359375,1.0,1.0,0.004691619088545403,False,-0.13875865936279297,-0.05879714712500572,0.1758885383605957,1.2564102564102564,False,NONE_DETECTED,/content/drive/MyDrive/satellite_change_detection/masks/Bengaluru/Bengaluru_r04_c04_2022_2023.png,UNKNOWN,0.011,Bengaluru_r04_c04,12.95995191358931,77.60626053622036
0.03814697265625,0.4218828082084656,0.6621218323707581,1,0.03814697265625,Bengaluru,Bengaluru_r04_c04.tif,2023,2024,LIKELY_NO_CHANGE,SCATTERED_CHANGE,False,No supported change interval,0,NO_SIGNIFICANT_CHANGE,LOW_PRIORITY_REVIEW,0.002227783203125,0.002899169921875,0.0021820068359375,1.52587890625e-05,1.0,1.0,0.04871614330592116,False,-0.09482908248901367,0.24741673469543457,-0.09534463286399841,1.0,False,NONE_DETECTED,/content/drive/MyDrive/satellite_change_detection/masks/Bengaluru/Bengaluru_r04_c04_2023_2024.png,UNKNOWN,0.003,Bengaluru_r04_c04,12.95995191358931,77.60626053622036
0.12054443359375,0.2365182787179947,0.44243165850639343,2,0.0823974609375,Bengaluru,Bengaluru_r04_c04.tif,2024,2025,LIKELY_NO_CHANGE,SCATTERED_CHANGE,False,No supported change interval,0,NO_SIGNIFICANT_CHANGE,LOW_PRIORITY_REVIEW,0.002899169921875,0.0051422119140625,1.52587890625e-05,0.0028228759765625,1.0,1.0,0.025730568347015634,False,0.18573707342147827,-0.1722370833158493,0.011741042137145996,2.539473684210526,False,NONE_DETECTED,/content/drive/MyDrive/satellite_change_detection/masks/Bengaluru/Bengaluru_r04_c04_2024_2025.png,UNKNOWN,0.008,Bengaluru_r04_c04,12.95995191358931,77.60626053622036
0.0457763671875,0.40386757254600525,0.6868486404418945,1,0.0457763671875,Bengaluru,Bengaluru_r04_c04.tif,2025,2026,LIKELY_NO_CHANGE,SCATTERED_CHANGE,False,No supported change interval,0,NO_SIGNIFICANT_CHANGE,LOW_PRIORITY_REVIEW,0.0051422119140625,0.003814697265625,0.0028228759765625,0.0032196044921875,1.0,1.0,0.05366962229902448,False,0.06372477114200592,0.10851550102233887,-0.1808522641658783,1.2,False,NONE_DETECTED,/content/drive/MyDrive/satellite_change_detection/masks/Bengaluru/Bengaluru_r04_c04_2025_2026.png,UNKNOWN,0.004,Bengaluru_r04_c04,12.95995191358931,77.60626053622036
0.2471923828125,0.2535609006881714,0.7039248943328857,3,0.12969970703125,Bengaluru,Bengaluru_r04_c05.tif,2020,2021,LIKELY_NO_CHANGE,SCATTERED_CHANGE,False,2020 -> 2025,2,PERSISTENT_CHANGE_SIGNAL,TEMPORAL_ONLY_EVIDENCE,0.0012664794921875,0.001434326171875,0.029052734375,0.0152740478515625,1.0,1.0,0.03926082394484754,False,0.06022217869758606,-0.005119454115629196,-0.042501628398895264,3.0338983050847457,False,NONE_DETECTED,/content/drive/MyDrive/satellite_change_detection/masks/Bengaluru/Bengaluru_r04_c05_2020_2021.png,UNKNOWN,0.028,Bengaluru_r04_c05,12.95971476839862,77.62983918766447
0.9521484375,0.2754185199737549,0.6357792019844055,7,0.2899169921875,Bengaluru,Bengaluru_r04_c05.tif,2021,2022,LIKELY_NO_CHANGE,SCATTERED_CHANGE,False,2020 -> 2025,2,PERSISTENT_CHANGE_SIGNAL,TEMPORAL_ONLY_EVIDENCE,0.001434326171875,0.0010833740234375,0.0152740478515625,0.000579833984375,1.0,1.0,0.0579199838200953,False,0.13392899930477142,-0.06030098348855972,-0.008444994688034058,1.2517482517482517,False,NONE_DETECTED,/content/drive/MyDrive/satellite_change_detection/masks/Bengaluru/Bengaluru_r04_c05_2021_2022.png,UNKNOWN,0.11,Bengaluru_r04_c05,12.95971476839862,77.62983918766447
0.97198486328125,0.410485178232193,0.9992918968200684,5,0.41351318359375,Bengaluru,Bengaluru_r04_c05.tif,2022,2023,LIKELY_NO_CHANGE,SCATTERED_CHANGE,False,2020 -> 2025,2,PERSISTENT_CHANGE_SIGNAL,TEMPORAL_ONLY_EVIDENCE,0.0010833740234375,0.0010833740234375,0.000579833984375,0.0166168212890625,1.0,1.0,0.061335930110119785,False,-0.06668394804000854,-0.014630317687988281,0.05621916055679321,1.2302158273381294,False,NONE_DETECTED,/content/drive/MyDrive/satellite_change_detection/masks/Bengaluru/Bengaluru_r04_c05_2022_2023.png,UNKNOWN,0.125,Bengaluru_r04_c05,12.95971476839862,77.62983918766447
1.0772705078125,0.30978482961654663,0.731791615486145,9,0.48370361328125,Bengaluru,Bengaluru_r04_c05.tif,2023,2024,LOW_PRIORITY_REVIEW,SCATTERED_CHANGE,False,2020 -> 2025,2,PERSISTENT_CHANGE_SIGNAL,TEMPORAL_ONLY_EVIDENCE,0.0010833740234375,0.0014190673828125,0.0166168212890625,1.52587890625e-05,1.0,1.0,0.05774573305625451,False,-0.09885638952255249,0.039276424795389175,0.01952505111694336,2.02,False,NONE_DETECTED,/content/drive/MyDrive/satellite_change_detection/masks/Bengaluru/Bengaluru_r04_c05_2023_2024.png,UNKNOWN,0.129,Bengaluru_r04_c05,12.95971476839862,77.62983918766447
1.0101318359375,0.36929529905319214,0.818817138671875,9,0.28839111328125,Bengaluru,Bengaluru_r04_c05.tif,2024,2025,LOW_PRIORITY_REVIEW,SCATTERED_CHANGE,False,2020 -> 2025,2,PERSISTENT_CHANGE_SIGNAL,TEMPORAL_ONLY_EVIDENCE,0.0014190673828125,0.00341796875,1.52587890625e-05,0.01397705078125,1.0,1.0,0.04199697816266269,False,-0.13407230377197266,0.03157854080200195,0.12379738688468933,1.0892857142857142,False,NONE_DETECTED,/content/drive/MyDrive/satellite_change_detection/masks/Bengaluru/Bengaluru_r04_c05_2024_2025.png,UNKNOWN,0.126,Bengaluru_r04_c05,12.95971476839862,77.62983918766447
1.10015869140625,0.4501931071281433,0.9323134422302246,6,0.7476806640625,Bengaluru,Bengaluru_r04_c05.tif,2025,2026,LOW_PRIORITY_REVIEW,SCATTERED_CHANGE,False,2020 -> 2025,2,PERSISTENT_CHANGE_SIGNAL,TEMPORAL_ONLY_EVIDENCE,0.00341796875,0.0025177001953125,0.01397705078125,0.0234832763671875,1.0,1.0,0.02769756465846991,False,-0.26880234479904175,0.08646823465824127,0.05981588363647461,1.1065989847715736,False,NONE_DETECTED,/content/drive/MyDrive/satellite_change_detection/masks/Bengaluru/Bengaluru_r04_c05_2025_2026.png,VEGETATION_LOSS,0.143,Bengaluru_r04_c05,12.95971476839862,77.62983918766447
0.23345947265625,0.30703651905059814,0.5290957093238831,3,0.13885498046875,Bengaluru,Bengaluru_r04_c06.tif,2020,2021,LIKELY_NO_CHANGE,SCATTERED_CHANGE,False,No supported change interval,0,NO_SIGNIFICANT_CHANGE,LOW_PRIORITY_REVIEW,0.0059051513671875,0.006317138671875,0.0110931396484375,0.00634765625,1.0,1.0,0.04391190003328604,False,0.06203445792198181,0.041108861565589905,-0.07500416040420532,11.333333333333334,False,NONE_DETECTED,/content/drive/MyDrive/satellite_change_detection/masks/Bengaluru/Bengaluru_r04_c06_2020_2021.png,UNKNOWN,0.017,Bengaluru_r04_c06,12.959475493252336,77.65341736830311
0.091552734375,0.2625683546066284,0.4308917224407196,2,0.05340576171875,Bengaluru,Bengaluru_r04_c06.tif,2021,2022,LIKELY_NO_CHANGE,SCATTERED_CHANGE,False,No supported change interval,0,NO_SIGNIFICANT_CHANGE,LOW_PRIORITY_REVIEW,0.006317138671875,0.0043792724609375,0.00634765625,0.00030517578125,1.0,1.0,0.07221345512975472,False,0.19001178443431854,-0.03385094180703163,-0.07377764582633972,2.8333333333333335,True,SEASONAL_VARIATION_LIKELY,/content/drive/MyDrive/satellite_change_detection/masks/Bengaluru/Bengaluru_r04_c06_2021_2022.png,UNKNOWN,0.005,Bengaluru_r04_c06,12.959475493252336,77.65341736830311
0.29754638671875,0.3351093828678131,0.6534371376037598,5,0.1220703125,Bengaluru,Bengaluru_r04_c06.tif,2022,2023,LIKELY_NO_CHANGE,SCATTERED_CHANGE,False,No supported change interval,0,NO_SIGNIFICANT_CHANGE,LOW_PRIORITY_REVIEW,0.0043792724609375,0.0057220458984375,0.00030517578125,0.002044677734375,1.0,1.0,0.029288748496140257,False,-0.08555446565151215,-0.0031015723943710327,0.09994415938854218,1.3485714285714285,False,NONE_DETECTED,/content/drive/MyDrive/satellite_change_detection/masks/Bengaluru/Bengaluru_r04_c06_2022_2023.png,UNKNOWN,0.022,Bengaluru_r04_c06,12.959475493252336,77.65341736830311
0.640869140625,0.2628323435783386,0.7913205027580261,4,0.299072265625,Bengaluru,Bengaluru_r04_c06.tif,2023,2024,LIKELY_NO_CHANGE,SCATTERED_CHANGE,False,No supported change interval,0,NO_SIGNIFICANT_CHANGE,LOW_PRIORITY_REVIEW,0.0057220458984375,0.00604248046875,0.002044677734375,0.00030517578125,1.0,1.0,0.07070408036171527,False,-0.23118239641189575,0.10638099908828735,0.054292649030685425,1.6181818181818182,False,NONE_DETECTED,/content/drive/MyDrive/satellite_change_detection/masks/Bengaluru/Bengaluru_r04_c06_2023_2024.png,UNKNOWN,0.043,Bengaluru_r04_c06,12.959475493252336,77.65341736830311
0.49896240234375,0.32656458020210266,0.7017732858657837,5,0.26397705078125,Bengaluru,Bengaluru_r04_c06.tif,2024,2025,LIKELY_NO_CHANGE,SCATTERED_CHANGE,False,No supported change interval,0,NO_SIGNIFICANT_CHANGE,LOW_PRIORITY_REVIEW,0.00604248046875,0.008544921875,0.00030517578125,0.00604248046875,1.0,1.0,0.055377701587330797,False,-0.12009303271770477,0.026056461036205292,0.05453714728355408,1.4,False,NONE_DETECTED,/content/drive/MyDrive/satellite_change_detection/masks/Bengaluru/Bengaluru_r04_c06_2024_2025.png,UNKNOWN,0.037,Bengaluru_r04_c06,12.959475493252336,77.65341736830311
0.68817138671875,0.36176246404647827,0.7456665635108948,8,0.21514892578125,Bengaluru,Bengaluru_r04_c06.tif,2025,2026,LIKELY_NO_CHANGE,SCATTERED_CHANGE,False,No supported change interval,0,NO_SIGNIFICANT_CHANGE,LOW_PRIORITY_REVIEW,0.008544921875,0.006378173828125,0.00604248046875,0.00433349609375,1.0,1.0,0.06537331652317102,False,-0.17193834483623505,0.059050947427749634,0.09383973479270935,1.7230769230769232,False,NONE_DETECTED,/content/drive/MyDrive/satellite_change_detection/masks/Bengaluru/Bengaluru_r04_c06_2025_2026.png,UNKNOWN,0.053,Bengaluru_r04_c06,12.959475493252336,77.65341736830311
0.49285888671875,0.2806205451488495,0.7373883724212646,8,0.12969970703125,Bengaluru,Bengaluru_r04_c07.tif,2020,2021,LIKELY_NO_CHANGE,SCATTERED_CHANGE,False,2020 -> 2024,2,PERSISTENT_CHANGE_SIGNAL,TEMPORAL_ONLY_EVIDENCE,0.0068511962890625,0.0054779052734375,0.008941650390625,0.0058135986328125,1.0,1.0,0.018416085286478624,False,-0.10213696956634521,0.07875280827283859,-0.005942255258560181,1.101522842639594,False,NONE_DETECTED,/content/drive/MyDrive/satellite_change_detection/masks/Bengaluru/Bengaluru_r04_c07_2020_2021.png,UNKNOWN,0.057,Bengaluru_r04_c07,12.95923408834905,77.67699507392895
1.00860595703125,0.2831967771053314,0.845310389995575,3,0.88958740234375,Bengaluru,Bengaluru_r04_c07.tif,2021,2022,LOW_PRIORITY_REVIEW,SCATTERED_CHANGE,False,2020 -> 2024,2,PERSISTENT_CHANGE_SIGNAL,TEMPORAL_ONLY_EVIDENCE,0.0054779052734375,0.0030517578125,0.0058135986328125,0.00018310546875,1.0,1.0,0.09084935454803279,False,0.030666738748550415,-0.128061443567276,0.3173111081123352,1.4896551724137932,False,NONE_DETECTED,/content/drive/MyDrive/satellite_change_detection/masks/Bengaluru/Bengaluru_r04_c07_2021_2022.png,WATER,0.12,Bengaluru_r04_c07,12.95923408834905,77.67699507392895
0.24261474609375,0.48161834478378296,0.8842397332191467,2,0.1739501953125,Bengaluru,Bengaluru_r04_c07.tif,2022,2023,LIKELY_NO_CHANGE,SCATTERED_CHANGE,False,2020 -> 2024,2,PERSISTENT_CHANGE_SIGNAL,TEMPORAL_ONLY_EVIDENCE,0.0030517578125,0.002197265625,0.00018310546875,0.0053558349609375,1.0,1.0,0.012677806746991992,False,-0.3529961109161377,0.11384552717208862,0.1306438148021698,13.0,False,NONE_DETECTED,/content/drive/MyDrive/satellite_change_detection/masks/Bengaluru/Bengaluru_r04_c07_2022_2023.png,ROAD_INFRASTRUCTURE,0.031,Bengaluru_r04_c07,12.95923408834905,77.67699507392895
2.0233154296875,0.3338301181793213,0.7513591051101685,10,0.74462890625,Bengaluru,Bengaluru_r04_c07.tif,2023,2024,LOW_PRIORITY_REVIEW,SCATTERED_CHANGE,True,2020 -> 2024,2,PERSISTENT_CHANGE_SIGNAL,TEMPORAL_ONLY_EVIDENCE,0.002197265625,0.0026702880859375,0.0053558349609375,0.0005340576171875,1.0,1.0,0.06501521624208077,False,-0.3810817003250122,0.23298168182373047,0.07424056529998779,1.5534591194968554,False,NONE_DETECTED,/content/drive/MyDrive/satellite_change_detection/masks/Bengaluru/Bengaluru_r04_c07_2023_2024.png,CONSTRUCTION,0.25,Bengaluru_r04_c07,12.95923408834905,77.67699507392895
1.45721435546875,0.3075997531414032,0.7741584777832031,9,0.3875732421875,Bengaluru,Bengaluru_r04_c07.tif,2024,2025,LOW_PRIORITY_REVIEW,SCATTERED_CHANGE,False,2020 -> 2024,2,PERSISTENT_CHANGE_SIGNAL,TEMPORAL_ONLY_EVIDENCE,0.0026702880859375,0.005859375,0.0005340576171875,0.00604248046875,1.0,1.0,0.031605170780792974,False,0.17301015555858612,-0.1350923776626587,0.0067906975746154785,1.0845771144278606,False,NONE_DETECTED,/content/drive/MyDrive/satellite_change_detection/masks/Bengaluru/Bengaluru_r04_c07_2024_2025.png,VEGETATION_GAIN,0.174,Bengaluru_r04_c07,12.95923408834905,77.67699507392895
0.78887939453125,0.3584495484828949,0.9245279431343079,10,0.15869140625,Bengaluru,Bengaluru_r04_c07.tif,2025,2026,LIKELY_NO_CHANGE,SCATTERED_CHANGE,False,2020 -> 2024,2,PERSISTENT_CHANGE_SIGNAL,TEMPORAL_ONLY_EVIDENCE,0.005859375,0.0044403076171875,0.00604248046875,0.0027923583984375,1.0,1.0,0.026886707032941264,False,-0.2060742974281311,0.12461630254983902,0.04674980044364929,1.387878787878788,False,NONE_DETECTED,/content/drive/MyDrive/satellite_change_detection/masks/Bengaluru/Bengaluru_r04_c07_2025_2026.png,CONSTRUCTION,0.097,Bengaluru_r04_c07,12.95923408834905,77.67699507392895
0.48828125,0.3025878071784973,0.882763147354126,7,0.18768310546875,Bengaluru,Bengaluru_r05_c00.tif,2020,2021,LIKELY_NO_CHANGE,SCATTERED_CHANGE,False,2020 -> 2023,4,PERSISTENT_CHANGE_SIGNAL,TEMPORAL_ONLY_EVIDENCE,0.003753662109375,0.00360107421875,0.00079345703125,0.0001678466796875,1.0,1.0,0.032917662615267886,False,-0.038830578327178955,0.014227841049432755,0.04398012161254883,1.3578947368421053,False,NONE_DETECTED,/content/drive/MyDrive/satellite_change_detection/masks/Bengaluru/Bengaluru_r05_c00_2020_2021.png,UNKNOWN,0.069,Bengaluru_r05_c00,12.937752123249757,77.51170950949053
1.16119384765625,0.3821200728416443,0.9840648174285889,10,0.40435791015625,Bengaluru,Bengaluru_r05_c00.tif,2021,2022,LOW_PRIORITY_REVIEW,SCATTERED_CHANGE,False,2020 -> 2023,4,PERSISTENT_CHANGE_SIGNAL,TEMPORAL_ONLY_EVIDENCE,0.00360107421875,0.00225830078125,0.0001678466796875,0.0,1.0,1.0,0.10188616497186417,False,-0.06757622957229614,0.028201673179864883,0.025231271982192993,1.1521739130434783,False,NONE_DETECTED,/content/drive/MyDrive/satellite_change_detection/masks/Bengaluru/Bengaluru_r05_c00_2021_2022.png,UNKNOWN,0.174,Bengaluru_r05_c00,12.937752123249757,77.51170950949053
1.123046875,0.35553625226020813,0.9181339144706726,10,0.2593994140625,Bengaluru,Bengaluru_r05_c00.tif,2022,2023,LOW_PRIORITY_REVIEW,SCATTERED_CHANGE,False,2020 -> 2023,4,PERSISTENT_CHANGE_SIGNAL,TEMPORAL_ONLY_EVIDENCE,0.00225830078125,0.00390625,0.0,0.001861572265625,1.0,1.0,0.04273132537790982,False,-0.16876646876335144,0.08822626620531082,0.05250552296638489,1.2163461538461537,False,NONE_DETECTED,/content/drive/MyDrive/satellite_change_detection/masks/Bengaluru/Bengaluru_r05_c00_2022_2023.png,VEGETATION_LOSS,0.165,Bengaluru_r05_c00,12.937752123249757,77.51170950949053
0.97808837890625,0.37007978558540344,0.940851092338562,5,0.4241943359375,Bengaluru,Bengaluru_r05_c00.tif,2023,2024,LIKELY_NO_CHANGE,SCATTERED_CHANGE,False,2020 -> 2023,4,PERSISTENT_CHANGE_SIGNAL,TEMPORAL_ONLY_EVIDENCE,0.00390625,0.0040130615234375,0.001861572265625,0.0,1.0,1.0,0.048874678669749164,False,-0.2800596356391907,0.16354238986968994,0.03338891267776489,1.008888888888889,False,NONE_DETECTED,/content/drive/MyDrive/satellite_change_detection/masks/Bengaluru/Bengaluru_r05_c00_2023_2024.png,CONSTRUCTION,0.146,Bengaluru_r05_c00,12.937752123249757,77.51170950949053
0.79498291015625,0.35106074810028076,0.8308168649673462,8,0.20294189453125,Bengaluru,Bengaluru_r05_c00.tif,2024,2025,LIKELY_NO_CHANGE,SCATTERED_CHANGE,False,2020 -> 2023,4,PERSISTENT_CHANGE_SIGNAL,TEMPORAL_ONLY_EVIDENCE,0.0040130615234375,0.0044097900390625,0.0,0.001220703125,1.0,1.0,0.06492178562971128,False,0.029488563537597656,-0.012687891721725464,-0.02552640438079834,1.2272727272727273,False,NONE_DETECTED,/content/drive/MyDrive/satellite_change_detection/masks/Bengaluru/Bengaluru_r05_c00_2024_2025.png,UNKNOWN,0.116,Bengaluru_r05_c00,12.937752123249757,77.51170950949053
0.85296630859375,0.3254584074020386,0.7042973637580872,9,0.22735595703125,Bengaluru,Bengaluru_r05_c00.tif,2025,2026,LIKELY_NO_CHANGE,SCATTERED_CHANGE,False,2020 -> 2023,4,PERSISTENT_CHANGE_SIGNAL,TEMPORAL_ONLY_EVIDENCE,0.0044097900390625,0.0039215087890625,0.001220703125,0.0037689208984375,1.0,1.0,0.01434802086777876,False,-0.14796993136405945,0.02442701905965805,0.08933115005493164,1.1179039301310043,False,NONE_DETECTED,/content/drive/MyDrive/satellite_change_detection/masks/Bengaluru/Bengaluru_r05_c00_2025_2026.png,UNKNOWN,0.123,Bengaluru_r05_c00,12.937752123249757,77.51170950949053
0.5828857421875,0.27721405029296875,0.6416490077972412,10,0.1068115234375,Bengaluru,Bengaluru_r05_c01.tif,2020,2021,LIKELY_NO_CHANGE,SCATTERED_CHANGE,False,2020 -> 2023,4,PERSISTENT_CHANGE_SIGNAL,TEMPORAL_ONLY_EVIDENCE,0.0032806396484375,0.0032806396484375,0.00042724609375,0.00042724609375,1.0,1.0,0.026449007016336058,False,0.024211525917053223,0.041505422443151474,-0.03909873962402344,1.683453237410072,False,NONE_DETECTED,/content/drive/MyDrive/satellite_change_detection/masks/Bengaluru/Bengaluru_r05_c01_2020_2021.png,UNKNOWN,0.081,Bengaluru_r05_c01,12.93752392145991,77.53528783176951
0.47149658203125,0.3792897164821625,1.0,3,0.3875732421875,Bengaluru,Bengaluru_r05_c01.tif,2021,2022,LIKELY_NO_CHANGE,SCATTERED_CHANGE,False,2020 -> 2023,4,PERSISTENT_CHANGE_SIGNAL,TEMPORAL_ONLY_EVIDENCE,0.0032806396484375,0.00274658203125,0.00042724609375,4.57763671875e-05,1.0,1.0,0.08486426915007192,False,0.06595630943775177,-0.1021127849817276,0.07014927268028259,1.240506329113924,False,NONE_DETECTED,/content/drive/MyDrive/satellite_change_detection/masks/Bengaluru/Bengaluru_r05_c01_2021_2022.png,UNKNOWN,0.071,Bengaluru_r05_c01,12.93752392145991,77.53528783176951
1.10321044921875,0.35625553131103516,0.8884418606758118,9,0.39215087890625,Bengaluru,Bengaluru_r05_c01.tif,2022,2023,LOW_PRIORITY_REVIEW,SCATTERED_CHANGE,False,2020 -> 2023,4,PERSISTENT_CHANGE_SIGNAL,TEMPORAL_ONLY_EVIDENCE,0.00274658203125,0.0033416748046875,4.57763671875e-05,0.000213623046875,1.0,1.0,0.01717413434363638,False,-0.12119626998901367,0.07831629365682602,0.017514586448669434,1.315217391304348,False,NONE_DETECTED,/content/drive/MyDrive/satellite_change_detection/masks/Bengaluru/Bengaluru_r05_c01_2022_2023.png,UNKNOWN,0.163,Bengaluru_r05_c01,12.93752392145991,77.53528783176951
1.52130126953125,0.29330992698669434,0.6518959403038025,9,0.69427490234375,Bengaluru,Bengaluru_r05_c01.tif,2023,2024,LOW_PRIORITY_REVIEW,SCATTERED_CHANGE,False,2020 -> 2023,4,PERSISTENT_CHANGE_SIGNAL,TEMPORAL_ONLY_EVIDENCE,0.0033416748046875,0.00396728515625,0.000213623046875,0.0,1.0,1.0,0.06735281682835888,False,-0.1636505275964737,0.06241491436958313,0.05240461230278015,2.115702479338843,False,NONE_DETECTED,/content/drive/MyDrive/satellite_change_detection/masks/Bengaluru/Bengaluru_r05_c01_2023_2024.png,VEGETATION_LOSS,0.217,Bengaluru_r05_c01,12.93752392145991,77.53528783176951
1.33056640625,0.31987428665161133,0.833052933216095,12,0.4058837890625,Bengaluru,Bengaluru_r05_c01.tif,2024,2025,LOW_PRIORITY_REVIEW,SCATTERED_CHANGE,False,2020 -> 2023,4,PERSISTENT_CHANGE_SIGNAL,TEMPORAL_ONLY_EVIDENCE,0.00396728515625,0.0047607421875,0.0,0.0003509521484375,1.0,1.0,0.017704359240858874,False,0.053724899888038635,-0.01791677623987198,-0.018338024616241455,1.624,False,NONE_DETECTED,/content/drive/MyDrive/satellite_change_detection/masks/Bengaluru/Bengaluru_r05_c01_2024_2025.png,UNKNOWN,0.192,Bengaluru_r05_c01,12.93752392145991,77.53528783176951
2.27203369140625,0.3017956614494324,0.9682758450508118,9,0.99639892578125,Bengaluru,Bengaluru_r05_c01.tif,2025,2026,LOW_PRIORITY_REVIEW,SCATTERED_CHANGE,True,2020 -> 2023,4,PERSISTENT_CHANGE_SIGNAL,TEMPORAL_ONLY_EVIDENCE,0.0047607421875,0.00421142578125,0.0003509521484375,0.0001678466796875,1.0,1.0,0.030733479474379925,False,-0.16677606105804443,0.06336578726768494,0.0626017153263092,1.3372781065088757,False,NONE_DETECTED,/content/drive/MyDrive/satellite_change_detection/masks/Bengaluru/Bengaluru_r05_c01_2025_2026.png,VEGETATION_LOSS,0.33,Bengaluru_r05_c01,12.93752392145991,77.53528783176951
0.0,0.0,0.0,0,0.0,Bengaluru,Bengaluru_r05_c02.tif,2020,2021,LIKELY_NO_CHANGE,SCATTERED_CHANGE,False,No supported change interval,0,NO_SIGNIFICANT_CHANGE,LOW_PRIORITY_REVIEW,0.00152587890625,0.0017547607421875,0.000640869140625,0.001861572265625,1.0,1.0,0.015236292293493284,False,0.0,0.0,0.0,1.0,False,NONE_DETECTED,/content/drive/MyDrive/satellite_change_detection/masks/Bengaluru/Bengaluru_r05_c02_2020_2021.png,UNKNOWN,0.0,Bengaluru_r05_c02,12.937293592866508,77.55886570027704
0.0,0.0,0.0,0,0.0,Bengaluru,Bengaluru_r05_c02.tif,2021,2022,LIKELY_NO_CHANGE,SCATTERED_CHANGE,False,No supported change interval,0,NO_SIGNIFICANT_CHANGE,LOW_PRIORITY_REVIEW,0.0017547607421875,0.001312255859375,0.001861572265625,3.0517578125e-05,1.0,1.0,0.03832523390768539,False,0.0,0.0,0.0,1.0,False,NONE_DETECTED,/content/drive/MyDrive/satellite_change_detection/masks/Bengaluru/Bengaluru_r05_c02_2021_2022.png,UNKNOWN,0.0,Bengaluru_r05_c02,12.937293592866508,77.55886570027704
0.05340576171875,0.46188342571258545,0.7869791984558105,1,0.05340576171875,Bengaluru,Bengaluru_r05_c02.tif,2022,2023,LIKELY_NO_CHANGE,SCATTERED_CHANGE,False,No supported change interval,0,NO_SIGNIFICANT_CHANGE,LOW_PRIORITY_REVIEW,0.001312255859375,0.002044677734375,3.0517578125e-05,0.0003204345703125,1.0,1.0,0.025682329128073143,False,-0.12312234938144684,-0.05969929322600365,0.1848737597465515,1.0,False,NONE_DETECTED,/content/drive/MyDrive/satellite_change_detection/masks/Bengaluru/Bengaluru_r05_c02_2022_2023.png,UNKNOWN,0.004,Bengaluru_r05_c02,12.937293592866508,77.55886570027704
0.0,0.0,0.0,0,0.0,Bengaluru,Bengaluru_r05_c02.tif,2023,2024,LIKELY_NO_CHANGE,SCATTERED_CHANGE,False,No supported change interval,0,NO_SIGNIFICANT_CHANGE,LOW_PRIORITY_REVIEW,0.002044677734375,0.001983642578125,0.0003204345703125,0.0,1.0,1.0,0.07538827564318652,False,0.0,0.0,0.0,1.0,False,NONE_DETECTED,/content/drive/MyDrive/satellite_change_detection/masks/Bengaluru/Bengaluru_r05_c02_2023_2024.png,UNKNOWN,0.0,Bengaluru_r05_c02,12.937293592866508,77.55886570027704
0.0,0.0,0.0,0,0.0,Bengaluru,Bengaluru_r05_c02.tif,2024,2025,LIKELY_NO_CHANGE,SCATTERED_CHANGE,False,No supported change interval,0,NO_SIGNIFICANT_CHANGE,LOW_PRIORITY_REVIEW,0.001983642578125,0.0036773681640625,0.0,0.00042724609375,1.0,1.0,0.023978881431267196,False,0.0,0.0,0.0,1.0,False,NONE_DETECTED,/content/drive/MyDrive/satellite_change_detection/masks/Bengaluru/Bengaluru_r05_c02_2024_2025.png,UNKNOWN,0.0,Bengaluru_r05_c02,12.937293592866508,77.55886570027704
0.10833740234375,0.43416616320610046,0.7890505790710449,2,0.06256103515625,Bengaluru,Bengaluru_r05_c02.tif,2025,2026,LIKELY_NO_CHANGE,SCATTERED_CHANGE,False,No supported change interval,0,NO_SIGNIFICANT_CHANGE,LOW_PRIORITY_REVIEW,0.0036773681640625,0.00311279296875,0.00042724609375,0.0009613037109375,1.0,1.0,0.013295578283029493,False,-0.18824219703674316,0.02209186553955078,0.11200180649757385,1.1616161616161615,True,SEASONAL_VARIATION_LIKELY,/content/drive/MyDrive/satellite_change_detection/masks/Bengaluru/Bengaluru_r05_c02_2025_2026.png,UNKNOWN,0.007,Bengaluru_r05_c02,12.937293592866508,77.55886570027704
0.079345703125,0.2688511610031128,0.4777844548225403,1,0.079345703125,Bengaluru,Bengaluru_r05_c03.tif,2020,2021,LIKELY_NO_CHANGE,SCATTERED_CHANGE,False,No supported change interval,0,NO_SIGNIFICANT_CHANGE,LOW_PRIORITY_REVIEW,0.0028076171875,0.0034942626953125,0.0096893310546875,0.0070648193359375,1.0,1.0,0.011645001731578689,False,0.047036975622177124,-0.11762255430221558,0.06504547595977783,1.1428571428571428,False,NONE_DETECTED,/content/drive/MyDrive/satellite_change_detection/masks/Bengaluru/Bengaluru_r05_c03_2020_2021.png,UNKNOWN,0.005,Bengaluru_r05_c03,12.937061137660718,77.58244311080585
0.68817138671875,0.3549293875694275,0.6995360255241394,4,0.506591796875,Bengaluru,Bengaluru_r05_c03.tif,2021,2022,LIKELY_NO_CHANGE,SCATTERED_CHANGE,False,No supported change interval,0,NO_SIGNIFICANT_CHANGE,LOW_PRIORITY_REVIEW,0.0034942626953125,0.0029754638671875,0.0070648193359375,0.0006866455078125,1.0,1.0,0.07354491797996077,False,-0.3503836989402771,0.16245660185813904,0.12139004468917847,2.328125,False,NONE_DETECTED,/content/drive/MyDrive/satellite_change_detection/masks/Bengaluru/Bengaluru_r05_c03_2021_2022.png,UNKNOWN,0.054,Bengaluru_r05_c03,12.937061137660718,77.58244311080585
0.40435791015625,0.28208014369010925,0.6030240058898926,4,0.2105712890625,Bengaluru,Bengaluru_r05_c03.tif,2022,2023,LIKELY_NO_CHANGE,SCATTERED_CHANGE,False,No supported change interval,0,NO_SIGNIFICANT_CHANGE,LOW_PRIORITY_REVIEW,0.0029754638671875,0.003753662109375,0.0006866455078125,0.00189208984375,1.0,1.0,0.025423680826969622,False,0.21704822778701782,-0.14911651611328125,-0.004827708005905151,1.0,False,NONE_DETECTED,/content/drive/MyDrive/satellite_change_detection/masks/Bengaluru/Bengaluru_r05_c03_2022_2023.png,UNKNOWN,0.028,Bengaluru_r05_c03,12.937061137660718,77.58244311080585
0.0,0.0,0.0,0,0.0,Bengaluru,Bengaluru_r05_c03.tif,2023,2024,LIKELY_NO_CHANGE,SCATTERED_CHANGE,False,No supported change interval,0,NO_SIGNIFICANT_CHANGE,LOW_PRIORITY_REVIEW,0.003753662109375,0.0027923583984375,0.00189208984375,7.62939453125e-05,1.0,1.0,0.024381928929337198,False,0.0,0.0,0.0,1.0,False,NONE_DETECTED,/content/drive/MyDrive/satellite_change_detection/masks/Bengaluru/Bengaluru_r05_c03_2023_2024.png,UNKNOWN,0.0,Bengaluru_r05_c03,12.937061137660718,77.58244311080585
0.0,0.0,0.0,0,0.0,Bengaluru,Bengaluru_r05_c03.tif,2024,2025,LIKELY_NO_CHANGE,SCATTERED_CHANGE,False,No supported change interval,0,NO_SIGNIFICANT_CHANGE,LOW_PRIORITY_REVIEW,0.0027923583984375,0.004974365234375,7.62939453125e-05,0.003692626953125,1.0,1.0,0.022079255457507843,False,0.0,0.0,0.0,1.0,False,NONE_DETECTED,/content/drive/MyDrive/satellite_change_detection/masks/Bengaluru/Bengaluru_r05_c03_2024_2025.png,UNKNOWN,0.0,Bengaluru_r05_c03,12.937061137660718,77.58244311080585
0.0,0.0,0.0,0,0.0,Bengaluru,Bengaluru_r05_c03.tif,2025,2026,LIKELY_NO_CHANGE,SCATTERED_CHANGE,False,No supported change interval,0,NO_SIGNIFICANT_CHANGE,LOW_PRIORITY_REVIEW,0.004974365234375,0.0044097900390625,0.003692626953125,0.0067291259765625,1.0,1.0,0.028378014408461105,False,0.0,0.0,0.0,1.0,False,NONE_DETECTED,/content/drive/MyDrive/satellite_change_detection/masks/Bengaluru/Bengaluru_r05_c03_2025_2026.png,UNKNOWN,0.0,Bengaluru_r05_c03,12.937061137660718,77.58244311080585
0.7568359375,0.4464438259601593,0.9982110857963562,7,0.286865234375,Bengaluru,Bengaluru_r05_c04.tif,2020,2021,LIKELY_NO_CHANGE,SCATTERED_CHANGE,False,2020 -> 2026,1,SINGLE_INTERVAL_CHANGE,LOW_PRIORITY_REVIEW,0.0092620849609375,0.0125885009765625,0.01544189453125,0.0110015869140625,1.0,1.0,0.04470388014602276,False,0.09546589851379395,-0.06945837289094925,0.06287319958209991,1.2258064516129032,False,NONE_DETECTED,/content/drive/MyDrive/satellite_change_detection/masks/Bengaluru/Bengaluru_r05_c04_2020_2021.png,UNKNOWN,0.079,Bengaluru_r05_c04,12.936826556035472,77.60602005914915
0.18157958984375,0.42440780997276306,0.8894931077957153,4,0.0457763671875,Bengaluru,Bengaluru_r05_c04.tif,2021,2022,LIKELY_NO_CHANGE,SCATTERED_CHANGE,False,2020 -> 2026,1,SINGLE_INTERVAL_CHANGE,LOW_PRIORITY_REVIEW,0.0125885009765625,0.0098724365234375,0.0110015869140625,0.00225830078125,1.0,1.0,0.10488181971745955,False,-0.19619393348693848,0.09355054050683975,0.0762757658958435,3.140845070422535,False,NONE_DETECTED,/content/drive/MyDrive/satellite_change_detection/masks/Bengaluru/Bengaluru_r05_c04_2021_2022.png,UNKNOWN,0.019,Bengaluru_r05_c04,12.936826556035472,77.60602005914915
0.30364990234375,0.34173327684402466,0.660474419593811,4,0.1739501953125,Bengaluru,Bengaluru_r05_c04.tif,2022,2023,LIKELY_NO_CHANGE,SCATTERED_CHANGE,False,2020 -> 2026,1,SINGLE_INTERVAL_CHANGE,LOW_PRIORITY_REVIEW,0.0098724365234375,0.0092620849609375,0.00225830078125,0.0060577392578125,1.0,1.0,0.016120990452843317,False,0.024187996983528137,-0.03653174638748169,0.03255821764469147,1.4193548387096775,False,NONE_DETECTED,/content/drive/MyDrive/satellite_change_detection/masks/Bengaluru/Bengaluru_r05_c04_2022_2023.png,UNKNOWN,0.03,Bengaluru_r05_c04,12.936826556035472,77.60602005914915
0.4608154296875,0.3975431025028229,0.6975447535514832,6,0.201416015625,Bengaluru,Bengaluru_r05_c04.tif,2023,2024,LIKELY_NO_CHANGE,SCATTERED_CHANGE,False,2020 -> 2026,1,SINGLE_INTERVAL_CHANGE,LOW_PRIORITY_REVIEW,0.0092620849609375,0.010498046875,0.0060577392578125,0.0,1.0,1.0,0.07063150557633756,False,-0.26114344596862793,0.11894529312849045,0.07895588874816895,1.1554054054054055,False,NONE_DETECTED,/content/drive/MyDrive/satellite_change_detection/masks/Bengaluru/Bengaluru_r05_c04_2023_2024.png,UNKNOWN,0.048,Bengaluru_r05_c04,12.936826556035472,77.60602005914915
0.1373291015625,0.2701707184314728,0.5926043391227722,2,0.08392333984375,Bengaluru,Bengaluru_r05_c04.tif,2024,2025,LIKELY_NO_CHANGE,SCATTERED_CHANGE,False,2020 -> 2026,1,SINGLE_INTERVAL_CHANGE,LOW_PRIORITY_REVIEW,0.010498046875,0.014984130859375,0.0,0.006072998046875,1.0,1.0,0.018124324110844213,False,0.23042944073677063,-0.1755622774362564,-0.001557767391204834,1.2907801418439717,False,NONE_DETECTED,/content/drive/MyDrive/satellite_change_detection/masks/Bengaluru/Bengaluru_r05_c04_2024_2025.png,UNKNOWN,0.012,Bengaluru_r05_c04,12.936826556035472,77.60602005914915
0.0762939453125,0.4546377658843994,0.7852610349655151,2,0.03814697265625,Bengaluru,Bengaluru_r05_c04.tif,2025,2026,LIKELY_NO_CHANGE,SCATTERED_CHANGE,False,2020 -> 2026,1,SINGLE_INTERVAL_CHANGE,LOW_PRIORITY_REVIEW,0.014984130859375,0.011199951171875,0.006072998046875,0.007415771484375,1.0,1.0,0.0646470039846996,False,0.07842404395341873,0.01219077780842781,-0.08949015289545059,6.933333333333334,False,NONE_DETECTED,/content/drive/MyDrive/satellite_change_detection/masks/Bengaluru/Bengaluru_r05_c04_2025_2026.png,UNKNOWN,0.008,Bengaluru_r05_c04,12.936826556035472,77.60602005914915
0.4638671875,0.28986674547195435,0.5295124053955078,4,0.26092529296875,Bengaluru,Bengaluru_r05_c05.tif,2020,2021,LIKELY_NO_CHANGE,SCATTERED_CHANGE,False,2020 -> 2023,4,PERSISTENT_CHANGE_SIGNAL,TEMPORAL_ONLY_EVIDENCE,0.0030059814453125,0.002899169921875,0.0194244384765625,0.0059051513671875,1.0,1.0,0.012653046313794618,False,-0.1677403748035431,0.08871696144342422,0.04604098200798035,1.0416666666666667,False,NONE_DETECTED,/content/drive/MyDrive/satellite_change_detection/masks/Bengaluru/Bengaluru_r05_c05_2020_2021.png,VEGETATION_LOSS,0.065,Bengaluru_r05_c05,12.936589848185433,77.62959654110057
1.33209228515625,0.36055946350097656,0.9500710964202881,9,0.32196044921875,Bengaluru,Bengaluru_r05_c05.tif,2021,2022,LOW_PRIORITY_REVIEW,SCATTERED_CHANGE,False,2020 -> 2023,4,PERSISTENT_CHANGE_SIGNAL,TEMPORAL_ONLY_EVIDENCE,0.002899169921875,0.0027008056640625,0.0059051513671875,0.001800537109375,1.0,1.0,0.04807161231097534,False,-0.09058383107185364,0.002673223614692688,0.06479543447494507,1.1961722488038278,False,NONE_DETECTED,/content/drive/MyDrive/satellite_change_detection/masks/Bengaluru/Bengaluru_r05_c05_2021_2022.png,UNKNOWN,0.197,Bengaluru_r05_c05,12.936589848185433,77.62959654110057
0.81939697265625,0.31710076332092285,0.6478225588798523,7,0.31890869140625,Bengaluru,Bengaluru_r05_c05.tif,2022,2023,LIKELY_NO_CHANGE,SCATTERED_CHANGE,False,2020 -> 2023,4,PERSISTENT_CHANGE_SIGNAL,TEMPORAL_ONLY_EVIDENCE,0.0027008056640625,0.003082275390625,0.001800537109375,0.0062713623046875,1.0,1.0,0.06660266730153114,False,-0.03502461314201355,0.030589990317821503,0.00010901689529418945,1.3448275862068966,False,NONE_DETECTED,/content/drive/MyDrive/satellite_change_detection/masks/Bengaluru/Bengaluru_r05_c05_2022_2023.png,UNKNOWN,0.117,Bengaluru_r05_c05,12.936589848185433,77.62959654110057
0.9002685546875,0.30229997634887695,0.5989254117012024,9,0.3143310546875,Bengaluru,Bengaluru_r05_c05.tif,2023,2024,LIKELY_NO_CHANGE,SCATTERED_CHANGE,False,2020 -> 2023,4,PERSISTENT_CHANGE_SIGNAL,TEMPORAL_ONLY_EVIDENCE,0.003082275390625,0.0029754638671875,0.0062713623046875,7.62939453125e-05,1.0,1.0,0.0662393889209788,False,-0.23282872140407562,0.09526684135198593,0.08936718106269836,1.1228070175438596,False,NONE_DETECTED,/content/drive/MyDrive/satellite_change_detection/masks/Bengaluru/Bengaluru_r05_c05_2023_2024.png,VEGETATION_LOSS,0.128,Bengaluru_r05_c05,12.936589848185433,77.62959654110057
1.56402587890625,0.265986829996109,0.7988041639328003,11,0.50506591796875,Bengaluru,Bengaluru_r05_c05.tif,2024,2025,LOW_PRIORITY_REVIEW,SCATTERED_CHANGE,False,2020 -> 2023,4,PERSISTENT_CHANGE_SIGNAL,TEMPORAL_ONLY_EVIDENCE,0.0029754638671875,0.005401611328125,7.62939453125e-05,0.0042877197265625,1.0,1.0,0.04638592588825824,False,0.13976071774959564,-0.056879036128520966,-0.06163439154624939,1.1962616822429906,False,NONE_DETECTED,/content/drive/MyDrive/satellite_change_detection/masks/Bengaluru/Bengaluru_r05_c05_2024_2025.png,UNKNOWN,0.218,Bengaluru_r05_c05,12.936589848185433,77.62959654110057
0.63018798828125,0.443617582321167,0.9421461820602417,3,0.50506591796875,Bengaluru,Bengaluru_r05_c05.tif,2025,2026,LIKELY_NO_CHANGE,SCATTERED_CHANGE,False,2020 -> 2023,4,PERSISTENT_CHANGE_SIGNAL,TEMPORAL_ONLY_EVIDENCE,0.005401611328125,0.0043487548828125,0.0042877197265625,0.0171661376953125,1.0,1.0,0.029936309833288488,False,-0.3225913643836975,0.17034506797790527,0.06670138239860535,1.238341968911917,False,NONE_DETECTED,/content/drive/MyDrive/satellite_change_detection/masks/Bengaluru/Bengaluru_r05_c05_2025_2026.png,CONSTRUCTION,0.096,Bengaluru_r05_c05,12.936589848185433,77.62959654110057
6.9427490234375,0.3272532820701599,0.7946978807449341,29,2.0050048828125,Bengaluru,Bengaluru_r05_c06.tif,2020,2021,REVIEW_REQUIRED,MODERATELY_CONNECTED,True,2020 -> 2021,6,PERSISTENT_CHANGE_SIGNAL,MODERATE_EVIDENCE,0.00079345703125,0.000701904296875,0.0444793701171875,0.027191162109375,1.0,1.0,0.06526981121078092,False,-0.2744978368282318,0.17842277884483337,0.09069991111755371,1.02880658436214,False,NONE_DETECTED,/content/drive/MyDrive/satellite_change_detection/masks/Bengaluru/Bengaluru_r05_c06_2020_2021.png,CONSTRUCTION,0.764,Bengaluru_r05_c06,12.936351014307032,77.65317255245414
8.94775390625,0.35777899622917175,0.9626594185829163,20,5.5328369140625,Bengaluru,Bengaluru_r05_c06.tif,2021,2022,MODERATE_STRUCTURED_CHANGE,MODERATELY_CONNECTED,True,2020 -> 2021,6,PERSISTENT_CHANGE_SIGNAL,MODERATE_EVIDENCE,0.000701904296875,0.000823974609375,0.027191162109375,0.0139007568359375,1.0,1.0,0.11757158774466428,False,-0.28182169795036316,0.24674810469150543,0.037215977907180786,1.1330049261083743,False,NONE_DETECTED,/content/drive/MyDrive/satellite_change_detection/masks/Bengaluru/Bengaluru_r05_c06_2021_2022.png,CONSTRUCTION,0.867,Bengaluru_r05_c06,12.936351014307032,77.65317255245414
11.09619140625,0.29418787360191345,0.9173842072486877,18,6.2286376953125,Bengaluru,Bengaluru_r05_c06.tif,2022,2023,MODERATE_STRUCTURED_CHANGE,MODERATELY_CONNECTED,True,2020 -> 2021,6,PERSISTENT_CHANGE_SIGNAL,MODERATE_EVIDENCE,0.000823974609375,0.001617431640625,0.0139007568359375,0.0376739501953125,1.0,1.0,0.07407433392050704,False,-0.2707236409187317,0.1889301836490631,0.04276689887046814,1.0199203187250996,False,NONE_DETECTED,/content/drive/MyDrive/satellite_change_detection/masks/Bengaluru/Bengaluru_r05_c06_2022_2023.png,CONSTRUCTION,0.853,Bengaluru_r05_c06,12.936351014307032,77.65317255245414
15.802001953125,0.351136177778244,0.9662824869155884,20,12.310791015625,Bengaluru,Bengaluru_r05_c06.tif,2023,2024,MODERATE_STRUCTURED_CHANGE,SPATIALLY_CONNECTED,True,2020 -> 2021,6,PERSISTENT_CHANGE_SIGNAL,STRONG_EVIDENCE,0.001617431640625,0.0011138916015625,0.0376739501953125,0.0019073486328125,1.0,1.0,0.13391116740517733,False,-0.13658851385116577,0.048438768833875656,0.0907997190952301,1.0406504065040652,False,NONE_DETECTED,/content/drive/MyDrive/satellite_change_detection/masks/Bengaluru/Bengaluru_r05_c06_2023_2024.png,UNKNOWN,0.976,Bengaluru_r05_c06,12.936351014307032,77.65317255245414
17.76885986328125,0.4353908598423004,0.9462976455688477,18,15.6341552734375,Bengaluru,Bengaluru_r05_c06.tif,2024,2025,MODERATE_STRUCTURED_CHANGE,SPATIALLY_CONNECTED,True,2020 -> 2021,6,PERSISTENT_CHANGE_SIGNAL,STRONG_EVIDENCE,0.0011138916015625,0.0028076171875,0.0019073486328125,0.0211639404296875,1.0,1.0,0.04936167059804993,False,0.18931178748607635,-0.2843765616416931,0.23172205686569214,1.0,False,NONE_DETECTED,/content/drive/MyDrive/satellite_change_detection/masks/Bengaluru/Bengaluru_r05_c06_2024_2025.png,VEGETATION_GAIN,1.0,Bengaluru_r05_c06,12.936351014307032,77.65317255245414
8.465576171875,0.298186331987381,0.8128541707992554,16,2.22320556640625,Bengaluru,Bengaluru_r05_c06.tif,2025,2026,REVIEW_REQUIRED,MODERATELY_CONNECTED,True,2020 -> 2021,6,PERSISTENT_CHANGE_SIGNAL,MODERATE_EVIDENCE,0.0028076171875,0.0019989013671875,0.0211639404296875,0.0277099609375,1.0,1.0,0.06082327431636893,False,-0.2846149504184723,0.22524872422218323,-0.019883453845977783,1.0166666666666666,False,NONE_DETECTED,/content/drive/MyDrive/satellite_change_detection/masks/Bengaluru/Bengaluru_r05_c06_2025_2026.png,CONSTRUCTION,0.755,Bengaluru_r05_c06,12.936351014307032,77.65317255245414
14.24713134765625,0.2895572781562805,0.7363573312759399,31,9.87091064453125,Bengaluru,Bengaluru_r05_c07.tif,2020,2021,MODERATE_STRUCTURED_CHANGE,MODERATELY_CONNECTED,True,2020 -> 2021,6,PERSISTENT_CHANGE_SIGNAL,MODERATE_EVIDENCE,0.0065460205078125,0.009307861328125,0.0833587646484375,0.0135955810546875,1.0,1.0,0.03820128551421207,False,0.03253331780433655,0.10039831697940826,-0.23398268222808838,1.2307692307692308,False,NONE_DETECTED,/content/drive/MyDrive/satellite_change_detection/masks/Bengaluru/Bengaluru_r05_c07_2020_2021.png,WATER,0.942,Bengaluru_r05_c07,12.936110054598466,77.67674808900442
13.226318359375,0.32259678840637207,0.8618876338005066,27,7.33184814453125,Bengaluru,Bengaluru_r05_c07.tif,2021,2022,MODERATE_STRUCTURED_CHANGE,MODERATELY_CONNECTED,True,2020 -> 2021,6,PERSISTENT_CHANGE_SIGNAL,MODERATE_EVIDENCE,0.009307861328125,0.006439208984375,0.0135955810546875,0.028228759765625,1.0,1.0,0.05153163128629055,False,-0.06578812003135681,-0.018869884312152863,0.12532076239585876,1.1130434782608696,False,NONE_DETECTED,/content/drive/MyDrive/satellite_change_detection/masks/Bengaluru/Bengaluru_r05_c07_2021_2022.png,UNKNOWN,0.895,Bengaluru_r05_c07,12.936110054598466,77.67674808900442
6.0546875,0.27039897441864014,0.6879067420959473,26,1.995849609375,Bengaluru,Bengaluru_r05_c07.tif,2022,2023,REVIEW_REQUIRED,SCATTERED_CHANGE,True,2020 -> 2021,6,PERSISTENT_CHANGE_SIGNAL,TEMPORAL_ONLY_EVIDENCE,0.006439208984375,0.00775146484375,0.028228759765625,0.0144195556640625,1.0,1.0,0.017401430689606718,False,-0.1674337387084961,-0.10521737486124039,0.396598756313324,1.1327433628318584,False,NONE_DETECTED,/content/drive/MyDrive/satellite_change_detection/masks/Bengaluru/Bengaluru_r05_c07_2022_2023.png,WATER,0.735,Bengaluru_r05_c07,12.936110054598466,77.67674808900442
5.96160888671875,0.30242419242858887,0.8513432741165161,22,1.25732421875,Bengaluru,Bengaluru_r05_c07.tif,2023,2024,REVIEW_REQUIRED,SCATTERED_CHANGE,True,2020 -> 2021,6,PERSISTENT_CHANGE_SIGNAL,TEMPORAL_ONLY_EVIDENCE,0.00775146484375,0.0116729736328125,0.0144195556640625,0.0008392333984375,1.0,1.0,0.06323403689691295,False,0.014735132455825806,-0.039650753140449524,0.0038406550884246826,1.0534979423868314,False,NONE_DETECTED,/content/drive/MyDrive/satellite_change_detection/masks/Bengaluru/Bengaluru_r05_c07_2023_2024.png,UNKNOWN,0.733,Bengaluru_r05_c07,12.936110054598466,77.67674808900442
8.20465087890625,0.3512362241744995,0.833723783493042,15,3.96270751953125,Bengaluru,Bengaluru_r05_c07.tif,2024,2025,REVIEW_REQUIRED,MODERATELY_CONNECTED,True,2020 -> 2021,6,PERSISTENT_CHANGE_SIGNAL,MODERATE_EVIDENCE,0.0116729736328125,0.0157623291015625,0.0008392333984375,0.0877227783203125,1.0,1.0,0.033929995154679156,False,0.04125484824180603,-0.153285950422287,0.19106166064739227,1.3403141361256545,False,NONE_DETECTED,/content/drive/MyDrive/satellite_change_detection/masks/Bengaluru/Bengaluru_r05_c07_2024_2025.png,WATER,0.825,Bengaluru_r05_c07,12.936110054598466,77.67674808900442
12.3138427734375,0.24516038596630096,0.8020304441452026,7,10.73150634765625,Bengaluru,Bengaluru_r05_c07.tif,2025,2026,MODERATE_STRUCTURED_CHANGE,SPATIALLY_CONNECTED,True,2020 -> 2021,6,PERSISTENT_CHANGE_SIGNAL,STRONG_EVIDENCE,0.0157623291015625,0.0174560546875,0.0877227783203125,0.002899169921875,1.0,1.0,0.05761345799913153,False,-0.29142341017723083,0.2547385096549988,-0.0021600425243377686,1.2893081761006289,False,NONE_DETECTED,/content/drive/MyDrive/satellite_change_detection/masks/Bengaluru/Bengaluru_r05_c07_2025_2026.png,CONSTRUCTION,0.923,Bengaluru_r05_c07,12.936110054598466,77.67674808900442
0.24261474609375,0.3053792119026184,0.5589280128479004,5,0.05950927734375,Bengaluru,Bengaluru_r06_c00.tif,2020,2021,LIKELY_NO_CHANGE,SCATTERED_CHANGE,False,2020 -> 2024,3,PERSISTENT_CHANGE_SIGNAL,TEMPORAL_ONLY_EVIDENCE,0.0050048828125,0.0045166015625,0.0027923583984375,0.0029296875,1.0,1.0,0.0318788920365483,False,0.10366739332675934,-0.0629703551530838,-8.276104927062988e-05,1.3621621621621622,False,NONE_DETECTED,/content/drive/MyDrive/satellite_change_detection/masks/Bengaluru/Bengaluru_r06_c00_2020_2021.png,UNKNOWN,0.034,Bengaluru_r06_c00,12.914625010615127,77.51147816199368
0.30975341796875,0.2447829246520996,0.48729366064071655,5,0.14190673828125,Bengaluru,Bengaluru_r06_c00.tif,2021,2022,LIKELY_NO_CHANGE,SCATTERED_CHANGE,False,2020 -> 2024,3,PERSISTENT_CHANGE_SIGNAL,TEMPORAL_ONLY_EVIDENCE,0.0045166015625,0.0036468505859375,0.0029296875,0.000946044921875,1.0,1.0,0.07020995705982197,False,-0.2516288459300995,0.14613603055477142,0.037644147872924805,1.6827586206896552,False,NONE_DETECTED,/content/drive/MyDrive/satellite_change_detection/masks/Bengaluru/Bengaluru_r06_c00_2021_2022.png,CONSTRUCTION,0.042,Bengaluru_r06_c00,12.914625010615127,77.51147816199368
0.34637451171875,0.33850371837615967,0.8029788732528687,2,0.25177001953125,Bengaluru,Bengaluru_r06_c00.tif,2022,2023,LIKELY_NO_CHANGE,SCATTERED_CHANGE,False,2020 -> 2024,3,PERSISTENT_CHANGE_SIGNAL,TEMPORAL_ONLY_EVIDENCE,0.0036468505859375,0.0045166015625,0.000946044921875,0.00177001953125,1.0,1.0,0.07132848844208449,False,-0.024853289127349854,0.11581601947546005,-0.28579196333885193,8.130434782608695,False,NONE_DETECTED,/content/drive/MyDrive/satellite_change_detection/masks/Bengaluru/Bengaluru_r06_c00_2022_2023.png,WATER,0.05,Bengaluru_r06_c00,12.914625010615127,77.51147816199368
0.6011962890625,0.33789944648742676,0.8228790760040283,9,0.10528564453125,Bengaluru,Bengaluru_r06_c00.tif,2023,2024,LIKELY_NO_CHANGE,SCATTERED_CHANGE,False,2020 -> 2024,3,PERSISTENT_CHANGE_SIGNAL,TEMPORAL_ONLY_EVIDENCE,0.0045166015625,0.0047454833984375,0.00177001953125,0.0,1.0,1.0,0.059574756659490004,False,-0.22757278382778168,0.09048943221569061,0.10756745934486389,2.202020202020202,False,NONE_DETECTED,/content/drive/MyDrive/satellite_change_detection/masks/Bengaluru/Bengaluru_r06_c00_2023_2024.png,VEGETATION_LOSS,0.087,Bengaluru_r06_c00,12.914625010615127,77.51147816199368
0.750732421875,0.3762661814689636,0.8925749063491821,7,0.2288818359375,Bengaluru,Bengaluru_r06_c00.tif,2024,2025,LIKELY_NO_CHANGE,SCATTERED_CHANGE,False,2020 -> 2024,3,PERSISTENT_CHANGE_SIGNAL,TEMPORAL_ONLY_EVIDENCE,0.0047454833984375,0.005401611328125,0.0,0.0015716552734375,1.0,1.0,0.05228404875215338,False,0.02647179365158081,-0.04842487722635269,0.08170151710510254,1.84375,False,NONE_DETECTED,/content/drive/MyDrive/satellite_change_detection/masks/Bengaluru/Bengaluru_r06_c00_2024_2025.png,UNKNOWN,0.112,Bengaluru_r06_c00,12.914625010615127,77.51147816199368
0.457763671875,0.3274995982646942,0.8414399027824402,6,0.189208984375,Bengaluru,Bengaluru_r06_c00.tif,2025,2026,LIKELY_NO_CHANGE,SCATTERED_CHANGE,False,2020 -> 2024,3,PERSISTENT_CHANGE_SIGNAL,TEMPORAL_ONLY_EVIDENCE,0.005401611328125,0.00531005859375,0.0015716552734375,0.000946044921875,1.0,1.0,0.030213210156897537,False,-0.14320628345012665,-0.033803541213274,0.13297611474990845,1.3768115942028984,False,NONE_DETECTED,/content/drive/MyDrive/satellite_change_detection/masks/Bengaluru/Bengaluru_r06_c00_2025_2026.png,UNKNOWN,0.066,Bengaluru_r06_c00,12.914625010615127,77.51147816199368
1.8524169921875,0.369569331407547,0.8525960445404053,11,0.47607421875,Bengaluru,Bengaluru_r06_c01.tif,2020,2021,LOW_PRIORITY_REVIEW,SCATTERED_CHANGE,False,2020 -> 2023,4,PERSISTENT_CHANGE_SIGNAL,TEMPORAL_ONLY_EVIDENCE,0.0014801025390625,0.001739501953125,0.0004730224609375,0.000732421875,1.0,1.0,0.03765647185232217,False,-0.04306408762931824,-0.025852607563138008,0.05584147572517395,1.5341614906832297,False,NONE_DETECTED,/content/drive/MyDrive/satellite_change_detection/masks/Bengaluru/Bengaluru_r06_c01_2020_2021.png,UNKNOWN,0.277,Bengaluru_r06_c01,12.914397230378624,77.53505431817545
1.60064697265625,0.3780257999897003,0.7918969988822937,11,0.35247802734375,Bengaluru,Bengaluru_r06_c01.tif,2021,2022,LOW_PRIORITY_REVIEW,SCATTERED_CHANGE,False,2020 -> 2023,4,PERSISTENT_CHANGE_SIGNAL,TEMPORAL_ONLY_EVIDENCE,0.001739501953125,0.0022125244140625,0.000732421875,7.62939453125e-05,1.0,1.0,0.03869841988175097,False,-0.07067635655403137,0.05828629061579704,0.005819857120513916,1.367816091954023,False,NONE_DETECTED,/content/drive/MyDrive/satellite_change_detection/masks/Bengaluru/Bengaluru_r06_c01_2021_2022.png,UNKNOWN,0.239,Bengaluru_r06_c01,12.914397230378624,77.53505431817545
0.9674072265625,0.2945443391799927,0.6604263782501221,10,0.3570556640625,Bengaluru,Bengaluru_r06_c01.tif,2022,2023,LIKELY_NO_CHANGE,SCATTERED_CHANGE,False,2020 -> 2023,4,PERSISTENT_CHANGE_SIGNAL,TEMPORAL_ONLY_EVIDENCE,0.0022125244140625,0.002105712890625,7.62939453125e-05,0.0004119873046875,1.0,1.0,0.0458473446727329,False,-0.1004703938961029,0.03967493027448654,0.02160707116127014,1.5222929936305734,False,NONE_DETECTED,/content/drive/MyDrive/satellite_change_detection/masks/Bengaluru/Bengaluru_r06_c01_2022_2023.png,UNKNOWN,0.137,Bengaluru_r06_c01,12.914397230378624,77.53505431817545
1.8157958984375,0.31651461124420166,0.7702962160110474,12,0.592041015625,Bengaluru,Bengaluru_r06_c01.tif,2023,2024,LOW_PRIORITY_REVIEW,SCATTERED_CHANGE,False,2020 -> 2023,4,PERSISTENT_CHANGE_SIGNAL,TEMPORAL_ONLY_EVIDENCE,0.002105712890625,0.00274658203125,0.0004119873046875,0.0,1.0,1.0,0.06209550657089227,False,-0.12826481461524963,0.05405491217970848,0.03791514039039612,1.1909547738693467,False,NONE_DETECTED,/content/drive/MyDrive/satellite_change_detection/masks/Bengaluru/Bengaluru_r06_c01_2023_2024.png,UNKNOWN,0.263,Bengaluru_r06_c01,12.914397230378624,77.53505431817545
1.45263671875,0.308630108833313,0.9087463021278381,11,0.5096435546875,Bengaluru,Bengaluru_r06_c01.tif,2024,2025,LOW_PRIORITY_REVIEW,SCATTERED_CHANGE,False,2020 -> 2023,4,PERSISTENT_CHANGE_SIGNAL,TEMPORAL_ONLY_EVIDENCE,0.00274658203125,0.005279541015625,0.0,0.0009002685546875,1.0,1.0,0.03710112096625802,False,0.11707174777984619,-0.04405294358730316,-0.041209518909454346,1.0903225806451613,False,NONE_DETECTED,/content/drive/MyDrive/satellite_change_detection/masks/Bengaluru/Bengaluru_r06_c01_2024_2025.png,UNKNOWN,0.208,Bengaluru_r06_c01,12.914397230378624,77.53505431817545
0.543212890625,0.3418715000152588,0.6719692945480347,8,0.13427734375,Bengaluru,Bengaluru_r06_c01.tif,2025,2026,LIKELY_NO_CHANGE,SCATTERED_CHANGE,False,2020 -> 2023,4,PERSISTENT_CHANGE_SIGNAL,TEMPORAL_ONLY_EVIDENCE,0.005279541015625,0.0047454833984375,0.0009002685546875,0.0004119873046875,1.0,1.0,0.019137230082694995,False,-0.09619873762130737,0.023714154958724976,0.04381060600280762,1.7789473684210526,False,NONE_DETECTED,/content/drive/MyDrive/satellite_change_detection/masks/Bengaluru/Bengaluru_r06_c01_2025_2026.png,UNKNOWN,0.079,Bengaluru_r06_c01,12.914397230378624,77.53505431817545
0.0,0.0,0.0,0,0.0,Bengaluru,Bengaluru_r06_c02.tif,2020,2021,LIKELY_NO_CHANGE,SCATTERED_CHANGE,False,No supported change interval,0,NO_SIGNIFICANT_CHANGE,LOW_PRIORITY_REVIEW,0.001495361328125,0.002288818359375,0.000518798828125,0.0012664794921875,1.0,1.0,0.027253931363494393,False,0.0,0.0,0.0,1.0,False,NONE_DETECTED,/content/drive/MyDrive/satellite_change_detection/masks/Bengaluru/Bengaluru_r06_c02_2020_2021.png,UNKNOWN,0.0,Bengaluru_r06_c02,12.914167327266624,77.55863002078564
0.3753662109375,0.40089893341064453,0.919478178024292,4,0.1739501953125,Bengaluru,Bengaluru_r06_c02.tif,2021,2022,LIKELY_NO_CHANGE,SCATTERED_CHANGE,False,No supported change interval,0,NO_SIGNIFICANT_CHANGE,LOW_PRIORITY_REVIEW,0.002288818359375,0.00140380859375,0.0012664794921875,3.0517578125e-05,1.0,1.0,0.07349994909224278,False,-0.26594021916389465,0.15111124515533447,0.07799732685089111,2.1041666666666665,False,NONE_DETECTED,/content/drive/MyDrive/satellite_change_detection/masks/Bengaluru/Bengaluru_r06_c02_2021_2022.png,UNKNOWN,0.03,Bengaluru_r06_c02,12.914167327266624,77.55863002078564
0.1678466796875,0.3218989670276642,0.5119501352310181,1,0.1678466796875,Bengaluru,Bengaluru_r06_c02.tif,2022,2023,LIKELY_NO_CHANGE,SCATTERED_CHANGE,False,No supported change interval,0,NO_SIGNIFICANT_CHANGE,LOW_PRIORITY_REVIEW,0.00140380859375,0.0024261474609375,3.0517578125e-05,0.0002899169921875,1.0,1.0,0.06936993683130506,False,-0.32180309295654297,0.23229819536209106,-0.00323331356048584,1.0909090909090908,False,NONE_DETECTED,/content/drive/MyDrive/satellite_change_detection/masks/Bengaluru/Bengaluru_r06_c02_2022_2023.png,UNKNOWN,0.012,Bengaluru_r06_c02,12.914167327266624,77.55863002078564
0.24566650390625,0.28452351689338684,0.565890371799469,2,0.19989013671875,Bengaluru,Bengaluru_r06_c02.tif,2023,2024,LIKELY_NO_CHANGE,SCATTERED_CHANGE,False,No supported change interval,0,NO_SIGNIFICANT_CHANGE,LOW_PRIORITY_REVIEW,0.0024261474609375,0.001983642578125,0.0002899169921875,0.0,1.0,1.0,0.08488260468182293,False,-0.24806930124759674,0.113865926861763,0.09018132090568542,2.627659574468085,False,NONE_DETECTED,/content/drive/MyDrive/satellite_change_detection/masks/Bengaluru/Bengaluru_r06_c02_2023_2024.png,UNKNOWN,0.017,Bengaluru_r06_c02,12.914167327266624,77.55863002078564
0.262451171875,0.5733518600463867,0.804526686668396,2,0.22430419921875,Bengaluru,Bengaluru_r06_c02.tif,2024,2025,LIKELY_NO_CHANGE,SCATTERED_CHANGE,False,No supported change interval,0,NO_SIGNIFICANT_CHANGE,LOW_PRIORITY_REVIEW,0.001983642578125,0.0040740966796875,0.0,0.00030517578125,1.0,1.0,0.029893698396673836,False,-0.018967121839523315,-0.2750878930091858,0.5650560855865479,5.823529411764706,False,NONE_DETECTED,/content/drive/MyDrive/satellite_change_detection/masks/Bengaluru/Bengaluru_r06_c02_2024_2025.png,UNKNOWN,0.021,Bengaluru_r06_c02,12.914167327266624,77.55863002078564
0.16632080078125,0.37319085001945496,0.6679266691207886,1,0.16632080078125,Bengaluru,Bengaluru_r06_c02.tif,2025,2026,LIKELY_NO_CHANGE,SCATTERED_CHANGE,False,No supported change interval,0,NO_SIGNIFICANT_CHANGE,LOW_PRIORITY_REVIEW,0.0040740966796875,0.0030975341796875,0.00030517578125,0.000152587890625,1.0,1.0,0.020883199316686335,False,-0.07441818714141846,-0.035501591861248016,0.104402095079422,1.5555555555555556,False,NONE_DETECTED,/content/drive/MyDrive/satellite_change_detection/masks/Bengaluru/Bengaluru_r06_c02_2025_2026.png,UNKNOWN,0.013,Bengaluru_r06_c02,12.914167327266624,77.55863002078564
0.0,0.0,0.0,0,0.0,Bengaluru,Bengaluru_r06_c03.tif,2020,2021,LIKELY_NO_CHANGE,SCATTERED_CHANGE,False,No supported change interval,0,NO_SIGNIFICANT_CHANGE,LOW_PRIORITY_REVIEW,0.0024261474609375,0.003173828125,0.00555419921875,0.003570556640625,1.0,1.0,0.019859712846893064,False,0.0,0.0,0.0,1.0,False,NONE_DETECTED,/content/drive/MyDrive/satellite_change_detection/masks/Bengaluru/Bengaluru_r06_c03_2020_2021.png,UNKNOWN,0.0,Bengaluru_r06_c03,12.913935301469923,77.58220526561878
0.22735595703125,0.3948475122451782,0.9571080803871155,3,0.1129150390625,Bengaluru,Bengaluru_r06_c03.tif,2021,2022,LIKELY_NO_CHANGE,SCATTERED_CHANGE,False,No supported change interval,0,NO_SIGNIFICANT_CHANGE,LOW_PRIORITY_REVIEW,0.003173828125,0.00274658203125,0.003570556640625,7.62939453125e-05,1.0,1.0,0.04240564379540595,False,-0.30368736386299133,0.13480588793754578,0.1624709665775299,1.2745098039215685,False,NONE_DETECTED,/content/drive/MyDrive/satellite_change_detection/masks/Bengaluru/Bengaluru_r06_c03_2021_2022.png,UNKNOWN,0.018,Bengaluru_r06_c03,12.913935301469923,77.58220526561878
0.0457763671875,0.29799211025238037,0.48597627878189087,1,0.0457763671875,Bengaluru,Bengaluru_r06_c03.tif,2022,2023,LIKELY_NO_CHANGE,SCATTERED_CHANGE,False,No supported change interval,0,NO_SIGNIFICANT_CHANGE,LOW_PRIORITY_REVIEW,0.00274658203125,0.0030364990234375,7.62939453125e-05,0.0028533935546875,1.0,1.0,0.04717665986404523,False,0.2249462753534317,-0.08888326585292816,-0.1064528226852417,1.2,False,NONE_DETECTED,/content/drive/MyDrive/satellite_change_detection/masks/Bengaluru/Bengaluru_r06_c03_2022_2023.png,UNKNOWN,0.003,Bengaluru_r06_c03,12.913935301469923,77.58220526561878
0.1129150390625,0.307787150144577,0.46236443519592285,2,0.05950927734375,Bengaluru,Bengaluru_r06_c03.tif,2023,2024,LIKELY_NO_CHANGE,SCATTERED_CHANGE,False,No supported change interval,0,NO_SIGNIFICANT_CHANGE,LOW_PRIORITY_REVIEW,0.0030364990234375,0.0029144287109375,0.0028533935546875,0.0,1.0,1.0,0.039888227290242426,False,-0.13992491364479065,0.05261814221739769,0.048348456621170044,2.342857142857143,False,NONE_DETECTED,/content/drive/MyDrive/satellite_change_detection/masks/Bengaluru/Bengaluru_r06_c03_2023_2024.png,UNKNOWN,0.008,Bengaluru_r06_c03,12.913935301469923,77.58220526561878
0.0,0.0,0.0,0,0.0,Bengaluru,Bengaluru_r06_c03.tif,2024,2025,LIKELY_NO_CHANGE,SCATTERED_CHANGE,False,No supported change interval,0,NO_SIGNIFICANT_CHANGE,LOW_PRIORITY_REVIEW,0.0029144287109375,0.0040283203125,0.0,0.00286865234375,1.0,1.0,0.02346890315020453,False,0.0,0.0,0.0,1.0,False,NONE_DETECTED,/content/drive/MyDrive/satellite_change_detection/masks/Bengaluru/Bengaluru_r06_c03_2024_2025.png,UNKNOWN,0.0,Bengaluru_r06_c03,12.913935301469923,77.58220526561878
0.10986328125,0.3013467490673065,0.668617844581604,2,0.07171630859375,Bengaluru,Bengaluru_r06_c03.tif,2025,2026,LIKELY_NO_CHANGE,SCATTERED_CHANGE,False,No supported change interval,0,NO_SIGNIFICANT_CHANGE,LOW_PRIORITY_REVIEW,0.0040283203125,0.003265380859375,0.00286865234375,0.0040130615234375,1.0,1.0,0.010102288775402396,False,-0.14033257961273193,0.10658498108386993,-0.02541416883468628,3.4411764705882355,False,NONE_DETECTED,/content/drive/MyDrive/satellite_change_detection/masks/Bengaluru/Bengaluru_r06_c03_2025_2026.png,UNKNOWN,0.008,Bengaluru_r06_c03,12.913935301469923,77.58220526561878
1.20086669921875,0.17971770465373993,0.4390060007572174,8,0.7232666015625,Bengaluru,Bengaluru_r06_c04.tif,2020,2021,LOW_PRIORITY_REVIEW,SCATTERED_CHANGE,False,No supported change interval,0,NO_SIGNIFICANT_CHANGE,LOW_PRIORITY_REVIEW,0.0020294189453125,0.00274658203125,0.049285888671875,0.0499267578125,1.0,1.0,0.020265857089567296,False,-0.5678092241287231,0.035584211349487305,0.8493860363960266,1.1243781094527363,True,SEASONAL_VARIATION_LIKELY,/content/drive/MyDrive/satellite_change_detection/masks/Bengaluru/Bengaluru_r06_c04_2020_2021.png,UNKNOWN,0.06,Bengaluru_r06_c04,12.91370115318106,77.60578004846994
0.3326416015625,0.3692711591720581,0.5847781300544739,4,0.1068115234375,Bengaluru,Bengaluru_r06_c04.tif,2021,2022,LIKELY_NO_CHANGE,SCATTERED_CHANGE,False,No supported change interval,0,NO_SIGNIFICANT_CHANGE,LOW_PRIORITY_REVIEW,0.00274658203125,0.0026092529296875,0.0499267578125,0.025390625,1.0,1.0,0.04824870890727495,False,-0.2910512089729309,0.1083371490240097,0.15782776474952698,1.3916083916083917,False,NONE_DETECTED,/content/drive/MyDrive/satellite_change_detection/masks/Bengaluru/Bengaluru_r06_c04_2021_2022.png,UNKNOWN,0.026,Bengaluru_r06_c04,12.91370115318106,77.60578004846994
0.8544921875,0.17376399040222168,0.5205366611480713,2,0.8087158203125,Bengaluru,Bengaluru_r06_c04.tif,2022,2023,LIKELY_NO_CHANGE,SCATTERED_CHANGE,False,No supported change interval,0,NO_SIGNIFICANT_CHANGE,LOW_PRIORITY_REVIEW,0.0026092529296875,0.0031890869140625,0.025390625,0.0484466552734375,1.0,1.0,0.012435695896177672,False,0.5383691191673279,-0.016009032726287842,-0.8945209980010986,1.0566037735849056,True,SEASONAL_VARIATION_LIKELY,/content/drive/MyDrive/satellite_change_detection/masks/Bengaluru/Bengaluru_r06_c04_2022_2023.png,UNKNOWN,0.042,Bengaluru_r06_c04,12.91370115318106,77.60578004846994
1.30767822265625,0.21140094101428986,0.6901833415031433,5,1.05438232421875,Bengaluru,Bengaluru_r06_c04.tif,2023,2024,REVIEW_REQUIRED,SCATTERED_CHANGE,False,No supported change interval,0,NO_SIGNIFICANT_CHANGE,REVIEW_REQUIRED,0.0031890869140625,0.003082275390625,0.0484466552734375,0.00567626953125,1.0,1.0,0.045272191074280696,False,-0.63840651512146,0.10766974091529846,0.6788927316665649,1.009478672985782,False,NONE_DETECTED,/content/drive/MyDrive/satellite_change_detection/masks/Bengaluru/Bengaluru_r06_c04_2023_2024.png,WATER,0.087,Bengaluru_r06_c04,12.91370115318106,77.60578004846994
2.0050048828125,0.1801368147134781,0.32571685314178467,3,1.62506103515625,Bengaluru,Bengaluru_r06_c04.tif,2024,2025,REVIEW_REQUIRED,SCATTERED_CHANGE,True,No supported change interval,0,NO_SIGNIFICANT_CHANGE,REVIEW_REQUIRED,0.003082275390625,0.0055999755859375,0.00567626953125,0.0322113037109375,1.0,1.0,0.06535154250146685,False,0.8635274171829224,-0.23018845915794373,-0.8331595063209534,1.353846153846154,False,NONE_DETECTED,/content/drive/MyDrive/satellite_change_detection/masks/Bengaluru/Bengaluru_r06_c04_2024_2025.png,WATER,0.133,Bengaluru_r06_c04,12.91370115318106,77.60578004846994
0.1312255859375,0.22634434700012207,0.49092867970466614,2,0.08544921875,Bengaluru,Bengaluru_r06_c04.tif,2025,2026,LIKELY_NO_CHANGE,SCATTERED_CHANGE,False,No supported change interval,0,NO_SIGNIFICANT_CHANGE,LOW_PRIORITY_REVIEW,0.0055999755859375,0.0043487548828125,0.0322113037109375,0.0534210205078125,1.0,1.0,0.02161420095623761,False,-0.48189640045166016,0.11357331275939941,0.6774576902389526,2.7857142857142856,False,NONE_DETECTED,/content/drive/MyDrive/satellite_change_detection/masks/Bengaluru/Bengaluru_r06_c04_2025_2026.png,UNKNOWN,0.008,Bengaluru_r06_c04,12.91370115318106,77.60578004846994
1.6326904296875,0.3560730516910553,0.7534966468811035,5,1.29241943359375,Bengaluru,Bengaluru_r06_c05.tif,2020,2021,REVIEW_REQUIRED,SCATTERED_CHANGE,False,2020 -> 2025,2,PERSISTENT_CHANGE_SIGNAL,TEMPORAL_ONLY_EVIDENCE,0.0029449462890625,0.0042572021484375,0.042449951171875,0.054168701171875,1.0,1.0,0.0423989513828714,False,-0.2662603557109833,-0.005342298187315464,0.4524216949939728,1.0531400966183575,True,SEASONAL_VARIATION_LIKELY,/content/drive/MyDrive/satellite_change_detection/masks/Bengaluru/Bengaluru_r06_c05_2020_2021.png,UNKNOWN,0.191,Bengaluru_r06_c05,12.913464882594331,77.62935436513457
0.17242431640625,0.27975571155548096,0.4718073308467865,3,0.08087158203125,Bengaluru,Bengaluru_r06_c05.tif,2021,2022,LIKELY_NO_CHANGE,SCATTERED_CHANGE,False,2020 -> 2025,2,PERSISTENT_CHANGE_SIGNAL,TEMPORAL_ONLY_EVIDENCE,0.0042572021484375,0.00244140625,0.054168701171875,0.0047607421875,1.0,1.0,0.06634047853017937,False,-0.2994919419288635,0.16954483091831207,0.08807352185249329,1.2894736842105263,False,NONE_DETECTED,/content/drive/MyDrive/satellite_change_detection/masks/Bengaluru/Bengaluru_r06_c05_2021_2022.png,CONSTRUCTION,0.02,Bengaluru_r06_c05,12.913464882594331,77.62935436513457
0.5828857421875,0.2812971770763397,0.534969687461853,5,0.37384033203125,Bengaluru,Bengaluru_r06_c05.tif,2022,2023,LIKELY_NO_CHANGE,SCATTERED_CHANGE,False,2020 -> 2025,2,PERSISTENT_CHANGE_SIGNAL,TEMPORAL_ONLY_EVIDENCE,0.00244140625,0.002655029296875,0.0047607421875,0.047119140625,1.0,1.0,0.010586572942331415,False,-0.2616252303123474,0.05281499773263931,0.3591287434101105,1.0175438596491229,False,NONE_DETECTED,/content/drive/MyDrive/satellite_change_detection/masks/Bengaluru/Bengaluru_r06_c05_2022_2023.png,WATER,0.068,Bengaluru_r06_c05,12.913464882594331,77.62935436513457
0.0457763671875,0.3352624177932739,0.5277541875839233,1,0.0457763671875,Bengaluru,Bengaluru_r06_c05.tif,2023,2024,LIKELY_NO_CHANGE,SCATTERED_CHANGE,False,2020 -> 2025,2,PERSISTENT_CHANGE_SIGNAL,TEMPORAL_ONLY_EVIDENCE,0.002655029296875,0.002044677734375,0.047119140625,0.0099639892578125,1.0,1.0,0.05350719230789492,False,-0.030387524515390396,-0.0686577633023262,0.1340256780385971,1.2,False,NONE_DETECTED,/content/drive/MyDrive/satellite_change_detection/masks/Bengaluru/Bengaluru_r06_c05_2023_2024.png,UNKNOWN,0.006,Bengaluru_r06_c05,12.913464882594331,77.62935436513457
0.1739501953125,0.30865076184272766,0.46961474418640137,3,0.07171630859375,Bengaluru,Bengaluru_r06_c05.tif,2024,2025,LIKELY_NO_CHANGE,SCATTERED_CHANGE,False,2020 -> 2025,2,PERSISTENT_CHANGE_SIGNAL,TEMPORAL_ONLY_EVIDENCE,0.002044677734375,0.00384521484375,0.0099639892578125,0.0564727783203125,1.0,1.0,0.010106724030968678,False,0.013685256242752075,0.009798966348171234,-0.008918404579162598,1.3712574850299402,False,NONE_DETECTED,/content/drive/MyDrive/satellite_change_detection/masks/Bengaluru/Bengaluru_r06_c05_2024_2025.png,UNKNOWN,0.021,Bengaluru_r06_c05,12.913464882594331,77.62935436513457
0.03814697265625,0.30844295024871826,0.46351829171180725,1,0.03814697265625,Bengaluru,Bengaluru_r06_c05.tif,2025,2026,LIKELY_NO_CHANGE,SCATTERED_CHANGE,False,2020 -> 2025,2,PERSISTENT_CHANGE_SIGNAL,TEMPORAL_ONLY_EVIDENCE,0.00384521484375,0.002777099609375,0.0564727783203125,0.0501556396484375,1.0,1.0,0.02078377857522313,False,-0.05159386992454529,-0.03763182461261749,0.09758561849594116,1.0,False,NONE_DETECTED,/content/drive/MyDrive/satellite_change_detection/masks/Bengaluru/Bengaluru_r06_c05_2025_2026.png,UNKNOWN,0.004,Bengaluru_r06_c05,12.913464882594331,77.62935436513457
1.26190185546875,0.3187229633331299,0.7286711931228638,5,0.7354736328125,Bengaluru,Bengaluru_r06_c06.tif,2020,2021,LOW_PRIORITY_REVIEW,SCATTERED_CHANGE,False,2020 -> 2022,5,PERSISTENT_CHANGE_SIGNAL,TEMPORAL_ONLY_EVIDENCE,0.0028076171875,0.003509521484375,0.0125885009765625,0.0348968505859375,1.0,1.0,0.049353062469786435,False,-0.20137947797775269,-0.030738990753889084,0.4111887812614441,1.0161943319838056,True,SEASONAL_VARIATION_LIKELY,/content/drive/MyDrive/satellite_change_detection/masks/Bengaluru/Bengaluru_r06_c06_2020_2021.png,UNKNOWN,0.169,Bengaluru_r06_c06,12.913226489905792,77.65292821140856
0.4791259765625,0.2878001630306244,0.5076307654380798,5,0.20904541015625,Bengaluru,Bengaluru_r06_c06.tif,2021,2022,LIKELY_NO_CHANGE,SCATTERED_CHANGE,False,2020 -> 2022,5,PERSISTENT_CHANGE_SIGNAL,TEMPORAL_ONLY_EVIDENCE,0.003509521484375,0.0020904541015625,0.0348968505859375,0.004608154296875,1.0,1.0,0.04936276647337584,False,-0.19751638174057007,0.05281969532370567,0.08095860481262207,1.28,False,NONE_DETECTED,/content/drive/MyDrive/satellite_change_detection/masks/Bengaluru/Bengaluru_r06_c06_2021_2022.png,VEGETATION_LOSS,0.067,Bengaluru_r06_c06,12.913226489905792,77.65292821140856
0.4180908203125,0.3172610104084015,0.5578782558441162,4,0.2349853515625,Bengaluru,Bengaluru_r06_c06.tif,2022,2023,LIKELY_NO_CHANGE,SCATTERED_CHANGE,False,2020 -> 2022,5,PERSISTENT_CHANGE_SIGNAL,TEMPORAL_ONLY_EVIDENCE,0.0020904541015625,0.001922607421875,0.004608154296875,0.0227813720703125,1.0,1.0,0.05004980653335266,False,-0.08739680051803589,0.013188719749450684,0.08686098456382751,1.0158730158730158,False,NONE_DETECTED,/content/drive/MyDrive/satellite_change_detection/masks/Bengaluru/Bengaluru_r06_c06_2022_2023.png,UNKNOWN,0.06,Bengaluru_r06_c06,12.913226489905792,77.65292821140856
0.3692626953125,0.28817465901374817,0.6110302805900574,5,0.152587890625,Bengaluru,Bengaluru_r06_c06.tif,2023,2024,LIKELY_NO_CHANGE,SCATTERED_CHANGE,False,2020 -> 2022,5,PERSISTENT_CHANGE_SIGNAL,TEMPORAL_ONLY_EVIDENCE,0.001922607421875,0.0017547607421875,0.0227813720703125,0.0017852783203125,1.0,1.0,0.13541654041528273,False,-0.16276425123214722,0.13208764791488647,-0.06154349446296692,1.2427184466019416,False,NONE_DETECTED,/content/drive/MyDrive/satellite_change_detection/masks/Bengaluru/Bengaluru_r06_c06_2023_2024.png,CONSTRUCTION,0.052,Bengaluru_r06_c06,12.913226489905792,77.65292821140856
0.146484375,0.3296090066432953,0.7341896295547485,2,0.103759765625,Bengaluru,Bengaluru_r06_c06.tif,2024,2025,LIKELY_NO_CHANGE,SCATTERED_CHANGE,False,2020 -> 2022,5,PERSISTENT_CHANGE_SIGNAL,TEMPORAL_ONLY_EVIDENCE,0.0017547607421875,0.0047760009765625,0.0017852783203125,0.022552490234375,1.0,1.0,0.056193773202620485,False,0.13216550648212433,-0.03693641722202301,-0.07603025436401367,4.266666666666667,False,NONE_DETECTED,/content/drive/MyDrive/satellite_change_detection/masks/Bengaluru/Bengaluru_r06_c06_2024_2025.png,UNKNOWN,0.021,Bengaluru_r06_c06,12.913226489905792,77.65292821140856
0.0,0.0,0.0,0,0.0,Bengaluru,Bengaluru_r06_c06.tif,2025,2026,LIKELY_NO_CHANGE,SCATTERED_CHANGE,False,2020 -> 2022,5,PERSISTENT_CHANGE_SIGNAL,TEMPORAL_ONLY_EVIDENCE,0.0047760009765625,0.003173828125,0.022552490234375,0.0125732421875,1.0,1.0,0.05930867533167515,False,0.0,0.0,0.0,1.0,False,NONE_DETECTED,/content/drive/MyDrive/satellite_change_detection/masks/Bengaluru/Bengaluru_r06_c06_2025_2026.png,UNKNOWN,0.0,Bengaluru_r06_c06,12.913226489905792,77.65292821140856
0.80108642578125,0.3204023540019989,0.777988076210022,6,0.36468505859375,Bengaluru,Bengaluru_r06_c07.tif,2020,2021,LIKELY_NO_CHANGE,SCATTERED_CHANGE,False,2020 -> 2022,5,PERSISTENT_CHANGE_SIGNAL,TEMPORAL_ONLY_EVIDENCE,0.0137176513671875,0.0129547119140625,0.0557098388671875,0.0457611083984375,1.0,1.0,0.044275501193022364,False,0.011316120624542236,-0.12483900785446167,0.17248864471912384,1.4794520547945205,False,NONE_DETECTED,/content/drive/MyDrive/satellite_change_detection/masks/Bengaluru/Bengaluru_r06_c07_2020_2021.png,WATER,0.115,Bengaluru_r06_c07,12.912985975313225,77.67650158308831
0.88653564453125,0.35922208428382874,0.7100661396980286,8,0.1922607421875,Bengaluru,Bengaluru_r06_c07.tif,2021,2022,LIKELY_NO_CHANGE,SCATTERED_CHANGE,False,2020 -> 2022,5,PERSISTENT_CHANGE_SIGNAL,TEMPORAL_ONLY_EVIDENCE,0.0129547119140625,0.0096435546875,0.0457611083984375,0.009735107421875,1.0,1.0,0.07870092222534493,False,-0.1201724261045456,0.05955532193183899,0.05848503112792969,1.2265193370165746,False,NONE_DETECTED,/content/drive/MyDrive/satellite_change_detection/masks/Bengaluru/Bengaluru_r06_c07_2021_2022.png,UNKNOWN,0.13,Bengaluru_r06_c07,12.912985975313225,77.67650158308831
1.62811279296875,0.36219093203544617,0.8258877992630005,16,0.45166015625,Bengaluru,Bengaluru_r06_c07.tif,2022,2023,LOW_PRIORITY_REVIEW,SCATTERED_CHANGE,False,2020 -> 2022,5,PERSISTENT_CHANGE_SIGNAL,TEMPORAL_ONLY_EVIDENCE,0.0096435546875,0.0128173828125,0.009735107421875,0.0233154296875,1.0,1.0,0.043415964024568175,False,-0.14204883575439453,0.0477142296731472,0.10137379169464111,1.2333333333333334,False,NONE_DETECTED,/content/drive/MyDrive/satellite_change_detection/masks/Bengaluru/Bengaluru_r06_c07_2022_2023.png,UNKNOWN,0.242,Bengaluru_r06_c07,12.912985975313225,77.67650158308831
1.20849609375,0.2954990565776825,0.6357226967811584,10,0.3143310546875,Bengaluru,Bengaluru_r06_c07.tif,2023,2024,LOW_PRIORITY_REVIEW,SCATTERED_CHANGE,False,2020 -> 2022,5,PERSISTENT_CHANGE_SIGNAL,TEMPORAL_ONLY_EVIDENCE,0.0128173828125,0.0118255615234375,0.0233154296875,0.0085906982421875,1.0,1.0,0.0768669415666753,False,-0.13623441755771637,0.02137930691242218,0.11247298121452332,1.2802197802197801,False,NONE_DETECTED,/content/drive/MyDrive/satellite_change_detection/masks/Bengaluru/Bengaluru_r06_c07_2023_2024.png,UNKNOWN,0.171,Bengaluru_r06_c07,12.912985975313225,77.67650158308831
1.30462646484375,0.3154970407485962,0.6883860230445862,6,0.3753662109375,Bengaluru,Bengaluru_r06_c07.tif,2024,2025,LOW_PRIORITY_REVIEW,SCATTERED_CHANGE,False,2020 -> 2022,5,PERSISTENT_CHANGE_SIGNAL,TEMPORAL_ONLY_EVIDENCE,0.0118255615234375,0.01690673828125,0.0085906982421875,0.0192108154296875,1.0,1.0,0.021947435956809282,False,-0.17616987228393555,0.11199938505887985,0.011628121137619019,1.417142857142857,False,NONE_DETECTED,/content/drive/MyDrive/satellite_change_detection/masks/Bengaluru/Bengaluru_r06_c07_2024_2025.png,CONSTRUCTION,0.187,Bengaluru_r06_c07,12.912985975313225,77.67650158308831
2.34222412109375,0.34966129064559937,0.8260519504547119,16,0.3936767578125,Bengaluru,Bengaluru_r06_c07.tif,2025,2026,LOW_PRIORITY_REVIEW,SCATTERED_CHANGE,True,2020 -> 2022,5,PERSISTENT_CHANGE_SIGNAL,TEMPORAL_ONLY_EVIDENCE,0.01690673828125,0.0169219970703125,0.0192108154296875,0.0157470703125,1.0,1.0,0.030058817182782353,False,-0.18957069516181946,0.03288367763161659,0.1770787090063095,1.1776649746192893,True,SEASONAL_VARIATION_LIKELY,/content/drive/MyDrive/satellite_change_detection/masks/Bengaluru/Bengaluru_r06_c07_2025_2026.png,UNKNOWN,0.3,Bengaluru_r06_c07,12.912985975313225,77.67650158308831
1.20697021484375,0.24979332089424133,0.656624436378479,8,0.4974365234375,Bengaluru,Bengaluru_r07_c00.tif,2020,2021,LOW_PRIORITY_REVIEW,SCATTERED_CHANGE,False,2020 -> 2022,5,PERSISTENT_CHANGE_SIGNAL,TEMPORAL_ONLY_EVIDENCE,0.0008087158203125,0.000762939453125,7.62939453125e-05,0.0006866455078125,1.0,1.0,0.013332896588693218,False,0.10801544785499573,-0.07459811866283417,0.013579905033111572,1.2202380952380953,False,NONE_DETECTED,/content/drive/MyDrive/satellite_change_detection/masks/Bengaluru/Bengaluru_r07_c00_2020_2021.png,UNKNOWN,0.166,Bengaluru_r07_c00,12.891497853058668,77.51124726386267
1.1932373046875,0.3157210946083069,0.6636942028999329,10,0.33416748046875,Bengaluru,Bengaluru_r07_c00.tif,2021,2022,LOW_PRIORITY_REVIEW,SCATTERED_CHANGE,False,2020 -> 2022,5,PERSISTENT_CHANGE_SIGNAL,TEMPORAL_ONLY_EVIDENCE,0.000762939453125,0.000732421875,0.0006866455078125,7.62939453125e-05,1.0,1.0,0.12803410559086797,False,-0.10767990350723267,0.04650868475437164,0.0384880006313324,1.3465909090909092,False,NONE_DETECTED,/content/drive/MyDrive/satellite_change_detection/masks/Bengaluru/Bengaluru_r07_c00_2021_2022.png,UNKNOWN,0.171,Bengaluru_r07_c00,12.891497853058668,77.51124726386267
0.726318359375,0.3533630073070526,0.8176212310791016,9,0.16632080078125,Bengaluru,Bengaluru_r07_c00.tif,2022,2023,LIKELY_NO_CHANGE,SCATTERED_CHANGE,False,2020 -> 2022,5,PERSISTENT_CHANGE_SIGNAL,TEMPORAL_ONLY_EVIDENCE,0.000732421875,0.000946044921875,7.62939453125e-05,0.0019378662109375,1.0,1.0,0.0454826798253136,False,-0.19948901236057281,0.05385962128639221,0.08525112271308899,1.7131782945736433,False,NONE_DETECTED,/content/drive/MyDrive/satellite_change_detection/masks/Bengaluru/Bengaluru_r07_c00_2022_2023.png,VEGETATION_LOSS,0.106,Bengaluru_r07_c00,12.891497853058668,77.51124726386267
0.76904296875,0.3205539882183075,0.7109345197677612,9,0.15411376953125,Bengaluru,Bengaluru_r07_c00.tif,2023,2024,LIKELY_NO_CHANGE,SCATTERED_CHANGE,False,2020 -> 2022,5,PERSISTENT_CHANGE_SIGNAL,TEMPORAL_ONLY_EVIDENCE,0.000946044921875,0.001312255859375,0.0019378662109375,0.0,1.0,1.0,0.04633910943976395,False,-0.04482969641685486,0.014993928372859955,0.01941421627998352,1.8088235294117647,False,NONE_DETECTED,/content/drive/MyDrive/satellite_change_detection/masks/Bengaluru/Bengaluru_r07_c00_2023_2024.png,UNKNOWN,0.11,Bengaluru_r07_c00,12.891497853058668,77.51124726386267
1.5167236328125,0.26638418436050415,0.8285936117172241,14,0.2685546875,Bengaluru,Bengaluru_r07_c00.tif,2024,2025,LOW_PRIORITY_REVIEW,SCATTERED_CHANGE,False,2020 -> 2022,5,PERSISTENT_CHANGE_SIGNAL,TEMPORAL_ONLY_EVIDENCE,0.001312255859375,0.0021514892578125,0.0,0.0001068115234375,1.0,1.0,0.0740473473856078,False,0.16780348122119904,-0.06899072229862213,-0.045138537883758545,1.0923913043478262,False,NONE_DETECTED,/content/drive/MyDrive/satellite_change_detection/masks/Bengaluru/Bengaluru_r07_c00_2024_2025.png,VEGETATION_GAIN,0.209,Bengaluru_r07_c00,12.891497853058668,77.51124726386267
1.47247314453125,0.3883759379386902,0.8830609321594238,12,0.70037841796875,Bengaluru,Bengaluru_r07_c00.tif,2025,2026,LOW_PRIORITY_REVIEW,SCATTERED_CHANGE,False,2020 -> 2022,5,PERSISTENT_CHANGE_SIGNAL,TEMPORAL_ONLY_EVIDENCE,0.0021514892578125,0.001739501953125,0.0001068115234375,9.1552734375e-05,1.0,1.0,0.03533107331763261,False,-0.20400124788284302,0.057992950081825256,0.09796935319900513,1.8828125,False,NONE_DETECTED,/content/drive/MyDrive/satellite_change_detection/masks/Bengaluru/Bengaluru_r07_c00_2025_2026.png,VEGETATION_LOSS,0.224,Bengaluru_r07_c00,12.891497853058668,77.51124726386267
1.1077880859375,0.3493480980396271,0.815834641456604,9,0.48675537109375,Bengaluru,Bengaluru_r07_c01.tif,2020,2021,LOW_PRIORITY_REVIEW,SCATTERED_CHANGE,False,2020 -> 2022,5,PERSISTENT_CHANGE_SIGNAL,TEMPORAL_ONLY_EVIDENCE,0.0037994384765625,0.0035552978515625,0.0009765625,0.0048675537109375,1.0,1.0,0.0752709793853625,False,-0.08133374154567719,0.09747853875160217,-0.08674761652946472,1.0231481481481481,False,NONE_DETECTED,/content/drive/MyDrive/satellite_change_detection/masks/Bengaluru/Bengaluru_r07_c01_2020_2021.png,UNKNOWN,0.163,Bengaluru_r07_c01,12.89127049430109,77.53482125815316
0.66070556640625,0.3305979073047638,0.5897293090820312,6,0.244140625,Bengaluru,Bengaluru_r07_c01.tif,2021,2022,LIKELY_NO_CHANGE,SCATTERED_CHANGE,False,2020 -> 2022,5,PERSISTENT_CHANGE_SIGNAL,TEMPORAL_ONLY_EVIDENCE,0.0035552978515625,0.0025177001953125,0.0048675537109375,0.002044677734375,1.0,1.0,0.03380829732409064,False,-0.14407077431678772,0.0883648619055748,0.05419880151748657,1.1,False,NONE_DETECTED,/content/drive/MyDrive/satellite_change_detection/masks/Bengaluru/Bengaluru_r07_c01_2021_2022.png,UNKNOWN,0.095,Bengaluru_r07_c01,12.89127049430109,77.53482125815316
1.00860595703125,0.356381356716156,0.8052220940589905,9,0.23040771484375,Bengaluru,Bengaluru_r07_c01.tif,2022,2023,LOW_PRIORITY_REVIEW,SCATTERED_CHANGE,False,2020 -> 2022,5,PERSISTENT_CHANGE_SIGNAL,TEMPORAL_ONLY_EVIDENCE,0.0025177001953125,0.0026092529296875,0.002044677734375,0.00616455078125,1.0,1.0,0.12847260454224615,False,-0.2152278870344162,0.07663193345069885,0.14210909605026245,1.4252873563218391,False,NONE_DETECTED,/content/drive/MyDrive/satellite_change_detection/masks/Bengaluru/Bengaluru_r07_c01_2022_2023.png,VEGETATION_LOSS,0.148,Bengaluru_r07_c01,12.89127049430109,77.53482125815316
1.776123046875,0.3709835708141327,0.9997698068618774,12,0.3265380859375,Bengaluru,Bengaluru_r07_c01.tif,2023,2024,LOW_PRIORITY_REVIEW,SCATTERED_CHANGE,False,2020 -> 2022,5,PERSISTENT_CHANGE_SIGNAL,TEMPORAL_ONLY_EVIDENCE,0.0026092529296875,0.0023193359375,0.00616455078125,0.0001373291015625,1.0,1.0,0.05213858027754194,False,-0.045388028025627136,-0.031577497720718384,0.034593939781188965,1.2189054726368158,False,NONE_DETECTED,/content/drive/MyDrive/satellite_change_detection/masks/Bengaluru/Bengaluru_r07_c01_2023_2024.png,UNKNOWN,0.264,Bengaluru_r07_c01,12.89127049430109,77.53482125815316
1.70135498046875,0.3025610148906708,0.7001277208328247,16,0.20751953125,Bengaluru,Bengaluru_r07_c01.tif,2024,2025,LOW_PRIORITY_REVIEW,SCATTERED_CHANGE,False,2020 -> 2022,5,PERSISTENT_CHANGE_SIGNAL,TEMPORAL_ONLY_EVIDENCE,0.0023193359375,0.004486083984375,0.0001373291015625,0.0013275146484375,1.0,1.0,0.047981874407716056,False,0.03175312280654907,-0.026786059141159058,0.0059996843338012695,1.2018779342723005,False,NONE_DETECTED,/content/drive/MyDrive/satellite_change_detection/masks/Bengaluru/Bengaluru_r07_c01_2024_2025.png,UNKNOWN,0.24,Bengaluru_r07_c01,12.89127049430109,77.53482125815316
1.8463134765625,0.30449092388153076,0.6808085441589355,15,0.37841796875,Bengaluru,Bengaluru_r07_c01.tif,2025,2026,LOW_PRIORITY_REVIEW,SCATTERED_CHANGE,False,2020 -> 2022,5,PERSISTENT_CHANGE_SIGNAL,TEMPORAL_ONLY_EVIDENCE,0.004486083984375,0.003997802734375,0.0013275146484375,0.00360107421875,1.0,1.0,0.03719001150791824,False,-0.10341019928455353,0.047373585402965546,0.03279757499694824,1.013215859030837,False,NONE_DETECTED,/content/drive/MyDrive/satellite_change_detection/masks/Bengaluru/Bengaluru_r07_c01_2025_2026.png,UNKNOWN,0.263,Bengaluru_r07_c01,12.89127049430109,77.53482125815316
1.82342529296875,0.38351431488990784,0.8760945200920105,5,1.05438232421875,Bengaluru,Bengaluru_r07_c02.tif,2020,2021,REVIEW_REQUIRED,SCATTERED_CHANGE,False,2020 -> 2023,4,PERSISTENT_CHANGE_SIGNAL,TEMPORAL_ONLY_EVIDENCE,0.0058135986328125,0.0052947998046875,0.01129150390625,0.01116943359375,1.0,1.0,0.025149974536616146,False,-0.1553877592086792,0.26188474893569946,-0.2764504849910736,1.5337837837837838,False,NONE_DETECTED,/content/drive/MyDrive/satellite_change_detection/masks/Bengaluru/Bengaluru_r07_c02_2020_2021.png,WATER,0.28,Bengaluru_r07_c02,12.89104101659538,77.55839479907137
1.67083740234375,0.4029500186443329,0.8212516903877258,8,0.8270263671875,Bengaluru,Bengaluru_r07_c02.tif,2021,2022,LOW_PRIORITY_REVIEW,SCATTERED_CHANGE,False,2020 -> 2023,4,PERSISTENT_CHANGE_SIGNAL,TEMPORAL_ONLY_EVIDENCE,0.0052947998046875,0.00531005859375,0.01116943359375,0.0023193359375,1.0,1.0,0.06418107208818735,False,-0.009054675698280334,-0.10673502087593079,0.1940884292125702,1.3352941176470587,False,NONE_DETECTED,/content/drive/MyDrive/satellite_change_detection/masks/Bengaluru/Bengaluru_r07_c02_2021_2022.png,WATER,0.258,Bengaluru_r07_c02,12.89104101659538,77.55839479907137
0.85296630859375,0.34322914481163025,0.6647723913192749,7,0.42266845703125,Bengaluru,Bengaluru_r07_c02.tif,2022,2023,LIKELY_NO_CHANGE,SCATTERED_CHANGE,False,2020 -> 2023,4,PERSISTENT_CHANGE_SIGNAL,TEMPORAL_ONLY_EVIDENCE,0.00531005859375,0.0057830810546875,0.0023193359375,0.00274658203125,1.0,1.0,0.018745579219115044,False,-0.28129392862319946,0.18104951083660126,0.07071980834007263,1.0134529147982063,False,NONE_DETECTED,/content/drive/MyDrive/satellite_change_detection/masks/Bengaluru/Bengaluru_r07_c02_2022_2023.png,CONSTRUCTION,0.125,Bengaluru_r07_c02,12.89104101659538,77.55839479907137
0.59051513671875,0.3974405825138092,0.7795923948287964,1,0.59051513671875,Bengaluru,Bengaluru_r07_c02.tif,2023,2024,LIKELY_NO_CHANGE,SCATTERED_CHANGE,False,2020 -> 2023,4,PERSISTENT_CHANGE_SIGNAL,TEMPORAL_ONLY_EVIDENCE,0.0057830810546875,0.00445556640625,0.00274658203125,4.57763671875e-05,1.0,1.0,0.06660186331548211,False,-0.07351744174957275,0.1463480293750763,-0.2097821980714798,1.04,False,NONE_DETECTED,/content/drive/MyDrive/satellite_change_detection/masks/Bengaluru/Bengaluru_r07_c02_2023_2024.png,WATER,0.09,Bengaluru_r07_c02,12.89104101659538,77.55839479907137
1.27410888671875,0.3358462154865265,0.7490096688270569,8,0.6622314453125,Bengaluru,Bengaluru_r07_c02.tif,2024,2025,LOW_PRIORITY_REVIEW,SCATTERED_CHANGE,False,2020 -> 2023,4,PERSISTENT_CHANGE_SIGNAL,TEMPORAL_ONLY_EVIDENCE,0.00445556640625,0.0074615478515625,4.57763671875e-05,0.0046844482421875,1.0,1.0,0.004910741080459795,False,0.2314702272415161,-0.1774340718984604,-0.02736833691596985,1.0087719298245614,False,NONE_DETECTED,/content/drive/MyDrive/satellite_change_detection/masks/Bengaluru/Bengaluru_r07_c02_2024_2025.png,VEGETATION_GAIN,0.187,Bengaluru_r07_c02,12.89104101659538,77.55839479907137
0.30975341796875,0.360033243894577,0.6479974389076233,4,0.1800537109375,Bengaluru,Bengaluru_r07_c02.tif,2025,2026,LIKELY_NO_CHANGE,SCATTERED_CHANGE,False,2020 -> 2023,4,PERSISTENT_CHANGE_SIGNAL,TEMPORAL_ONLY_EVIDENCE,0.0074615478515625,0.0079193115234375,0.0046844482421875,0.0046234130859375,1.0,1.0,0.0007948275882113076,False,-0.11040030419826508,0.018032461404800415,0.0751393735408783,1.5342465753424657,False,NONE_DETECTED,/content/drive/MyDrive/satellite_change_detection/masks/Bengaluru/Bengaluru_r07_c02_2025_2026.png,UNKNOWN,0.046,Bengaluru_r07_c02,12.89104101659538,77.55839479907137
1.15814208984375,0.4204060137271881,0.8153002858161926,4,0.4425048828125,Bengaluru,Bengaluru_r07_c03.tif,2020,2021,LOW_PRIORITY_REVIEW,SCATTERED_CHANGE,False,2020 -> 2026,1,SINGLE_INTERVAL_CHANGE,LOW_PRIORITY_REVIEW,0.003265380859375,0.003997802734375,0.0120849609375,0.013519287109375,1.0,1.0,0.02154584146293909,False,-0.11950016021728516,0.19403409957885742,-0.2074417769908905,1.2338709677419355,False,NONE_DETECTED,/content/drive/MyDrive/satellite_change_detection/masks/Bengaluru/Bengaluru_r07_c03_2020_2021.png,UNKNOWN,0.122,Bengaluru_r07_c03,12.89080942013196,77.58196788241384
0.8209228515625,0.41616344451904297,0.8880247473716736,3,0.3997802734375,Bengaluru,Bengaluru_r07_c03.tif,2021,2022,LIKELY_NO_CHANGE,SCATTERED_CHANGE,False,2020 -> 2026,1,SINGLE_INTERVAL_CHANGE,LOW_PRIORITY_REVIEW,0.003997802734375,0.003387451171875,0.013519287109375,0.0059051513671875,1.0,1.0,0.04315595301394429,False,-0.2980089485645294,-0.026003913953900337,0.4895103871822357,1.5,True,SEASONAL_VARIATION_LIKELY,/content/drive/MyDrive/satellite_change_detection/masks/Bengaluru/Bengaluru_r07_c03_2021_2022.png,UNKNOWN,0.077,Bengaluru_r07_c03,12.89080942013196,77.58196788241384
0.115966796875,0.3781391382217407,0.5482798218727112,2,0.0701904296875,Bengaluru,Bengaluru_r07_c03.tif,2022,2023,LIKELY_NO_CHANGE,SCATTERED_CHANGE,False,2020 -> 2026,1,SINGLE_INTERVAL_CHANGE,LOW_PRIORITY_REVIEW,0.003387451171875,0.0045166015625,0.0059051513671875,0.0246429443359375,1.0,1.0,0.031258826577236054,False,-0.3702043294906616,0.1256367266178131,0.1472260057926178,2.018181818181818,False,NONE_DETECTED,/content/drive/MyDrive/satellite_change_detection/masks/Bengaluru/Bengaluru_r07_c03_2022_2023.png,UNKNOWN,0.012,Bengaluru_r07_c03,12.89080942013196,77.58196788241384
0.65765380859375,0.420166939496994,0.8450778722763062,6,0.360107421875,Bengaluru,Bengaluru_r07_c03.tif,2023,2024,LIKELY_NO_CHANGE,SCATTERED_CHANGE,False,2020 -> 2026,1,SINGLE_INTERVAL_CHANGE,LOW_PRIORITY_REVIEW,0.0045166015625,0.003173828125,0.0246429443359375,0.000213623046875,1.0,1.0,0.0755564486722197,False,0.15072281658649445,0.10896936058998108,-0.4306565821170807,1.2962962962962963,False,NONE_DETECTED,/content/drive/MyDrive/satellite_change_detection/masks/Bengaluru/Bengaluru_r07_c03_2023_2024.png,UNKNOWN,0.069,Bengaluru_r07_c03,12.89080942013196,77.58196788241384
0.40130615234375,0.3035842776298523,0.6590476036071777,3,0.213623046875,Bengaluru,Bengaluru_r07_c03.tif,2024,2025,LIKELY_NO_CHANGE,SCATTERED_CHANGE,False,2020 -> 2026,1,SINGLE_INTERVAL_CHANGE,LOW_PRIORITY_REVIEW,0.003173828125,0.0053863525390625,0.000213623046875,0.0103607177734375,1.0,1.0,0.017694032846837546,False,0.05994945764541626,-0.039103686809539795,0.07604414224624634,2.451219512195122,False,NONE_DETECTED,/content/drive/MyDrive/satellite_change_detection/masks/Bengaluru/Bengaluru_r07_c03_2024_2025.png,UNKNOWN,0.038,Bengaluru_r07_c03,12.89080942013196,77.58196788241384
0.0,0.0,0.0,0,0.0,Bengaluru,Bengaluru_r07_c03.tif,2025,2026,LIKELY_NO_CHANGE,SCATTERED_CHANGE,False,2020 -> 2026,1,SINGLE_INTERVAL_CHANGE,LOW_PRIORITY_REVIEW,0.0053863525390625,0.004730224609375,0.0103607177734375,0.02557373046875,1.0,1.0,0.02071301296600257,False,0.0,0.0,0.0,1.0,False,NONE_DETECTED,/content/drive/MyDrive/satellite_change_detection/masks/Bengaluru/Bengaluru_r07_c03_2025_2026.png,UNKNOWN,0.0,Bengaluru_r07_c03,12.89080942013196,77.58196788241384
0.4364013671875,0.3425651788711548,0.645776629447937,4,0.1617431640625,Bengaluru,Bengaluru_r07_c04.tif,2020,2021,LIKELY_NO_CHANGE,SCATTERED_CHANGE,False,No supported change interval,0,NO_SIGNIFICANT_CHANGE,LOW_PRIORITY_REVIEW,0.004913330078125,0.0054473876953125,0.0160675048828125,0.00885009765625,1.0,1.0,0.031915968306361904,False,0.08487910032272339,-0.014629518613219261,-0.027259469032287598,1.71900826446281,False,NONE_DETECTED,/content/drive/MyDrive/satellite_change_detection/masks/Bengaluru/Bengaluru_r07_c04_2020_2021.png,UNKNOWN,0.033,Bengaluru_r07_c04,12.890575705102997,77.60554050397737
0.4425048828125,0.34609729051589966,0.6294477581977844,4,0.30364990234375,Bengaluru,Bengaluru_r07_c04.tif,2021,2022,LIKELY_NO_CHANGE,SCATTERED_CHANGE,False,No supported change interval,0,NO_SIGNIFICANT_CHANGE,LOW_PRIORITY_REVIEW,0.0054473876953125,0.0045928955078125,0.00885009765625,0.0107269287109375,1.0,1.0,0.06844825756127015,False,-0.20461611449718475,0.11527299135923386,0.04771730303764343,1.3108108108108107,False,NONE_DETECTED,/content/drive/MyDrive/satellite_change_detection/masks/Bengaluru/Bengaluru_r07_c04_2021_2022.png,UNKNOWN,0.034,Bengaluru_r07_c04,12.890575705102997,77.60554050397737
0.53558349609375,0.42782002687454224,0.7390544414520264,6,0.1953125,Bengaluru,Bengaluru_r07_c04.tif,2022,2023,LIKELY_NO_CHANGE,SCATTERED_CHANGE,False,No supported change interval,0,NO_SIGNIFICANT_CHANGE,LOW_PRIORITY_REVIEW,0.0045928955078125,0.00604248046875,0.0107269287109375,0.0081024169921875,1.0,1.0,0.04295363313784276,False,-0.2567886710166931,0.06334633380174637,0.1724344789981842,1.3870967741935485,False,NONE_DETECTED,/content/drive/MyDrive/satellite_change_detection/masks/Bengaluru/Bengaluru_r07_c04_2022_2023.png,UNKNOWN,0.043,Bengaluru_r07_c04,12.890575705102997,77.60554050397737
0.0,0.0,0.0,0,0.0,Bengaluru,Bengaluru_r07_c04.tif,2023,2024,LIKELY_NO_CHANGE,SCATTERED_CHANGE,False,No supported change interval,0,NO_SIGNIFICANT_CHANGE,LOW_PRIORITY_REVIEW,0.00604248046875,0.0055084228515625,0.0081024169921875,0.0007171630859375,1.0,1.0,0.06641337461541635,False,0.0,0.0,0.0,1.0,False,NONE_DETECTED,/content/drive/MyDrive/satellite_change_detection/masks/Bengaluru/Bengaluru_r07_c04_2023_2024.png,UNKNOWN,0.0,Bengaluru_r07_c04,12.890575705102997,77.60554050397737
0.5462646484375,0.2800336480140686,0.7602845430374146,7,0.1220703125,Bengaluru,Bengaluru_r07_c04.tif,2024,2025,LIKELY_NO_CHANGE,SCATTERED_CHANGE,False,No supported change interval,0,NO_SIGNIFICANT_CHANGE,LOW_PRIORITY_REVIEW,0.0055084228515625,0.00933837890625,0.0007171630859375,0.0061492919921875,1.0,1.0,0.02173213545261932,False,0.17157581448554993,-0.14927636086940765,-0.02489599585533142,1.1961722488038278,False,NONE_DETECTED,/content/drive/MyDrive/satellite_change_detection/masks/Bengaluru/Bengaluru_r07_c04_2024_2025.png,UNKNOWN,0.037,Bengaluru_r07_c04,12.890575705102997,77.60554050397737
0.3814697265625,0.3850579857826233,0.6738051772117615,5,0.13275146484375,Bengaluru,Bengaluru_r07_c04.tif,2025,2026,LIKELY_NO_CHANGE,SCATTERED_CHANGE,False,No supported change interval,0,NO_SIGNIFICANT_CHANGE,LOW_PRIORITY_REVIEW,0.00933837890625,0.0086822509765625,0.0061492919921875,0.0130157470703125,1.0,1.0,0.020004035332035517,False,-0.32206928730010986,0.15692642331123352,0.0694180428981781,1.4451219512195121,False,NONE_DETECTED,/content/drive/MyDrive/satellite_change_detection/masks/Bengaluru/Bengaluru_r07_c04_2025_2026.png,UNKNOWN,0.03,Bengaluru_r07_c04,12.890575705102997,77.60554050397737
0.15411376953125,0.3120215833187103,0.6688927412033081,3,0.06256103515625,Bengaluru,Bengaluru_r07_c05.tif,2020,2021,LIKELY_NO_CHANGE,SCATTERED_CHANGE,False,2020 -> 2026,1,SINGLE_INTERVAL_CHANGE,LOW_PRIORITY_REVIEW,0.006591796875,0.0078887939453125,0.0003662109375,0.0005035400390625,1.0,1.0,0.07924157195156466,False,0.16649790108203888,-0.034373894333839417,-0.08371034264564514,1.121212121212121,True,SEASONAL_VARIATION_LIKELY,/content/drive/MyDrive/satellite_change_detection/masks/Bengaluru/Bengaluru_r07_c05_2020_2021.png,UNKNOWN,0.013,Bengaluru_r07_c05,12.890339871702404,77.62911265955933
0.32501220703125,0.30269747972488403,0.5405428409576416,5,0.115966796875,Bengaluru,Bengaluru_r07_c05.tif,2021,2022,LIKELY_NO_CHANGE,SCATTERED_CHANGE,False,2020 -> 2026,1,SINGLE_INTERVAL_CHANGE,LOW_PRIORITY_REVIEW,0.0078887939453125,0.0066680908203125,0.0005035400390625,0.0001068115234375,1.0,1.0,0.06393420297891865,False,-0.11940108239650726,0.053648870438337326,0.044913142919540405,1.183206106870229,False,NONE_DETECTED,/content/drive/MyDrive/satellite_change_detection/masks/Bengaluru/Bengaluru_r07_c05_2021_2022.png,UNKNOWN,0.031,Bengaluru_r07_c05,12.890339871702404,77.62911265955933
0.421142578125,0.34928882122039795,0.7908298373222351,6,0.10986328125,Bengaluru,Bengaluru_r07_c05.tif,2022,2023,LIKELY_NO_CHANGE,SCATTERED_CHANGE,False,2020 -> 2026,1,SINGLE_INTERVAL_CHANGE,LOW_PRIORITY_REVIEW,0.0066680908203125,0.0075836181640625,0.0001068115234375,0.0007781982421875,1.0,1.0,0.031184921461943543,False,0.06420359015464783,-0.03185246139764786,-0.03388515114784241,1.1243243243243244,False,NONE_DETECTED,/content/drive/MyDrive/satellite_change_detection/masks/Bengaluru/Bengaluru_r07_c05_2022_2023.png,UNKNOWN,0.042,Bengaluru_r07_c05,12.890339871702404,77.62911265955933
0.2685546875,0.3730505704879761,0.7783160209655762,4,0.0762939453125,Bengaluru,Bengaluru_r07_c05.tif,2023,2024,LIKELY_NO_CHANGE,SCATTERED_CHANGE,False,2020 -> 2026,1,SINGLE_INTERVAL_CHANGE,LOW_PRIORITY_REVIEW,0.0075836181640625,0.005126953125,0.0007781982421875,3.0517578125e-05,1.0,1.0,0.007988952917998988,False,-0.20068053901195526,0.05319558084011078,0.11430969834327698,1.313953488372093,False,NONE_DETECTED,/content/drive/MyDrive/satellite_change_detection/masks/Bengaluru/Bengaluru_r07_c05_2023_2024.png,UNKNOWN,0.027,Bengaluru_r07_c05,12.890339871702404,77.62911265955933
0.6500244140625,0.32108309864997864,0.7125852108001709,10,0.1678466796875,Bengaluru,Bengaluru_r07_c05.tif,2024,2025,LIKELY_NO_CHANGE,SCATTERED_CHANGE,False,2020 -> 2026,1,SINGLE_INTERVAL_CHANGE,LOW_PRIORITY_REVIEW,0.005126953125,0.0092010498046875,3.0517578125e-05,0.000518798828125,1.0,1.0,0.03731437626943591,False,0.11379656195640564,-0.05824854224920273,-0.03135344386100769,1.0486725663716814,False,NONE_DETECTED,/content/drive/MyDrive/satellite_change_detection/masks/Bengaluru/Bengaluru_r07_c05_2024_2025.png,UNKNOWN,0.063,Bengaluru_r07_c05,12.890339871702404,77.62911265955933
0.7904052734375,0.45369604229927063,1.0,8,0.29144287109375,Bengaluru,Bengaluru_r07_c05.tif,2025,2026,LIKELY_NO_CHANGE,SCATTERED_CHANGE,False,2020 -> 2026,1,SINGLE_INTERVAL_CHANGE,LOW_PRIORITY_REVIEW,0.0092010498046875,0.007415771484375,0.000518798828125,0.0006103515625,1.0,1.0,0.051909770766197995,False,-0.1991700679063797,0.08857808262109756,0.06988513469696045,1.226027397260274,False,NONE_DETECTED,/content/drive/MyDrive/satellite_change_detection/masks/Bengaluru/Bengaluru_r07_c05_2025_2026.png,UNKNOWN,0.083,Bengaluru_r07_c05,12.890339871702404,77.62911265955933
1.1871337890625,0.27732884883880615,0.6760886907577515,16,0.341796875,Bengaluru,Bengaluru_r07_c06.tif,2020,2021,LOW_PRIORITY_REVIEW,SCATTERED_CHANGE,False,2020 -> 2022,5,PERSISTENT_CHANGE_SIGNAL,TEMPORAL_ONLY_EVIDENCE,0.0075836181640625,0.008148193359375,0.011932373046875,0.0100250244140625,1.0,1.0,0.041665714908831065,False,0.059536516666412354,-0.006040360778570175,-0.01944473385810852,1.3559322033898304,False,NONE_DETECTED,/content/drive/MyDrive/satellite_change_detection/masks/Bengaluru/Bengaluru_r07_c06_2020_2021.png,UNKNOWN,0.166,Bengaluru_r07_c06,12.890101920125844,77.65268434495738
1.01165771484375,0.32757022976875305,0.6703236103057861,8,0.3143310546875,Bengaluru,Bengaluru_r07_c06.tif,2021,2022,LOW_PRIORITY_REVIEW,SCATTERED_CHANGE,False,2020 -> 2022,5,PERSISTENT_CHANGE_SIGNAL,TEMPORAL_ONLY_EVIDENCE,0.008148193359375,0.006561279296875,0.0100250244140625,0.0036163330078125,1.0,1.0,0.07760717707656224,False,-0.21666641533374786,0.06720001250505447,0.10715055465698242,1.0452261306532664,False,NONE_DETECTED,/content/drive/MyDrive/satellite_change_detection/masks/Bengaluru/Bengaluru_r07_c06_2021_2022.png,VEGETATION_LOSS,0.146,Bengaluru_r07_c06,12.890101920125844,77.65268434495738
1.15203857421875,0.3618130087852478,0.7022839188575745,9,0.52032470703125,Bengaluru,Bengaluru_r07_c06.tif,2022,2023,LOW_PRIORITY_REVIEW,SCATTERED_CHANGE,False,2020 -> 2022,5,PERSISTENT_CHANGE_SIGNAL,TEMPORAL_ONLY_EVIDENCE,0.006561279296875,0.00787353515625,0.0036163330078125,0.0045318603515625,1.0,1.0,0.05734383570773161,False,-0.19235199689865112,0.07139858603477478,0.08126792311668396,1.1036036036036037,False,NONE_DETECTED,/content/drive/MyDrive/satellite_change_detection/masks/Bengaluru/Bengaluru_r07_c06_2022_2023.png,VEGETATION_LOSS,0.171,Bengaluru_r07_c06,12.890101920125844,77.65268434495738
2.97393798828125,0.3268736004829407,0.7239660024642944,10,1.5655517578125,Bengaluru,Bengaluru_r07_c06.tif,2023,2024,REVIEW_REQUIRED,SCATTERED_CHANGE,True,2020 -> 2022,5,PERSISTENT_CHANGE_SIGNAL,TEMPORAL_ONLY_EVIDENCE,0.00787353515625,0.006256103515625,0.0045318603515625,7.62939453125e-05,1.0,1.0,0.07805712882565222,False,-0.2298215627670288,0.11374307423830032,0.0500527024269104,1.0,False,NONE_DETECTED,/content/drive/MyDrive/satellite_change_detection/masks/Bengaluru/Bengaluru_r07_c06_2023_2024.png,CONSTRUCTION,0.448,Bengaluru_r07_c06,12.890101920125844,77.65268434495738
2.86712646484375,0.3299867808818817,1.0,13,1.4068603515625,Bengaluru,Bengaluru_r07_c06.tif,2024,2025,REVIEW_REQUIRED,SCATTERED_CHANGE,True,2020 -> 2022,5,PERSISTENT_CHANGE_SIGNAL,TEMPORAL_ONLY_EVIDENCE,0.006256103515625,0.0110015869140625,7.62939453125e-05,0.001678466796875,1.0,1.0,0.06132625956309065,False,0.2218029648065567,-0.13226060569286346,-0.03215312957763672,1.2610837438423645,False,NONE_DETECTED,/content/drive/MyDrive/satellite_change_detection/masks/Bengaluru/Bengaluru_r07_c06_2024_2025.png,VEGETATION_GAIN,0.43,Bengaluru_r07_c06,12.890101920125844,77.65268434495738
1.190185546875,0.2789805233478546,0.6256316900253296,10,0.31280517578125,Bengaluru,Bengaluru_r07_c06.tif,2025,2026,LOW_PRIORITY_REVIEW,SCATTERED_CHANGE,False,2020 -> 2022,5,PERSISTENT_CHANGE_SIGNAL,TEMPORAL_ONLY_EVIDENCE,0.0110015869140625,0.010284423828125,0.001678466796875,0.003021240234375,1.0,1.0,0.008962154346919013,False,-0.18325987458229065,0.08018025010824203,0.06049621105194092,1.4761904761904763,False,NONE_DETECTED,/content/drive/MyDrive/satellite_change_detection/masks/Bengaluru/Bengaluru_r07_c06_2025_2026.png,VEGETATION_LOSS,0.166,Bengaluru_r07_c06,12.890101920125844,77.65268434495738
3.570556640625,0.2873208820819855,0.8282651901245117,24,0.61492919921875,Bengaluru,Bengaluru_r07_c07.tif,2020,2021,LOW_PRIORITY_REVIEW,SCATTERED_CHANGE,True,2020 -> 2021,6,PERSISTENT_CHANGE_SIGNAL,TEMPORAL_ONLY_EVIDENCE,0.0052490234375,0.0054473876953125,0.0086669921875,0.0102996826171875,1.0,1.0,0.022488221626369684,False,0.0831294059753418,-0.06106302887201309,0.015580564737319946,1.0639269406392695,False,NONE_DETECTED,/content/drive/MyDrive/satellite_change_detection/masks/Bengaluru/Bengaluru_r07_c07_2020_2021.png,UNKNOWN,0.506,Bengaluru_r07_c07,12.889861850570728,77.6762555559698
3.0853271484375,0.3262712359428406,0.7038984298706055,19,1.2237548828125,Bengaluru,Bengaluru_r07_c07.tif,2021,2022,REVIEW_REQUIRED,SCATTERED_CHANGE,True,2020 -> 2021,6,PERSISTENT_CHANGE_SIGNAL,TEMPORAL_ONLY_EVIDENCE,0.0054473876953125,0.00335693359375,0.0102996826171875,0.002960205078125,1.0,1.0,0.11444318215760935,False,-0.17306222021579742,0.07368285953998566,0.05654588341712952,1.0128205128205128,False,NONE_DETECTED,/content/drive/MyDrive/satellite_change_detection/masks/Bengaluru/Bengaluru_r07_c07_2021_2022.png,VEGETATION_LOSS,0.459,Bengaluru_r07_c07,12.889861850570728,77.6762555559698
5.86700439453125,0.32277411222457886,0.9913405179977417,36,0.76751708984375,Bengaluru,Bengaluru_r07_c07.tif,2022,2023,LOW_PRIORITY_REVIEW,SCATTERED_CHANGE,True,2020 -> 2021,6,PERSISTENT_CHANGE_SIGNAL,TEMPORAL_ONLY_EVIDENCE,0.00335693359375,0.003936767578125,0.002960205078125,0.0064697265625,1.0,1.0,0.0300086652953347,False,-0.1690770834684372,0.08265486359596252,0.04413679242134094,1.0491803278688525,False,NONE_DETECTED,/content/drive/MyDrive/satellite_change_detection/masks/Bengaluru/Bengaluru_r07_c07_2022_2023.png,VEGETATION_LOSS,0.731,Bengaluru_r07_c07,12.889861850570728,77.6762555559698
4.90264892578125,0.33016157150268555,0.890920877456665,23,1.348876953125,Bengaluru,Bengaluru_r07_c07.tif,2023,2024,REVIEW_REQUIRED,SCATTERED_CHANGE,True,2020 -> 2021,6,PERSISTENT_CHANGE_SIGNAL,TEMPORAL_ONLY_EVIDENCE,0.003936767578125,0.0057373046875,0.0064697265625,0.0015716552734375,1.0,1.0,0.08659269996150465,False,-0.2015407532453537,0.054200679063797,0.10261315107345581,1.158371040723982,False,NONE_DETECTED,/content/drive/MyDrive/satellite_change_detection/masks/Bengaluru/Bengaluru_r07_c07_2023_2024.png,VEGETATION_LOSS,0.734,Bengaluru_r07_c07,12.889861850570728,77.6762555559698
5.54046630859375,0.34834760427474976,0.9348031282424927,17,2.08587646484375,Bengaluru,Bengaluru_r07_c07.tif,2024,2025,REVIEW_REQUIRED,MODERATELY_CONNECTED,True,2020 -> 2021,6,PERSISTENT_CHANGE_SIGNAL,MODERATE_EVIDENCE,0.0057373046875,0.009033203125,0.0015716552734375,0.0066375732421875,1.0,1.0,0.05309372613236513,False,-0.031199589371681213,-0.008808039128780365,0.032219499349594116,1.0893617021276596,False,NONE_DETECTED,/content/drive/MyDrive/satellite_change_detection/masks/Bengaluru/Bengaluru_r07_c07_2024_2025.png,UNKNOWN,0.776,Bengaluru_r07_c07,12.889861850570728,77.6762555559698
2.94647216796875,0.39197662472724915,0.9947237968444824,19,0.6591796875,Bengaluru,Bengaluru_r07_c07.tif,2025,2026,LOW_PRIORITY_REVIEW,SCATTERED_CHANGE,True,2020 -> 2021,6,PERSISTENT_CHANGE_SIGNAL,TEMPORAL_ONLY_EVIDENCE,0.009033203125,0.0068511962890625,0.0066375732421875,0.006805419921875,1.0,1.0,0.0555219539106176,False,-0.22727787494659424,0.09086088836193085,0.09357696771621704,1.0657894736842106,False,NONE_DETECTED,/content/drive/MyDrive/satellite_change_detection/masks/Bengaluru/Bengaluru_r07_c07_2025_2026.png,VEGETATION_LOSS,0.449,Bengaluru_r07_c07,12.889861850570728,77.6762555559698
38.98773193359375,0.29153546690940857,0.89864581823349,32,21.4996337890625,Indore,Indore_r00_c00.tif,2020,2021,STRUCTURED_CHANGE,SPATIALLY_CONNECTED,True,2020 -> 2021,6,PERSISTENT_CHANGE_SIGNAL,STRONG_EVIDENCE,0.0,0.0,0.099609375,3.0517578125e-05,1.0,1.0,0.17736652626634447,False,-0.3291303217411041,0.2375919073820114,0.050080835819244385,1.0,False,NONE_DETECTED,/content/drive/MyDrive/satellite_change_detection/masks/Indore/Indore_r00_c00_2020_2021.png,CONSTRUCTION,0.946,Indore_r00_c00,22.800935905461422,75.77089936720726
37.2467041015625,0.28347721695899963,0.8548458814620972,33,22.30377197265625,Indore,Indore_r00_c00.tif,2021,2022,STRUCTURED_CHANGE,SPATIALLY_CONNECTED,True,2020 -> 2021,6,PERSISTENT_CHANGE_SIGNAL,STRONG_EVIDENCE,0.0,0.0,3.0517578125e-05,0.0,1.0,1.0,0.1285009036315163,False,0.19417887926101685,-0.1588049829006195,0.019345760345458984,1.0,False,NONE_DETECTED,/content/drive/MyDrive/satellite_change_detection/masks/Indore/Indore_r00_c00_2021_2022.png,VEGETATION_GAIN,0.942,Indore_r00_c00,22.800935905461422,75.77089936720726
19.4061279296875,0.31589221954345703,0.9663756489753723,57,3.82843017578125,Indore,Indore_r00_c00.tif,2022,2023,REVIEW_REQUIRED,MODERATELY_CONNECTED,True,2020 -> 2021,6,PERSISTENT_CHANGE_SIGNAL,REVIEW_REQUIRED,0.0,0.0,0.0,0.211669921875,1.0,1.0,0.13002555594874862,False,0.16256606578826904,-0.10876831412315369,-0.10471591353416443,1.0,False,SHADOW,/content/drive/MyDrive/satellite_change_detection/masks/Indore/Indore_r00_c00_2022_2023.png,UNKNOWN,0.3,Indore_r00_c00,22.800935905461422,75.77089936720726
20.84808349609375,0.2903863489627838,0.9392271041870117,57,3.66973876953125,Indore,Indore_r00_c00.tif,2023,2024,REVIEW_REQUIRED,MODERATELY_CONNECTED,True,2020 -> 2021,6,PERSISTENT_CHANGE_SIGNAL,REVIEW_REQUIRED,0.0,6.103515625e-05,0.211669921875,0.000152587890625,1.0,1.0,0.09312453359923514,False,-0.2690916359424591,0.20096997916698456,0.08023715019226074,1.0,False,SHADOW,/content/drive/MyDrive/satellite_change_detection/masks/Indore/Indore_r00_c00_2023_2024.png,UNKNOWN,0.3,Indore_r00_c00,22.800935905461422,75.77089936720726
18.9788818359375,0.29684484004974365,0.8901143074035645,53,3.13568115234375,Indore,Indore_r00_c00.tif,2024,2025,REVIEW_REQUIRED,MODERATELY_CONNECTED,True,2020 -> 2021,6,PERSISTENT_CHANGE_SIGNAL,MODERATE_EVIDENCE,6.103515625e-05,0.0001220703125,0.000152587890625,0.0,1.0,1.0,0.04822526001647013,False,0.05597716569900513,-0.04395037889480591,0.0011967718601226807,1.0,False,NONE_DETECTED,/content/drive/MyDrive/satellite_change_detection/masks/Indore/Indore_r00_c00_2024_2025.png,UNKNOWN,0.777,Indore_r00_c00,22.800935905461422,75.77089936720726
10.95428466796875,0.2591489851474762,0.6365123987197876,38,2.59552001953125,Indore,Indore_r00_c00.tif,2025,2026,REVIEW_REQUIRED,MODERATELY_CONNECTED,True,2020 -> 2021,6,PERSISTENT_CHANGE_SIGNAL,MODERATE_EVIDENCE,0.0001220703125,7.62939453125e-05,0.0,0.001861572265625,1.0,1.0,0.09492320243172389,False,0.024980366230010986,-0.0020409226417541504,-0.026371777057647705,1.0,False,NONE_DETECTED,/content/drive/MyDrive/satellite_change_detection/masks/Indore/Indore_r00_c00_2025_2026.png,UNKNOWN,0.744,Indore_r00_c00,22.800935905461422,75.77089936720726
36.5142822265625,0.3007173538208008,0.963241696357727,34,25.96588134765625,Indore,Indore_r00_c01.tif,2020,2021,STRUCTURED_CHANGE,SPATIALLY_CONNECTED,True,2020 -> 2021,6,PERSISTENT_CHANGE_SIGNAL,REVIEW_REQUIRED,0.0,0.0,0.1605987548828125,0.00128173828125,1.0,1.0,0.04612711124722751,False,-0.35238587856292725,0.250514954328537,0.07098427414894104,1.0,False,SHADOW,/content/drive/MyDrive/satellite_change_detection/masks/Indore/Indore_r00_c01_2020_2021.png,UNKNOWN,0.3,Indore_r00_c01,22.800813376067843,75.79584069785055
26.959228515625,0.2780371308326721,0.7362765073776245,53,6.1126708984375,Indore,Indore_r00_c01.tif,2021,2022,MODERATE_STRUCTURED_CHANGE,MODERATELY_CONNECTED,True,2020 -> 2021,6,PERSISTENT_CHANGE_SIGNAL,MODERATE_EVIDENCE,0.0,0.0,0.00128173828125,0.0,1.0,1.0,0.10796785700195588,False,0.15142130851745605,-0.12558075785636902,0.016512423753738403,1.0,False,NONE_DETECTED,/content/drive/MyDrive/satellite_change_detection/masks/Indore/Indore_r00_c01_2021_2022.png,VEGETATION_GAIN,0.842,Indore_r00_c01,22.800813376067843,75.79584069785055
18.60198974609375,0.3089832663536072,0.9755820035934448,56,2.18048095703125,Indore,Indore_r00_c01.tif,2022,2023,REVIEW_REQUIRED,MODERATELY_CONNECTED,True,2020 -> 2021,6,PERSISTENT_CHANGE_SIGNAL,REVIEW_REQUIRED,0.0,0.0,0.0,0.1750030517578125,1.0,1.0,0.04205577642309543,False,0.19657418131828308,-0.1553339809179306,-0.08703604340553284,1.0,False,SHADOW,/content/drive/MyDrive/satellite_change_detection/masks/Indore/Indore_r00_c01_2022_2023.png,UNKNOWN,0.3,Indore_r00_c01,22.800813376067843,75.79584069785055
16.88690185546875,0.2882423400878906,0.907924473285675,41,2.459716796875,Indore,Indore_r00_c01.tif,2023,2024,REVIEW_REQUIRED,MODERATELY_CONNECTED,True,2020 -> 2021,6,PERSISTENT_CHANGE_SIGNAL,REVIEW_REQUIRED,0.0,0.0,0.1750030517578125,0.0003509521484375,1.0,1.0,0.26376329510265606,False,-0.18234026432037354,0.13937340676784515,0.06883794069290161,1.0,False,SHADOW,/content/drive/MyDrive/satellite_change_detection/masks/Indore/Indore_r00_c01_2023_2024.png,UNKNOWN,0.3,Indore_r00_c01,22.800813376067843,75.79584069785055
14.9810791015625,0.3169170022010803,0.9051672220230103,48,3.5186767578125,Indore,Indore_r00_c01.tif,2024,2025,REVIEW_REQUIRED,MODERATELY_CONNECTED,True,2020 -> 2021,6,PERSISTENT_CHANGE_SIGNAL,MODERATE_EVIDENCE,0.0,1.52587890625e-05,0.0003509521484375,0.0,1.0,1.0,0.04976955995173521,False,-0.0516357421875,0.043451085686683655,0.011981397867202759,1.0,False,NONE_DETECTED,/content/drive/MyDrive/satellite_change_detection/masks/Indore/Indore_r00_c01_2024_2025.png,UNKNOWN,0.796,Indore_r00_c01,22.800813376067843,75.79584069785055
9.51995849609375,0.27418026328086853,0.8447072505950928,35,1.885986328125,Indore,Indore_r00_c01.tif,2025,2026,REVIEW_REQUIRED,SCATTERED_CHANGE,True,2020 -> 2021,6,PERSISTENT_CHANGE_SIGNAL,TEMPORAL_ONLY_EVIDENCE,1.52587890625e-05,1.52587890625e-05,0.0,0.001251220703125,1.0,1.0,0.06589376971801049,False,-0.09265518188476562,0.10438714921474457,-0.019046813249588013,1.0406504065040652,False,NONE_DETECTED,/content/drive/MyDrive/satellite_change_detection/masks/Indore/Indore_r00_c01_2025_2026.png,CONSTRUCTION,0.734,Indore_r00_c01,22.800813376067843,75.79584069785055
16.68853759765625,0.2585729956626892,0.9452075362205505,44,3.21502685546875,Indore,Indore_r00_c02.tif,2020,2021,REVIEW_REQUIRED,MODERATELY_CONNECTED,True,2020 -> 2021,6,PERSISTENT_CHANGE_SIGNAL,MODERATE_EVIDENCE,0.0036163330078125,0.004241943359375,0.093017578125,0.00018310546875,1.0,1.0,0.12740690526981296,False,-0.3965744376182556,0.29096195101737976,0.0767497718334198,1.0281124497991967,False,NONE_DETECTED,/content/drive/MyDrive/satellite_change_detection/masks/Indore/Indore_r00_c02_2020_2021.png,CONSTRUCTION,0.76,Indore_r00_c02,22.800686946437697,75.82078185429528
10.96954345703125,0.2554718255996704,0.6813350915908813,41,1.54571533203125,Indore,Indore_r00_c02.tif,2021,2022,REVIEW_REQUIRED,SCATTERED_CHANGE,True,2020 -> 2021,6,PERSISTENT_CHANGE_SIGNAL,TEMPORAL_ONLY_EVIDENCE,0.004241943359375,0.0049591064453125,0.00018310546875,0.0,1.0,1.0,0.19627789923767008,False,0.07640472054481506,-0.051900893449783325,0.011744439601898193,1.0118577075098814,False,NONE_DETECTED,/content/drive/MyDrive/satellite_change_detection/masks/Indore/Indore_r00_c02_2021_2022.png,UNKNOWN,0.716,Indore_r00_c02,22.800686946437697,75.82078185429528
9.21783447265625,0.28048065304756165,0.9484859108924866,45,1.48468017578125,Indore,Indore_r00_c02.tif,2022,2023,REVIEW_REQUIRED,SCATTERED_CHANGE,True,2020 -> 2021,6,PERSISTENT_CHANGE_SIGNAL,TEMPORAL_ONLY_EVIDENCE,0.0049591064453125,0.0035400390625,0.0,0.0750579833984375,1.0,1.0,0.019042385720352432,False,-0.021549880504608154,0.026039347052574158,-0.04058811068534851,1.0,False,NONE_DETECTED,/content/drive/MyDrive/satellite_change_detection/masks/Indore/Indore_r00_c02_2022_2023.png,UNKNOWN,0.727,Indore_r00_c02,22.800686946437697,75.82078185429528
8.099365234375,0.2388014793395996,0.730636715888977,54,0.72174072265625,Indore,Indore_r00_c02.tif,2023,2024,LOW_PRIORITY_REVIEW,SCATTERED_CHANGE,True,2020 -> 2021,6,PERSISTENT_CHANGE_SIGNAL,TEMPORAL_ONLY_EVIDENCE,0.0035400390625,0.0042724609375,0.0750579833984375,4.57763671875e-05,1.0,1.0,0.06987525608575997,False,-0.1824204921722412,0.1393161118030548,0.05985724925994873,1.0,False,NONE_DETECTED,/content/drive/MyDrive/satellite_change_detection/masks/Indore/Indore_r00_c02_2023_2024.png,CONSTRUCTION,0.687,Indore_r00_c02,22.800686946437697,75.82078185429528
7.2174072265625,0.2654736042022705,0.9251769185066223,35,1.1962890625,Indore,Indore_r00_c02.tif,2024,2025,REVIEW_REQUIRED,SCATTERED_CHANGE,True,2020 -> 2021,6,PERSISTENT_CHANGE_SIGNAL,TEMPORAL_ONLY_EVIDENCE,0.0042724609375,0.0053558349609375,4.57763671875e-05,0.0,1.0,1.0,0.06325739088965586,False,-0.04704734683036804,0.027178853750228882,0.01075667142868042,1.024,False,NONE_DETECTED,/content/drive/MyDrive/satellite_change_detection/masks/Indore/Indore_r00_c02_2024_2025.png,UNKNOWN,0.713,Indore_r00_c02,22.800686946437697,75.82078185429528
4.91180419921875,0.24643467366695404,0.6676042079925537,23,2.0050048828125,Indore,Indore_r00_c02.tif,2025,2026,REVIEW_REQUIRED,MODERATELY_CONNECTED,True,2020 -> 2021,6,PERSISTENT_CHANGE_SIGNAL,MODERATE_EVIDENCE,0.0053558349609375,0.0031890869140625,0.0,0.0002593994140625,1.0,1.0,0.05124872449913833,False,-0.013807088136672974,-0.07966040074825287,0.0815686583518982,1.003968253968254,False,NONE_DETECTED,/content/drive/MyDrive/satellite_change_detection/masks/Indore/Indore_r00_c02_2025_2026.png,UNKNOWN,0.711,Indore_r00_c02,22.800686946437697,75.82078185429528
2.86407470703125,0.25867244601249695,0.8489115238189697,17,0.78582763671875,Indore,Indore_r00_c03.tif,2020,2021,LOW_PRIORITY_REVIEW,SCATTERED_CHANGE,True,2020 -> 2021,6,PERSISTENT_CHANGE_SIGNAL,TEMPORAL_ONLY_EVIDENCE,0.0027008056640625,0.003814697265625,0.0183868408203125,0.0001983642578125,1.0,1.0,0.014667991974717255,False,-0.2052406370639801,0.1317244917154312,0.04738101363182068,1.0,False,NONE_DETECTED,/content/drive/MyDrive/satellite_change_detection/masks/Indore/Indore_r00_c03_2020_2021.png,CONSTRUCTION,0.4,Indore_r00_c03,22.80055661668349,75.8457228310842
3.1951904296875,0.25685131549835205,0.863502025604248,19,0.5828857421875,Indore,Indore_r00_c03.tif,2021,2022,LOW_PRIORITY_REVIEW,SCATTERED_CHANGE,True,2020 -> 2021,6,PERSISTENT_CHANGE_SIGNAL,TEMPORAL_ONLY_EVIDENCE,0.003814697265625,0.0039825439453125,0.0001983642578125,0.0,1.0,1.0,0.0922044127784332,False,0.009373396635055542,-0.010379135608673096,0.009408682584762573,1.0,False,NONE_DETECTED,/content/drive/MyDrive/satellite_change_detection/masks/Indore/Indore_r00_c03_2021_2022.png,UNKNOWN,0.443,Indore_r00_c03,22.80055661668349,75.8457228310842
3.14788818359375,0.32936951518058777,0.7691569328308105,17,0.71563720703125,Indore,Indore_r00_c03.tif,2022,2023,LOW_PRIORITY_REVIEW,SCATTERED_CHANGE,True,2020 -> 2021,6,PERSISTENT_CHANGE_SIGNAL,TEMPORAL_ONLY_EVIDENCE,0.0039825439453125,0.00445556640625,0.0,0.041046142578125,1.0,1.0,0.07372059843146168,False,-0.16953715682029724,0.16757434606552124,-0.013892114162445068,1.0,False,NONE_DETECTED,/content/drive/MyDrive/satellite_change_detection/masks/Indore/Indore_r00_c03_2022_2023.png,CONSTRUCTION,0.461,Indore_r00_c03,22.80055661668349,75.8457228310842
2.33154296875,0.25137653946876526,0.6936232447624207,21,0.5523681640625,Indore,Indore_r00_c03.tif,2023,2024,LOW_PRIORITY_REVIEW,SCATTERED_CHANGE,True,2020 -> 2021,6,PERSISTENT_CHANGE_SIGNAL,TEMPORAL_ONLY_EVIDENCE,0.00445556640625,0.0050201416015625,0.041046142578125,0.0,1.0,1.0,0.029305364623042746,False,0.05331292748451233,-0.042461249977350235,0.03652307391166687,1.0,False,NONE_DETECTED,/content/drive/MyDrive/satellite_change_detection/masks/Indore/Indore_r00_c03_2023_2024.png,VEHICLE_OR_ACTIVITY,0.322,Indore_r00_c03,22.80055661668349,75.8457228310842
2.8350830078125,0.35988864302635193,0.9805713891983032,13,0.93536376953125,Indore,Indore_r00_c03.tif,2024,2025,LOW_PRIORITY_REVIEW,SCATTERED_CHANGE,True,2020 -> 2021,6,PERSISTENT_CHANGE_SIGNAL,TEMPORAL_ONLY_EVIDENCE,0.0050201416015625,0.0037689208984375,0.0,0.0,1.0,1.0,0.030268239631354887,False,-0.2235703468322754,0.17083129286766052,0.0025348961353302,1.0458333333333334,False,NONE_DETECTED,/content/drive/MyDrive/satellite_change_detection/masks/Indore/Indore_r00_c03_2024_2025.png,CONSTRUCTION,0.427,Indore_r00_c03,22.80055661668349,75.8457228310842
3.0670166015625,0.33885037899017334,0.654829740524292,16,0.9307861328125,Indore,Indore_r00_c03.tif,2025,2026,LOW_PRIORITY_REVIEW,SCATTERED_CHANGE,True,2020 -> 2021,6,PERSISTENT_CHANGE_SIGNAL,TEMPORAL_ONLY_EVIDENCE,0.0037689208984375,0.001983642578125,0.0,1.52587890625e-05,1.0,1.0,0.10680889437360483,False,0.10830062627792358,-0.10781841725111008,0.016790032386779785,1.0118577075098814,False,NONE_DETECTED,/content/drive/MyDrive/satellite_change_detection/masks/Indore/Indore_r00_c03_2025_2026.png,UNKNOWN,0.456,Indore_r00_c03,22.80055661668349,75.8457228310842
6.33087158203125,0.30806511640548706,0.9668954610824585,40,0.5828857421875,Indore,Indore_r00_c04.tif,2020,2021,LOW_PRIORITY_REVIEW,SCATTERED_CHANGE,True,2020 -> 2021,6,PERSISTENT_CHANGE_SIGNAL,TEMPORAL_ONLY_EVIDENCE,0.0001220703125,0.0003204345703125,0.1069183349609375,0.0001983642578125,1.0,1.0,0.07977953013139008,False,-0.3810652494430542,0.3158436119556427,0.0781310498714447,1.0158730158730158,False,NONE_DETECTED,/content/drive/MyDrive/satellite_change_detection/masks/Indore/Indore_r00_c04_2020_2021.png,CONSTRUCTION,0.719,Indore_r00_c04,22.800422386921223,75.87066362276032
6.85272216796875,0.2799640893936157,0.7743062973022461,48,0.5096435546875,Indore,Indore_r00_c04.tif,2021,2022,LOW_PRIORITY_REVIEW,SCATTERED_CHANGE,True,2020 -> 2021,6,PERSISTENT_CHANGE_SIGNAL,TEMPORAL_ONLY_EVIDENCE,0.0003204345703125,0.0009307861328125,0.0001983642578125,0.0,1.0,1.0,0.04646789879608349,False,-0.0832771360874176,0.02738112211227417,0.05097612738609314,1.0,False,NONE_DETECTED,/content/drive/MyDrive/satellite_change_detection/masks/Indore/Indore_r00_c04_2021_2022.png,UNKNOWN,0.703,Indore_r00_c04,22.800422386921223,75.87066362276032
5.596923828125,0.31525975465774536,0.7275215983390808,31,0.84228515625,Indore,Indore_r00_c04.tif,2022,2023,LOW_PRIORITY_REVIEW,SCATTERED_CHANGE,True,2020 -> 2021,6,PERSISTENT_CHANGE_SIGNAL,TEMPORAL_ONLY_EVIDENCE,0.0009307861328125,0.0016326904296875,0.0,0.1558990478515625,1.0,1.0,0.07211727708612946,False,-0.018163353204727173,0.025005966424942017,-0.05846595764160156,1.0,False,SHADOW,/content/drive/MyDrive/satellite_change_detection/masks/Indore/Indore_r00_c04_2022_2023.png,UNKNOWN,0.3,Indore_r00_c04,22.800422386921223,75.87066362276032
6.82830810546875,0.29559534788131714,0.7436507940292358,32,1.3427734375,Indore,Indore_r00_c04.tif,2023,2024,REVIEW_REQUIRED,SCATTERED_CHANGE,True,2020 -> 2021,6,PERSISTENT_CHANGE_SIGNAL,TEMPORAL_ONLY_EVIDENCE,0.0016326904296875,0.0015411376953125,0.1558990478515625,1.52587890625e-05,1.0,1.0,0.0733997401216241,False,-0.3082665801048279,0.2464626282453537,0.1025770902633667,1.0368852459016393,False,SHADOW,/content/drive/MyDrive/satellite_change_detection/masks/Indore/Indore_r00_c04_2023_2024.png,UNKNOWN,0.3,Indore_r00_c04,22.800422386921223,75.87066362276032
5.8624267578125,0.2976911962032318,0.7687675952911377,28,1.60064697265625,Indore,Indore_r00_c04.tif,2024,2025,REVIEW_REQUIRED,SCATTERED_CHANGE,True,2020 -> 2021,6,PERSISTENT_CHANGE_SIGNAL,TEMPORAL_ONLY_EVIDENCE,0.0015411376953125,0.0009918212890625,1.52587890625e-05,1.52587890625e-05,1.0,1.0,0.038612464582340696,False,-0.1702943742275238,0.12137104570865631,0.00973212718963623,1.0578512396694215,False,NONE_DETECTED,/content/drive/MyDrive/satellite_change_detection/masks/Indore/Indore_r00_c04_2024_2025.png,CONSTRUCTION,0.739,Indore_r00_c04,22.800422386921223,75.87066362276032
2.752685546875,0.32857993245124817,0.6529248952865601,21,0.3875732421875,Indore,Indore_r00_c04.tif,2025,2026,LOW_PRIORITY_REVIEW,SCATTERED_CHANGE,True,2020 -> 2021,6,PERSISTENT_CHANGE_SIGNAL,TEMPORAL_ONLY_EVIDENCE,0.0009918212890625,0.001312255859375,1.52587890625e-05,6.103515625e-05,1.0,1.0,0.05882985753211569,False,-0.06591898202896118,0.0494537279009819,0.01488831639289856,1.0364372469635628,False,NONE_DETECTED,/content/drive/MyDrive/satellite_change_detection/masks/Indore/Indore_r00_c04_2025_2026.png,VEHICLE_OR_ACTIVITY,0.399,Indore_r00_c04,22.800422386921223,75.87066362276032
1.9683837890625,0.24485374987125397,0.6360205411911011,16,0.49896240234375,Indore,Indore_r00_c05.tif,2020,2021,LOW_PRIORITY_REVIEW,SCATTERED_CHANGE,False,2020 -> 2022,5,PERSISTENT_CHANGE_SIGNAL,TEMPORAL_ONLY_EVIDENCE,1.52587890625e-05,0.000701904296875,0.0607147216796875,0.0016937255859375,1.0,1.0,0.01979952122596016,False,-0.22900903224945068,0.14476333558559418,0.08923685550689697,1.0199203187250996,False,NONE_DETECTED,/content/drive/MyDrive/satellite_change_detection/masks/Indore/Indore_r00_c05_2020_2021.png,CONSTRUCTION,0.27,Indore_r00_c05,22.800284257270334,75.89560422386687
4.15496826171875,0.3199598491191864,0.9271225929260254,17,1.24053955078125,Indore,Indore_r00_c05.tif,2021,2022,REVIEW_REQUIRED,SCATTERED_CHANGE,True,2020 -> 2022,5,PERSISTENT_CHANGE_SIGNAL,TEMPORAL_ONLY_EVIDENCE,0.000701904296875,0.0003204345703125,0.0016937255859375,0.00079345703125,1.0,1.0,0.047397408195310936,False,-0.2402896285057068,0.21832695603370667,0.005497962236404419,1.080168776371308,False,NONE_DETECTED,/content/drive/MyDrive/satellite_change_detection/masks/Indore/Indore_r00_c05_2021_2022.png,CONSTRUCTION,0.616,Indore_r00_c05,22.800284257270334,75.89560422386687
1.93939208984375,0.35386139154434204,0.7627842426300049,13,0.42266845703125,Indore,Indore_r00_c05.tif,2022,2023,LOW_PRIORITY_REVIEW,SCATTERED_CHANGE,False,2020 -> 2022,5,PERSISTENT_CHANGE_SIGNAL,TEMPORAL_ONLY_EVIDENCE,0.0003204345703125,0.000274658203125,0.00079345703125,0.0843963623046875,1.0,1.0,0.09572672992958499,False,-0.21595928072929382,0.18262651562690735,-0.04291793704032898,1.0818181818181818,False,NONE_DETECTED,/content/drive/MyDrive/satellite_change_detection/masks/Indore/Indore_r00_c05_2022_2023.png,CONSTRUCTION,0.286,Indore_r00_c05,22.800284257270334,75.89560422386687
2.5970458984375,0.35670897364616394,0.6504644155502319,13,0.74920654296875,Indore,Indore_r00_c05.tif,2023,2024,LOW_PRIORITY_REVIEW,SCATTERED_CHANGE,True,2020 -> 2022,5,PERSISTENT_CHANGE_SIGNAL,TEMPORAL_ONLY_EVIDENCE,0.000274658203125,0.0002288818359375,0.0843963623046875,0.00042724609375,1.0,1.0,0.03052742893334827,False,-0.09893110394477844,0.07811832427978516,0.05206146836280823,1.158371040723982,False,NONE_DETECTED,/content/drive/MyDrive/satellite_change_detection/masks/Indore/Indore_r00_c05_2023_2024.png,UNKNOWN,0.388,Indore_r00_c05,22.800284257270334,75.89560422386687
1.71661376953125,0.29659485816955566,0.66295325756073,13,0.38909912109375,Indore,Indore_r00_c05.tif,2024,2025,LOW_PRIORITY_REVIEW,SCATTERED_CHANGE,False,2020 -> 2022,5,PERSISTENT_CHANGE_SIGNAL,TEMPORAL_ONLY_EVIDENCE,0.0002288818359375,0.0001373291015625,0.00042724609375,0.00048828125,1.0,1.0,0.019501363119909822,False,-0.1011180579662323,0.12302878499031067,-0.04888400435447693,1.401360544217687,False,NONE_DETECTED,/content/drive/MyDrive/satellite_change_detection/masks/Indore/Indore_r00_c05_2024_2025.png,CONSTRUCTION,0.243,Indore_r00_c05,22.800284257270334,75.89560422386687
2.215576171875,0.35501915216445923,0.8359255194664001,10,0.44708251953125,Indore,Indore_r00_c05.tif,2025,2026,LOW_PRIORITY_REVIEW,SCATTERED_CHANGE,True,2020 -> 2022,5,PERSISTENT_CHANGE_SIGNAL,TEMPORAL_ONLY_EVIDENCE,0.0001373291015625,0.00018310546875,0.00048828125,0.0002899169921875,1.0,1.0,0.040118743845372395,False,-0.17294776439666748,0.13427260518074036,0.024079978466033936,1.0262008733624455,False,NONE_DETECTED,/content/drive/MyDrive/satellite_change_detection/masks/Indore/Indore_r00_c05_2025_2026.png,CONSTRUCTION,0.327,Indore_r00_c05,22.800284257270334,75.89560422386687
11.7828369140625,0.3250734508037567,0.6209816932678223,18,6.4971923828125,Indore,Indore_r00_c06.tif,2020,2021,MODERATE_STRUCTURED_CHANGE,MODERATELY_CONNECTED,True,2020 -> 2021,6,PERSISTENT_CHANGE_SIGNAL,MODERATE_EVIDENCE,0.0002288818359375,0.0006561279296875,0.086517333984375,0.0022735595703125,1.0,1.0,0.019245023378742395,False,-0.41757065057754517,0.3604896068572998,0.018631726503372192,1.0120481927710843,False,NONE_DETECTED,/content/drive/MyDrive/satellite_change_detection/masks/Indore/Indore_r00_c06_2020_2021.png,CONSTRUCTION,0.875,Indore_r00_c06,22.80014222785375,75.92054462894731
5.03387451171875,0.2681264877319336,0.7250542640686035,25,0.6591796875,Indore,Indore_r00_c06.tif,2021,2022,LOW_PRIORITY_REVIEW,SCATTERED_CHANGE,True,2020 -> 2021,6,PERSISTENT_CHANGE_SIGNAL,TEMPORAL_ONLY_EVIDENCE,0.0006561279296875,0.0005645751953125,0.0022735595703125,0.0,1.0,1.0,0.07875157763172111,False,0.0253201425075531,-0.02464623749256134,0.025076478719711304,1.1318181818181818,False,NONE_DETECTED,/content/drive/MyDrive/satellite_change_detection/masks/Indore/Indore_r00_c06_2021_2022.png,UNKNOWN,0.701,Indore_r00_c06,22.80014222785375,75.92054462894731
4.09393310546875,0.2968062162399292,0.7759391069412231,18,1.12762451171875,Indore,Indore_r00_c06.tif,2022,2023,REVIEW_REQUIRED,SCATTERED_CHANGE,True,2020 -> 2021,6,PERSISTENT_CHANGE_SIGNAL,TEMPORAL_ONLY_EVIDENCE,0.0005645751953125,0.00054931640625,0.0,0.08599853515625,1.0,1.0,0.025289086704623407,False,-0.1761654019355774,0.11888951063156128,0.017701804637908936,1.018348623853211,False,NONE_DETECTED,/content/drive/MyDrive/satellite_change_detection/masks/Indore/Indore_r00_c06_2022_2023.png,CONSTRUCTION,0.595,Indore_r00_c06,22.80014222785375,75.92054462894731
2.0233154296875,0.3339114785194397,0.6861164569854736,8,0.64544677734375,Indore,Indore_r00_c06.tif,2023,2024,LOW_PRIORITY_REVIEW,SCATTERED_CHANGE,True,2020 -> 2021,6,PERSISTENT_CHANGE_SIGNAL,TEMPORAL_ONLY_EVIDENCE,0.00054931640625,0.0008544921875,0.08599853515625,1.52587890625e-05,1.0,1.0,0.11652939484721438,False,-0.20198765397071838,0.0891033411026001,0.11678650975227356,1.1402439024390243,False,NONE_DETECTED,/content/drive/MyDrive/satellite_change_detection/masks/Indore/Indore_r00_c06_2023_2024.png,VEGETATION_LOSS,0.297,Indore_r00_c06,22.80014222785375,75.92054462894731
3.69110107421875,0.3155753016471863,0.7197535037994385,15,1.52587890625,Indore,Indore_r00_c06.tif,2024,2025,REVIEW_REQUIRED,SCATTERED_CHANGE,True,2020 -> 2021,6,PERSISTENT_CHANGE_SIGNAL,TEMPORAL_ONLY_EVIDENCE,0.0008544921875,0.000885009765625,1.52587890625e-05,0.0,1.0,1.0,0.0514111051317782,False,-0.2780503034591675,0.21560874581336975,0.028056561946868896,1.004,False,NONE_DETECTED,/content/drive/MyDrive/satellite_change_detection/masks/Indore/Indore_r00_c06_2024_2025.png,CONSTRUCTION,0.551,Indore_r00_c06,22.80014222785375,75.92054462894731
1.96685791015625,0.30581074953079224,0.7790830135345459,18,0.30364990234375,Indore,Indore_r00_c06.tif,2025,2026,LOW_PRIORITY_REVIEW,SCATTERED_CHANGE,False,2020 -> 2021,6,PERSISTENT_CHANGE_SIGNAL,TEMPORAL_ONLY_EVIDENCE,0.000885009765625,0.001556396484375,0.0,0.0,1.0,1.0,0.07917654208396546,False,-0.08809468150138855,0.03958573564887047,0.04503226280212402,1.004149377593361,False,NONE_DETECTED,/content/drive/MyDrive/satellite_change_detection/masks/Indore/Indore_r00_c06_2025_2026.png,UNKNOWN,0.279,Indore_r00_c06,22.80014222785375,75.92054462894731
13.671875,0.26160842180252075,0.793502688407898,48,1.43890380859375,Indore,Indore_r00_c07.tif,2020,2021,REVIEW_REQUIRED,SCATTERED_CHANGE,True,2020 -> 2021,6,PERSISTENT_CHANGE_SIGNAL,TEMPORAL_ONLY_EVIDENCE,1.52587890625e-05,0.00048828125,0.1223907470703125,0.0020599365234375,1.0,1.0,0.06774857199142094,False,-0.2842597961425781,0.20624202489852905,0.0681115984916687,1.0,False,NONE_DETECTED,/content/drive/MyDrive/satellite_change_detection/masks/Indore/Indore_r00_c07_2020_2021.png,CONSTRUCTION,0.717,Indore_r00_c07,22.79999629879787,75.94548483254542
13.29803466796875,0.2973252534866333,0.9378751516342163,39,3.86505126953125,Indore,Indore_r00_c07.tif,2021,2022,REVIEW_REQUIRED,MODERATELY_CONNECTED,True,2020 -> 2021,6,PERSISTENT_CHANGE_SIGNAL,MODERATE_EVIDENCE,0.00048828125,0.00048828125,0.0020599365234375,0.0,1.0,1.0,0.03391704632878154,False,-0.026336610317230225,0.05733194947242737,0.013272464275360107,1.0491803278688525,False,NONE_DETECTED,/content/drive/MyDrive/satellite_change_detection/masks/Indore/Indore_r00_c07_2021_2022.png,UNKNOWN,0.795,Indore_r00_c07,22.79999629879787,75.94548483254542
14.48211669921875,0.39485856890678406,0.9456496834754944,32,7.1014404296875,Indore,Indore_r00_c07.tif,2022,2023,MODERATE_STRUCTURED_CHANGE,MODERATELY_CONNECTED,True,2020 -> 2021,6,PERSISTENT_CHANGE_SIGNAL,MODERATE_EVIDENCE,0.00048828125,0.0008392333984375,0.0,0.13079833984375,1.0,1.0,0.09459432944220626,False,-0.07911866903305054,0.11949581652879715,-0.07878461480140686,1.0,False,NONE_DETECTED,/content/drive/MyDrive/satellite_change_detection/masks/Indore/Indore_r00_c07_2022_2023.png,CONSTRUCTION,0.925,Indore_r00_c07,22.79999629879787,75.94548483254542
13.57421875,0.3334057629108429,0.8283320665359497,40,3.7811279296875,Indore,Indore_r00_c07.tif,2023,2024,REVIEW_REQUIRED,MODERATELY_CONNECTED,True,2020 -> 2021,6,PERSISTENT_CHANGE_SIGNAL,MODERATE_EVIDENCE,0.0008392333984375,0.000518798828125,0.13079833984375,4.57763671875e-05,1.0,1.0,0.04329945668580847,False,0.009970128536224365,-0.050485849380493164,0.08370089530944824,1.0158730158730158,False,NONE_DETECTED,/content/drive/MyDrive/satellite_change_detection/masks/Indore/Indore_r00_c07_2023_2024.png,UNKNOWN,0.811,Indore_r00_c07,22.79999629879787,75.94548483254542
9.375,0.2739993631839752,0.8147273659706116,38,1.63726806640625,Indore,Indore_r00_c07.tif,2024,2025,REVIEW_REQUIRED,SCATTERED_CHANGE,True,2020 -> 2021,6,PERSISTENT_CHANGE_SIGNAL,TEMPORAL_ONLY_EVIDENCE,0.000518798828125,0.000762939453125,4.57763671875e-05,0.0,1.0,1.0,0.0892109128445069,False,-0.03553718328475952,0.030062735080718994,0.003215700387954712,1.0,False,NONE_DETECTED,/content/drive/MyDrive/satellite_change_detection/masks/Indore/Indore_r00_c07_2024_2025.png,UNKNOWN,0.728,Indore_r00_c07,22.79999629879787,75.94548483254542
5.7159423828125,0.30372917652130127,0.8056464791297913,27,0.57373046875,Indore,Indore_r00_c07.tif,2025,2026,LOW_PRIORITY_REVIEW,SCATTERED_CHANGE,True,2020 -> 2021,6,PERSISTENT_CHANGE_SIGNAL,TEMPORAL_ONLY_EVIDENCE,0.000762939453125,0.00091552734375,0.0,3.0517578125e-05,1.0,1.0,0.008525754174630114,False,-0.13021737337112427,0.10462825000286102,0.003332793712615967,1.032258064516129,False,NONE_DETECTED,/content/drive/MyDrive/satellite_change_detection/masks/Indore/Indore_r00_c07_2025_2026.png,CONSTRUCTION,0.716,Indore_r00_c07,22.79999629879787,75.94548483254542
40.54412841796875,0.27876168489456177,0.9828228950500488,38,20.44525146484375,Indore,Indore_r01_c00.tif,2020,2021,STRUCTURED_CHANGE,SPATIALLY_CONNECTED,True,2020 -> 2021,6,PERSISTENT_CHANGE_SIGNAL,STRONG_EVIDENCE,0.00030517578125,0.000244140625,0.0284881591796875,4.57763671875e-05,1.0,1.0,0.09861292503958191,False,-0.32548168301582336,0.2004089653491974,0.05940082669258118,1.0,False,NONE_DETECTED,/content/drive/MyDrive/satellite_change_detection/masks/Indore/Indore_r01_c00_2020_2021.png,CONSTRUCTION,0.939,Indore_r01_c00,22.77781177134623,75.77076939602576
25.347900390625,0.27560341358184814,0.743035078048706,50,13.69476318359375,Indore,Indore_r01_c00.tif,2021,2022,MODERATE_STRUCTURED_CHANGE,SPATIALLY_CONNECTED,True,2020 -> 2021,6,PERSISTENT_CHANGE_SIGNAL,STRONG_EVIDENCE,0.000244140625,0.0001068115234375,4.57763671875e-05,0.0003509521484375,1.0,1.0,0.07568248176002218,False,0.16825583577156067,-0.13204741477966309,0.027487248182296753,1.0,False,NONE_DETECTED,/content/drive/MyDrive/satellite_change_detection/masks/Indore/Indore_r01_c00_2021_2022.png,VEGETATION_GAIN,0.938,Indore_r01_c00,22.77781177134623,75.77076939602576
18.10150146484375,0.26509997248649597,0.7357677817344666,49,2.41546630859375,Indore,Indore_r01_c00.tif,2022,2023,REVIEW_REQUIRED,MODERATELY_CONNECTED,True,2020 -> 2021,6,PERSISTENT_CHANGE_SIGNAL,MODERATE_EVIDENCE,0.0001068115234375,4.57763671875e-05,0.0003509521484375,0.1410369873046875,1.0,1.0,0.17064677377401302,False,0.24552935361862183,-0.1507839411497116,-0.11926960945129395,1.0,False,NONE_DETECTED,/content/drive/MyDrive/satellite_change_detection/masks/Indore/Indore_r01_c00_2022_2023.png,VEGETATION_GAIN,0.743,Indore_r01_c00,22.77781177134623,75.77076939602576
23.99139404296875,0.2667669355869293,0.9039238691329956,40,5.55572509765625,Indore,Indore_r01_c00.tif,2023,2024,MODERATE_STRUCTURED_CHANGE,MODERATELY_CONNECTED,True,2020 -> 2021,6,PERSISTENT_CHANGE_SIGNAL,MODERATE_EVIDENCE,4.57763671875e-05,6.103515625e-05,0.1410369873046875,0.0,1.0,1.0,0.15639888520459427,False,-0.3345217704772949,0.2107805609703064,0.0897323489189148,1.0,False,NONE_DETECTED,/content/drive/MyDrive/satellite_change_detection/masks/Indore/Indore_r01_c00_2023_2024.png,CONSTRUCTION,0.822,Indore_r01_c00,22.77781177134623,75.77076939602576
21.2890625,0.2582774758338928,0.7741006016731262,43,3.21197509765625,Indore,Indore_r01_c00.tif,2024,2025,REVIEW_REQUIRED,MODERATELY_CONNECTED,True,2020 -> 2021,6,PERSISTENT_CHANGE_SIGNAL,MODERATE_EVIDENCE,6.103515625e-05,7.62939453125e-05,0.0,0.0,1.0,1.0,0.07763933667958126,False,0.21337160468101501,-0.14605309069156647,-0.013124704360961914,1.0,False,NONE_DETECTED,/content/drive/MyDrive/satellite_change_detection/masks/Indore/Indore_r01_c00_2024_2025.png,VEGETATION_GAIN,0.759,Indore_r01_c00,22.77781177134623,75.77076939602576
4.58831787109375,0.2650390863418579,0.789283275604248,26,0.83770751953125,Indore,Indore_r01_c00.tif,2025,2026,LOW_PRIORITY_REVIEW,SCATTERED_CHANGE,True,2020 -> 2021,6,PERSISTENT_CHANGE_SIGNAL,TEMPORAL_ONLY_EVIDENCE,7.62939453125e-05,0.0001373291015625,0.0,1.52587890625e-05,1.0,1.0,0.04260939857512332,False,0.03145241737365723,0.0059188902378082275,-0.030168652534484863,1.0242914979757085,False,NONE_DETECTED,/content/drive/MyDrive/satellite_change_detection/masks/Indore/Indore_r01_c00_2025_2026.png,UNKNOWN,0.646,Indore_r01_c00,22.77781177134623,75.77076939602576
23.36883544921875,0.26943159103393555,0.8628662824630737,48,7.3272705078125,Indore,Indore_r01_c01.tif,2020,2021,MODERATE_STRUCTURED_CHANGE,MODERATELY_CONNECTED,True,2020 -> 2021,6,PERSISTENT_CHANGE_SIGNAL,MODERATE_EVIDENCE,0.0,0.0,0.0836181640625,0.0009918212890625,1.0,1.0,0.06155505988261865,False,-0.3387286961078644,0.22648045420646667,0.08171114325523376,1.0,False,NONE_DETECTED,/content/drive/MyDrive/satellite_change_detection/masks/Indore/Indore_r01_c01_2020_2021.png,CONSTRUCTION,0.868,Indore_r01_c01,22.777689379880943,75.79570652270453
16.2811279296875,0.2509903013706207,0.8187254071235657,48,1.959228515625,Indore,Indore_r01_c01.tif,2021,2022,REVIEW_REQUIRED,SCATTERED_CHANGE,True,2020 -> 2021,6,PERSISTENT_CHANGE_SIGNAL,TEMPORAL_ONLY_EVIDENCE,0.0,0.0,0.0009918212890625,0.0,1.0,1.0,0.10804494545644665,False,0.07990199327468872,-0.05508923530578613,0.011942505836486816,1.0,False,NONE_DETECTED,/content/drive/MyDrive/satellite_change_detection/masks/Indore/Indore_r01_c01_2021_2022.png,UNKNOWN,0.724,Indore_r01_c01,22.777689379880943,75.79570652270453
10.125732421875,0.3025372624397278,0.9095730781555176,41,1.62811279296875,Indore,Indore_r01_c01.tif,2022,2023,REVIEW_REQUIRED,SCATTERED_CHANGE,True,2020 -> 2021,6,PERSISTENT_CHANGE_SIGNAL,TEMPORAL_ONLY_EVIDENCE,0.0,0.0,0.0,0.1156463623046875,1.0,1.0,0.021594146583242463,False,0.09540235996246338,-0.0439872145652771,-0.07508242130279541,1.00398406374502,False,NONE_DETECTED,/content/drive/MyDrive/satellite_change_detection/masks/Indore/Indore_r01_c01_2022_2023.png,UNKNOWN,0.742,Indore_r01_c01,22.777689379880943,75.79570652270453
10.26763916015625,0.26814010739326477,0.7409946918487549,51,1.18255615234375,Indore,Indore_r01_c01.tif,2023,2024,REVIEW_REQUIRED,SCATTERED_CHANGE,True,2020 -> 2021,6,PERSISTENT_CHANGE_SIGNAL,TEMPORAL_ONLY_EVIDENCE,0.0,0.0,0.1156463623046875,0.0,1.0,1.0,0.042374380518098324,False,-0.22260576486587524,0.1683914214372635,0.05606010556221008,1.0,False,NONE_DETECTED,/content/drive/MyDrive/satellite_change_detection/masks/Indore/Indore_r01_c01_2023_2024.png,CONSTRUCTION,0.714,Indore_r01_c01,22.777689379880943,75.79570652270453
12.2344970703125,0.3359959125518799,0.848852813243866,34,2.8564453125,Indore,Indore_r01_c01.tif,2024,2025,REVIEW_REQUIRED,MODERATELY_CONNECTED,True,2020 -> 2021,6,PERSISTENT_CHANGE_SIGNAL,MODERATE_EVIDENCE,0.0,0.0,0.0,0.0,1.0,1.0,0.04362668724897453,False,-0.10188862681388855,0.09708413481712341,-0.011941522359848022,1.0,False,NONE_DETECTED,/content/drive/MyDrive/satellite_change_detection/masks/Indore/Indore_r01_c01_2024_2025.png,UNKNOWN,0.789,Indore_r01_c01,22.777689379880943,75.79570652270453
7.74688720703125,0.3148936629295349,0.9054015278816223,38,1.06964111328125,Indore,Indore_r01_c01.tif,2025,2026,REVIEW_REQUIRED,SCATTERED_CHANGE,True,2020 -> 2021,6,PERSISTENT_CHANGE_SIGNAL,TEMPORAL_ONLY_EVIDENCE,0.0,0.0,0.0,0.0001373291015625,1.0,1.0,0.03159801633456824,False,-0.13941961526870728,0.12775425612926483,-0.002304583787918091,1.0406504065040652,False,NONE_DETECTED,/content/drive/MyDrive/satellite_change_detection/masks/Indore/Indore_r01_c01_2025_2026.png,CONSTRUCTION,0.734,Indore_r01_c01,22.777689379880943,75.79570652270453
11.68365478515625,0.24826228618621826,0.6153883337974548,46,1.995849609375,Indore,Indore_r01_c02.tif,2020,2021,REVIEW_REQUIRED,SCATTERED_CHANGE,True,2020 -> 2021,6,PERSISTENT_CHANGE_SIGNAL,TEMPORAL_ONLY_EVIDENCE,0.0003814697265625,0.000885009765625,0.0586700439453125,0.0001068115234375,1.0,1.0,0.04454608588514011,False,-0.26085129380226135,0.19187313318252563,0.052412211894989014,1.0,False,NONE_DETECTED,/content/drive/MyDrive/satellite_change_detection/masks/Indore/Indore_r01_c02_2020_2021.png,CONSTRUCTION,0.724,Indore_r01_c02,22.777563092569235,75.82064347531578
12.56866455078125,0.2918796241283417,0.9557178616523743,46,2.87322998046875,Indore,Indore_r01_c02.tif,2021,2022,REVIEW_REQUIRED,MODERATELY_CONNECTED,True,2020 -> 2021,6,PERSISTENT_CHANGE_SIGNAL,MODERATE_EVIDENCE,0.000885009765625,0.00146484375,0.0001068115234375,0.0,1.0,1.0,0.1421877374311401,False,-0.026456773281097412,0.009546011686325073,0.04531759023666382,1.0,False,NONE_DETECTED,/content/drive/MyDrive/satellite_change_detection/masks/Indore/Indore_r01_c02_2021_2022.png,UNKNOWN,0.768,Indore_r01_c02,22.777563092569235,75.82064347531578
7.52105712890625,0.2624529004096985,0.8378633260726929,32,0.75531005859375,Indore,Indore_r01_c02.tif,2022,2023,LOW_PRIORITY_REVIEW,SCATTERED_CHANGE,True,2020 -> 2021,6,PERSISTENT_CHANGE_SIGNAL,TEMPORAL_ONLY_EVIDENCE,0.00146484375,0.0012359619140625,0.0,0.07745361328125,1.0,1.0,0.009744283269030454,False,0.08290359377861023,-0.08670913428068161,0.0011839866638183594,1.1797235023041475,False,NONE_DETECTED,/content/drive/MyDrive/satellite_change_detection/masks/Indore/Indore_r01_c02_2022_2023.png,UNKNOWN,0.7,Indore_r01_c02,22.777563092569235,75.82064347531578
6.04400634765625,0.23740413784980774,0.6169548034667969,29,0.6988525390625,Indore,Indore_r01_c02.tif,2023,2024,LOW_PRIORITY_REVIEW,SCATTERED_CHANGE,True,2020 -> 2021,6,PERSISTENT_CHANGE_SIGNAL,TEMPORAL_ONLY_EVIDENCE,0.0012359619140625,0.0010223388671875,0.07745361328125,0.0,1.0,1.0,0.10739857354994228,False,-0.05135732889175415,-0.014092221856117249,0.047021329402923584,1.0448979591836736,False,NONE_DETECTED,/content/drive/MyDrive/satellite_change_detection/masks/Indore/Indore_r01_c02_2023_2024.png,UNKNOWN,0.686,Indore_r01_c02,22.777563092569235,75.82064347531578
8.1329345703125,0.27886179089546204,0.9044114351272583,35,1.0040283203125,Indore,Indore_r01_c02.tif,2024,2025,REVIEW_REQUIRED,SCATTERED_CHANGE,True,2020 -> 2021,6,PERSISTENT_CHANGE_SIGNAL,TEMPORAL_ONLY_EVIDENCE,0.0010223388671875,0.0009002685546875,0.0,0.0,1.0,1.0,0.08184967991842626,False,0.0033107399940490723,0.022934824228286743,-0.0340309739112854,1.0,False,NONE_DETECTED,/content/drive/MyDrive/satellite_change_detection/masks/Indore/Indore_r01_c02_2024_2025.png,UNKNOWN,0.715,Indore_r01_c02,22.777563092569235,75.82064347531578
4.3212890625,0.3014230728149414,0.8949494361877441,30,0.897216796875,Indore,Indore_r01_c02.tif,2025,2026,LOW_PRIORITY_REVIEW,SCATTERED_CHANGE,True,2020 -> 2021,6,PERSISTENT_CHANGE_SIGNAL,TEMPORAL_ONLY_EVIDENCE,0.0009002685546875,0.000701904296875,0.0,4.57763671875e-05,1.0,1.0,0.05696072610591723,False,-0.06849324703216553,0.04981246590614319,0.017439305782318115,1.024,False,NONE_DETECTED,/content/drive/MyDrive/satellite_change_detection/masks/Indore/Indore_r01_c02_2025_2026.png,UNKNOWN,0.625,Indore_r01_c02,22.777563092569235,75.82064347531578
4.23736572265625,0.2386585772037506,0.5488197803497314,35,0.50048828125,Indore,Indore_r01_c03.tif,2020,2021,LOW_PRIORITY_REVIEW,SCATTERED_CHANGE,True,2020 -> 2021,6,PERSISTENT_CHANGE_SIGNAL,TEMPORAL_ONLY_EVIDENCE,0.0006561279296875,0.0036468505859375,0.01751708984375,1.52587890625e-05,1.0,1.0,0.0796935263025327,False,-0.014282196760177612,0.02482914924621582,-0.017091363668441772,1.0406504065040652,False,NONE_DETECTED,/content/drive/MyDrive/satellite_change_detection/masks/Indore/Indore_r01_c03_2020_2021.png,UNKNOWN,0.578,Indore_r01_c03,22.777432909523466,75.84558024840638
1.6693115234375,0.2923227548599243,0.7991838455200195,13,0.54779052734375,Indore,Indore_r01_c03.tif,2021,2022,LOW_PRIORITY_REVIEW,SCATTERED_CHANGE,False,2020 -> 2021,6,PERSISTENT_CHANGE_SIGNAL,TEMPORAL_ONLY_EVIDENCE,0.0036468505859375,0.003997802734375,1.52587890625e-05,0.0,1.0,1.0,0.07895436434064847,False,-0.3282248079776764,0.2624131143093109,0.03639647364616394,1.3277777777777777,False,NONE_DETECTED,/content/drive/MyDrive/satellite_change_detection/masks/Indore/Indore_r01_c03_2021_2022.png,CONSTRUCTION,0.237,Indore_r01_c03,22.777432909523466,75.84558024840638
3.25927734375,0.3287428915500641,0.8303415775299072,16,1.60064697265625,Indore,Indore_r01_c03.tif,2022,2023,REVIEW_REQUIRED,SCATTERED_CHANGE,True,2020 -> 2021,6,PERSISTENT_CHANGE_SIGNAL,TEMPORAL_ONLY_EVIDENCE,0.003997802734375,0.0031280517578125,0.0,0.0151519775390625,1.0,1.0,0.060645632715178165,False,-0.3502531349658966,0.23616069555282593,0.08830001950263977,1.0572687224669604,False,NONE_DETECTED,/content/drive/MyDrive/satellite_change_detection/masks/Indore/Indore_r01_c03_2022_2023.png,CONSTRUCTION,0.492,Indore_r01_c03,22.777432909523466,75.84558024840638
1.51824951171875,0.26634901762008667,0.7925496101379395,16,0.35552978515625,Indore,Indore_r01_c03.tif,2023,2024,LOW_PRIORITY_REVIEW,SCATTERED_CHANGE,False,2020 -> 2021,6,PERSISTENT_CHANGE_SIGNAL,TEMPORAL_ONLY_EVIDENCE,0.0031280517578125,0.00457763671875,0.0151519775390625,0.0,1.0,1.0,0.09388239411881626,False,0.12374046444892883,-0.07238999754190445,0.0033224821090698242,1.0448979591836736,False,NONE_DETECTED,/content/drive/MyDrive/satellite_change_detection/masks/Indore/Indore_r01_c03_2023_2024.png,UNKNOWN,0.21,Indore_r01_c03,22.777432909523466,75.84558024840638
1.76544189453125,0.28246384859085083,0.827176570892334,17,0.42724609375,Indore,Indore_r01_c03.tif,2024,2025,LOW_PRIORITY_REVIEW,SCATTERED_CHANGE,False,2020 -> 2021,6,PERSISTENT_CHANGE_SIGNAL,TEMPORAL_ONLY_EVIDENCE,0.00457763671875,0.002288818359375,0.0,0.0,1.0,1.0,0.020005355301556768,False,-0.22065427899360657,0.14976170659065247,0.03321090340614319,1.0204081632653061,False,NONE_DETECTED,/content/drive/MyDrive/satellite_change_detection/masks/Indore/Indore_r01_c03_2024_2025.png,CONSTRUCTION,0.248,Indore_r01_c03,22.777432909523466,75.84558024840638
1.13372802734375,0.34583431482315063,0.7567497491836548,12,0.30670166015625,Indore,Indore_r01_c03.tif,2025,2026,LOW_PRIORITY_REVIEW,SCATTERED_CHANGE,False,2020 -> 2021,6,PERSISTENT_CHANGE_SIGNAL,TEMPORAL_ONLY_EVIDENCE,0.002288818359375,0.0008697509765625,0.0,0.0,1.0,1.0,0.11039671599917843,False,-0.20424151420593262,0.12100489437580109,0.07234436273574829,1.008130081300813,False,NONE_DETECTED,/content/drive/MyDrive/satellite_change_detection/masks/Indore/Indore_r01_c03_2025_2026.png,CONSTRUCTION,0.166,Indore_r01_c03,22.777432909523466,75.84558024840638
2.935791015625,0.39349016547203064,1.0,19,0.79498291015625,Indore,Indore_r01_c04.tif,2020,2021,LOW_PRIORITY_REVIEW,SCATTERED_CHANGE,True,2020 -> 2021,6,PERSISTENT_CHANGE_SIGNAL,TEMPORAL_ONLY_EVIDENCE,0.0007781982421875,0.0006256103515625,0.0131988525390625,0.0004730224609375,1.0,1.0,0.08478120497671848,False,-0.3610897660255432,0.2575625777244568,0.06420102715492249,1.008130081300813,False,NONE_DETECTED,/content/drive/MyDrive/satellite_change_detection/masks/Indore/Indore_r01_c04_2020_2021.png,CONSTRUCTION,0.45,Indore_r01_c04,22.777298830859465,75.87051683652341
4.11529541015625,0.2921983599662781,0.8171685934066772,22,0.71258544921875,Indore,Indore_r01_c04.tif,2021,2022,LOW_PRIORITY_REVIEW,SCATTERED_CHANGE,True,2020 -> 2021,6,PERSISTENT_CHANGE_SIGNAL,TEMPORAL_ONLY_EVIDENCE,0.0006256103515625,0.000701904296875,0.0004730224609375,3.0517578125e-05,1.0,1.0,0.008982798421113661,False,-0.11113730072975159,0.08762598782777786,0.011399447917938232,1.0,False,NONE_DETECTED,/content/drive/MyDrive/satellite_change_detection/masks/Indore/Indore_r01_c04_2021_2022.png,UNKNOWN,0.588,Indore_r01_c04,22.777298830859465,75.87051683652341
4.05120849609375,0.33619779348373413,0.8432825207710266,25,0.56304931640625,Indore,Indore_r01_c04.tif,2022,2023,LOW_PRIORITY_REVIEW,SCATTERED_CHANGE,True,2020 -> 2021,6,PERSISTENT_CHANGE_SIGNAL,TEMPORAL_ONLY_EVIDENCE,0.000701904296875,0.0003509521484375,3.0517578125e-05,0.0150146484375,1.0,1.0,0.062362888099640634,False,-0.15442052483558655,0.10759548842906952,0.0315251350402832,1.0,False,NONE_DETECTED,/content/drive/MyDrive/satellite_change_detection/masks/Indore/Indore_r01_c04_2022_2023.png,CONSTRUCTION,0.593,Indore_r01_c04,22.777298830859465,75.87051683652341
2.43682861328125,0.2820659279823303,0.7259483337402344,19,0.50506591796875,Indore,Indore_r01_c04.tif,2023,2024,LOW_PRIORITY_REVIEW,SCATTERED_CHANGE,True,2020 -> 2021,6,PERSISTENT_CHANGE_SIGNAL,TEMPORAL_ONLY_EVIDENCE,0.0003509521484375,0.0009307861328125,0.0150146484375,0.0002288818359375,1.0,1.0,0.08774144850569332,False,-0.08130133152008057,0.11965333670377731,-0.057149797677993774,1.0281124497991967,False,NONE_DETECTED,/content/drive/MyDrive/satellite_change_detection/masks/Indore/Indore_r01_c04_2023_2024.png,CONSTRUCTION,0.343,Indore_r01_c04,22.777298830859465,75.87051683652341
2.276611328125,0.3321082293987274,0.878365159034729,17,0.49896240234375,Indore,Indore_r01_c04.tif,2024,2025,LOW_PRIORITY_REVIEW,SCATTERED_CHANGE,True,2020 -> 2021,6,PERSISTENT_CHANGE_SIGNAL,TEMPORAL_ONLY_EVIDENCE,0.0009307861328125,0.0019073486328125,0.0002288818359375,0.000213623046875,1.0,1.0,0.07698375965467398,False,-0.27872276306152344,0.18923503160476685,0.030532538890838623,1.0,False,NONE_DETECTED,/content/drive/MyDrive/satellite_change_detection/masks/Indore/Indore_r01_c04_2024_2025.png,CONSTRUCTION,0.332,Indore_r01_c04,22.777298830859465,75.87051683652341
3.57818603515625,0.33464309573173523,0.7449169158935547,21,0.84381103515625,Indore,Indore_r01_c04.tif,2025,2026,LOW_PRIORITY_REVIEW,SCATTERED_CHANGE,True,2020 -> 2021,6,PERSISTENT_CHANGE_SIGNAL,TEMPORAL_ONLY_EVIDENCE,0.0019073486328125,0.0012969970703125,0.000213623046875,4.57763671875e-05,1.0,1.0,0.020661538522470876,False,-0.2301829755306244,0.16901707649230957,0.03732490539550781,1.1851851851851851,False,NONE_DETECTED,/content/drive/MyDrive/satellite_change_detection/masks/Indore/Indore_r01_c04_2025_2026.png,CONSTRUCTION,0.528,Indore_r01_c04,22.777298830859465,75.87051683652341
0.93994140625,0.29383283853530884,0.8294467926025391,9,0.2166748046875,Indore,Indore_r01_c05.tif,2020,2021,LIKELY_NO_CHANGE,SCATTERED_CHANGE,False,2020 -> 2022,5,PERSISTENT_CHANGE_SIGNAL,TEMPORAL_ONLY_EVIDENCE,0.0009307861328125,0.005615234375,0.004547119140625,0.00164794921875,1.0,1.0,0.06384155476605037,False,-0.14406618475914001,0.11641931533813477,-0.003810316324234009,1.391566265060241,False,NONE_DETECTED,/content/drive/MyDrive/satellite_change_detection/masks/Indore/Indore_r01_c05_2020_2021.png,CONSTRUCTION,0.132,Indore_r01_c05,22.777160856696533,75.89545323421417
1.055908203125,0.3042275309562683,0.6109127998352051,4,0.90179443359375,Indore,Indore_r01_c05.tif,2021,2022,LOW_PRIORITY_REVIEW,SCATTERED_CHANGE,False,2020 -> 2022,5,PERSISTENT_CHANGE_SIGNAL,TEMPORAL_ONLY_EVIDENCE,0.005615234375,0.00445556640625,0.00164794921875,0.0001068115234375,1.0,1.0,0.05655198488563254,False,-0.3016211986541748,0.3097119927406311,0.011243939399719238,1.8914728682170543,False,NONE_DETECTED,/content/drive/MyDrive/satellite_change_detection/masks/Indore/Indore_r01_c05_2021_2022.png,CONSTRUCTION,0.153,Indore_r01_c05,22.777160856696533,75.89545323421417
0.86669921875,0.23481294512748718,0.634182333946228,6,0.4119873046875,Indore,Indore_r01_c05.tif,2022,2023,LIKELY_NO_CHANGE,SCATTERED_CHANGE,False,2020 -> 2022,5,PERSISTENT_CHANGE_SIGNAL,TEMPORAL_ONLY_EVIDENCE,0.00445556640625,0.0029296875,0.0001068115234375,0.0057525634765625,1.0,1.0,0.09001447253332809,False,-0.11050935089588165,0.07885421067476273,0.019664376974105835,1.0672645739910314,False,NONE_DETECTED,/content/drive/MyDrive/satellite_change_detection/masks/Indore/Indore_r01_c05_2022_2023.png,UNKNOWN,0.117,Indore_r01_c05,22.777160856696533,75.89545323421417
1.31072998046875,0.31788498163223267,0.8131646513938904,10,0.30364990234375,Indore,Indore_r01_c05.tif,2023,2024,LOW_PRIORITY_REVIEW,SCATTERED_CHANGE,False,2020 -> 2022,5,PERSISTENT_CHANGE_SIGNAL,TEMPORAL_ONLY_EVIDENCE,0.0029296875,0.003387451171875,0.0057525634765625,0.000152587890625,1.0,1.0,0.07349404385584993,False,-0.15943464636802673,0.09352335333824158,0.06614968180656433,1.0940170940170941,False,NONE_DETECTED,/content/drive/MyDrive/satellite_change_detection/masks/Indore/Indore_r01_c05_2023_2024.png,VEGETATION_LOSS,0.188,Indore_r01_c05,22.777160856696533,75.89545323421417
1.16729736328125,0.2744731903076172,0.7722843885421753,12,0.26397705078125,Indore,Indore_r01_c05.tif,2024,2025,LOW_PRIORITY_REVIEW,SCATTERED_CHANGE,False,2020 -> 2022,5,PERSISTENT_CHANGE_SIGNAL,TEMPORAL_ONLY_EVIDENCE,0.003387451171875,0.001861572265625,0.000152587890625,0.0001983642578125,1.0,1.0,0.04187565344484743,False,0.016935080289840698,-0.05804142355918884,0.027863740921020508,1.331578947368421,False,NONE_DETECTED,/content/drive/MyDrive/satellite_change_detection/masks/Indore/Indore_r01_c05_2024_2025.png,UNKNOWN,0.162,Indore_r01_c05,22.777160856696533,75.89545323421417
0.36773681640625,0.2784559428691864,0.5036792159080505,5,0.1220703125,Indore,Indore_r01_c05.tif,2025,2026,LIKELY_NO_CHANGE,SCATTERED_CHANGE,False,2020 -> 2022,5,PERSISTENT_CHANGE_SIGNAL,TEMPORAL_ONLY_EVIDENCE,0.001861572265625,0.001739501953125,0.0001983642578125,0.0,1.0,1.0,0.0569519202205016,False,-0.28414636850357056,0.20159709453582764,0.047934263944625854,1.9393939393939394,False,NONE_DETECTED,/content/drive/MyDrive/satellite_change_detection/masks/Indore/Indore_r01_c05_2025_2026.png,CONSTRUCTION,0.051,Indore_r01_c05,22.777160856696533,75.89545323421417
3.77197265625,0.2528386116027832,0.8111982345581055,19,0.62103271484375,Indore,Indore_r01_c06.tif,2020,2021,LOW_PRIORITY_REVIEW,SCATTERED_CHANGE,True,2020 -> 2021,6,PERSISTENT_CHANGE_SIGNAL,TEMPORAL_ONLY_EVIDENCE,0.0004119873046875,0.001953125,0.046875,0.0118560791015625,1.0,1.0,0.04384748382743207,False,-0.2752225995063782,0.2544689178466797,0.003527343273162842,1.0553191489361702,False,NONE_DETECTED,/content/drive/MyDrive/satellite_change_detection/masks/Indore/Indore_r01_c06_2020_2021.png,CONSTRUCTION,0.522,Indore_r01_c06,22.77701898715743,75.92038943602633
3.216552734375,0.2558014392852783,0.5651835203170776,21,0.76446533203125,Indore,Indore_r01_c06.tif,2021,2022,LOW_PRIORITY_REVIEW,SCATTERED_CHANGE,True,2020 -> 2021,6,PERSISTENT_CHANGE_SIGNAL,TEMPORAL_ONLY_EVIDENCE,0.001953125,0.0016021728515625,0.0118560791015625,0.00213623046875,1.0,1.0,0.00833125386370387,False,-0.05231311917304993,0.02255570888519287,0.0641058087348938,1.0291666666666666,False,NONE_DETECTED,/content/drive/MyDrive/satellite_change_detection/masks/Indore/Indore_r01_c06_2021_2022.png,UNKNOWN,0.448,Indore_r01_c06,22.77701898715743,75.92038943602633
3.40728759765625,0.31430432200431824,0.7229418754577637,18,0.93231201171875,Indore,Indore_r01_c06.tif,2022,2023,LOW_PRIORITY_REVIEW,SCATTERED_CHANGE,True,2020 -> 2021,6,PERSISTENT_CHANGE_SIGNAL,TEMPORAL_ONLY_EVIDENCE,0.0016021728515625,0.001678466796875,0.00213623046875,0.0591278076171875,1.0,1.0,0.08919268372982495,False,-0.0761323869228363,0.06029907613992691,-0.06417256593704224,1.1327433628318584,False,NONE_DETECTED,/content/drive/MyDrive/satellite_change_detection/masks/Indore/Indore_r01_c06_2022_2023.png,UNKNOWN,0.498,Indore_r01_c06,22.77701898715743,75.92038943602633
1.080322265625,0.28839924931526184,0.6438321471214294,10,0.22735595703125,Indore,Indore_r01_c06.tif,2023,2024,LOW_PRIORITY_REVIEW,SCATTERED_CHANGE,False,2020 -> 2021,6,PERSISTENT_CHANGE_SIGNAL,TEMPORAL_ONLY_EVIDENCE,0.001678466796875,0.001861572265625,0.0591278076171875,0.0002593994140625,1.0,1.0,0.08804953107694544,False,0.09436491131782532,-0.03596322610974312,0.020383715629577637,1.0244897959183674,False,NONE_DETECTED,/content/drive/MyDrive/satellite_change_detection/masks/Indore/Indore_r01_c06_2023_2024.png,UNKNOWN,0.151,Indore_r01_c06,22.77701898715743,75.92038943602633
3.67431640625,0.2905062437057495,0.76478111743927,19,1.4923095703125,Indore,Indore_r01_c06.tif,2024,2025,REVIEW_REQUIRED,SCATTERED_CHANGE,True,2020 -> 2021,6,PERSISTENT_CHANGE_SIGNAL,TEMPORAL_ONLY_EVIDENCE,0.001861572265625,0.001708984375,0.0002593994140625,4.57763671875e-05,1.0,1.0,0.020079846363650664,False,0.07221794128417969,-0.13780322670936584,0.020443081855773926,1.0079681274900398,False,NONE_DETECTED,/content/drive/MyDrive/satellite_change_detection/masks/Indore/Indore_r01_c06_2024_2025.png,UNKNOWN,0.538,Indore_r01_c06,22.77701898715743,75.92038943602633
3.29132080078125,0.29719278216362,0.6627616882324219,19,0.98724365234375,Indore,Indore_r01_c06.tif,2025,2026,LOW_PRIORITY_REVIEW,SCATTERED_CHANGE,True,2020 -> 2021,6,PERSISTENT_CHANGE_SIGNAL,TEMPORAL_ONLY_EVIDENCE,0.001708984375,0.001556396484375,4.57763671875e-05,0.0,1.0,1.0,0.043313863973348334,False,-0.28954553604125977,0.23102419078350067,0.048614323139190674,1.25,False,NONE_DETECTED,/content/drive/MyDrive/satellite_change_detection/masks/Indore/Indore_r01_c06_2025_2026.png,CONSTRUCTION,0.476,Indore_r01_c06,22.77701898715743,75.92038943602633
11.92779541015625,0.3126223087310791,0.9256693124771118,32,3.3233642578125,Indore,Indore_r01_c07.tif,2020,2021,REVIEW_REQUIRED,MODERATELY_CONNECTED,True,2020 -> 2021,6,PERSISTENT_CHANGE_SIGNAL,MODERATE_EVIDENCE,0.0006103515625,0.000762939453125,0.10235595703125,0.004638671875,1.0,1.0,0.018282201698494815,False,-0.4253251850605011,0.3517744243144989,0.06272867321968079,1.0491803278688525,False,NONE_DETECTED,/content/drive/MyDrive/satellite_change_detection/masks/Indore/Indore_r01_c07_2020_2021.png,CONSTRUCTION,0.789,Indore_r01_c07,22.776873222368376,75.94532543650766
12.17193603515625,0.3078140318393707,0.7972718477249146,47,1.3916015625,Indore,Indore_r01_c07.tif,2021,2022,REVIEW_REQUIRED,SCATTERED_CHANGE,True,2020 -> 2021,6,PERSISTENT_CHANGE_SIGNAL,TEMPORAL_ONLY_EVIDENCE,0.000762939453125,0.0007476806640625,0.004638671875,0.0,1.0,1.0,0.08770118419579688,False,-0.13709786534309387,0.10119320452213287,0.0728064775466919,1.0,False,NONE_DETECTED,/content/drive/MyDrive/satellite_change_detection/masks/Indore/Indore_r01_c07_2021_2022.png,CONSTRUCTION,0.739,Indore_r01_c07,22.776873222368376,75.94532543650766
15.5792236328125,0.3036879003047943,0.8096246123313904,37,4.80499267578125,Indore,Indore_r01_c07.tif,2022,2023,REVIEW_REQUIRED,MODERATELY_CONNECTED,True,2020 -> 2021,6,PERSISTENT_CHANGE_SIGNAL,MODERATE_EVIDENCE,0.0007476806640625,0.0006256103515625,0.0,0.1081390380859375,1.0,1.0,0.04220238907710506,False,2.0802021026611328e-05,0.03307551145553589,-0.0916849672794342,1.0,False,NONE_DETECTED,/content/drive/MyDrive/satellite_change_detection/masks/Indore/Indore_r01_c07_2022_2023.png,UNKNOWN,0.822,Indore_r01_c07,22.776873222368376,75.94532543650766
8.98895263671875,0.2756645977497101,0.6797530055046082,37,1.16119384765625,Indore,Indore_r01_c07.tif,2023,2024,REVIEW_REQUIRED,SCATTERED_CHANGE,True,2020 -> 2021,6,PERSISTENT_CHANGE_SIGNAL,TEMPORAL_ONLY_EVIDENCE,0.0006256103515625,0.00054931640625,0.1081390380859375,1.52587890625e-05,1.0,1.0,0.0701643498333184,False,-0.20842036604881287,0.1611570119857788,0.08482268452644348,1.0,False,NONE_DETECTED,/content/drive/MyDrive/satellite_change_detection/masks/Indore/Indore_r01_c07_2023_2024.png,CONSTRUCTION,0.717,Indore_r01_c07,22.776873222368376,75.94532543650766
8.33282470703125,0.296603798866272,0.7901062965393066,33,1.17034912109375,Indore,Indore_r01_c07.tif,2024,2025,REVIEW_REQUIRED,SCATTERED_CHANGE,True,2020 -> 2021,6,PERSISTENT_CHANGE_SIGNAL,TEMPORAL_ONLY_EVIDENCE,0.00054931640625,0.00042724609375,1.52587890625e-05,0.0,1.0,1.0,0.08434270783224668,False,-0.11441868543624878,0.04157382249832153,0.0462566614151001,1.0281124497991967,False,NONE_DETECTED,/content/drive/MyDrive/satellite_change_detection/masks/Indore/Indore_r01_c07_2024_2025.png,UNKNOWN,0.728,Indore_r01_c07,22.776873222368376,75.94532543650766
5.56640625,0.3258405923843384,0.9594024419784546,22,1.3641357421875,Indore,Indore_r01_c07.tif,2025,2026,REVIEW_REQUIRED,SCATTERED_CHANGE,True,2020 -> 2021,6,PERSISTENT_CHANGE_SIGNAL,TEMPORAL_ONLY_EVIDENCE,0.00042724609375,0.0008544921875,0.0,4.57763671875e-05,1.0,1.0,0.04829831777915743,False,-0.21054163575172424,0.1705424040555954,0.01902863383293152,1.0,False,NONE_DETECTED,/content/drive/MyDrive/satellite_change_detection/masks/Indore/Indore_r01_c07_2025_2026.png,CONSTRUCTION,0.747,Indore_r01_c07,22.776873222368376,75.94532543650766
15.08636474609375,0.27011194825172424,0.8109894394874573,30,3.89862060546875,Indore,Indore_r02_c00.tif,2020,2021,REVIEW_REQUIRED,MODERATELY_CONNECTED,True,2020 -> 2021,6,PERSISTENT_CHANGE_SIGNAL,MODERATE_EVIDENCE,3.0517578125e-05,0.0001068115234375,0.0532379150390625,0.0096435546875,1.0,1.0,0.11097246205970675,False,-0.34956130385398865,0.20459796488285065,0.06645473837852478,1.0118577075098814,False,NONE_DETECTED,/content/drive/MyDrive/satellite_change_detection/masks/Indore/Indore_r02_c00_2020_2021.png,CONSTRUCTION,0.783,Indore_r02_c00,22.75468756955569,75.77063959345845
7.818603515625,0.2602256238460541,0.6467086672782898,35,1.24359130859375,Indore,Indore_r02_c00.tif,2021,2022,REVIEW_REQUIRED,SCATTERED_CHANGE,True,2020 -> 2021,6,PERSISTENT_CHANGE_SIGNAL,TEMPORAL_ONLY_EVIDENCE,0.0001068115234375,0.000152587890625,0.0096435546875,0.0009002685546875,1.0,1.0,0.0986303864975724,False,0.23399630188941956,-0.18719860911369324,0.01958206295967102,1.0158730158730158,False,NONE_DETECTED,/content/drive/MyDrive/satellite_change_detection/masks/Indore/Indore_r02_c00_2021_2022.png,VEGETATION_GAIN,0.711,Indore_r02_c00,22.75468756955569,75.77063959345845
6.7413330078125,0.2932882010936737,0.8427344560623169,23,1.7303466796875,Indore,Indore_r02_c00.tif,2022,2023,REVIEW_REQUIRED,SCATTERED_CHANGE,True,2020 -> 2021,6,PERSISTENT_CHANGE_SIGNAL,TEMPORAL_ONLY_EVIDENCE,0.000152587890625,0.000213623046875,0.0009002685546875,0.0846710205078125,1.0,1.0,0.09777147229446709,False,-0.10269439220428467,0.14094644784927368,-0.07874321937561035,1.0118577075098814,False,NONE_DETECTED,/content/drive/MyDrive/satellite_change_detection/masks/Indore/Indore_r02_c00_2022_2023.png,CONSTRUCTION,0.74,Indore_r02_c00,22.75468756955569,75.77063959345845
13.07373046875,0.2876342236995697,0.7824082374572754,32,2.35748291015625,Indore,Indore_r02_c00.tif,2023,2024,REVIEW_REQUIRED,MODERATELY_CONNECTED,True,2020 -> 2021,6,PERSISTENT_CHANGE_SIGNAL,MODERATE_EVIDENCE,0.000213623046875,0.0002288818359375,0.0846710205078125,0.0,1.0,1.0,0.06298381985749667,False,-0.35906675457954407,0.23014923930168152,0.08688735961914062,1.0,False,NONE_DETECTED,/content/drive/MyDrive/satellite_change_detection/masks/Indore/Indore_r02_c00_2023_2024.png,CONSTRUCTION,0.753,Indore_r02_c00,22.75468756955569,75.77063959345845
12.371826171875,0.27378222346305847,0.8220351934432983,36,2.25067138671875,Indore,Indore_r02_c00.tif,2024,2025,REVIEW_REQUIRED,MODERATELY_CONNECTED,True,2020 -> 2021,6,PERSISTENT_CHANGE_SIGNAL,MODERATE_EVIDENCE,0.0002288818359375,0.0001373291015625,0.0,0.0,1.0,1.0,0.0329732243790405,False,0.21418267488479614,-0.1365983784198761,-0.015827476978302002,1.0,False,NONE_DETECTED,/content/drive/MyDrive/satellite_change_detection/masks/Indore/Indore_r02_c00_2024_2025.png,VEGETATION_GAIN,0.743,Indore_r02_c00,22.75468756955569,75.77063959345845
3.3111572265625,0.27566054463386536,0.5865970849990845,15,1.70135498046875,Indore,Indore_r02_c00.tif,2025,2026,REVIEW_REQUIRED,SCATTERED_CHANGE,True,2020 -> 2021,6,PERSISTENT_CHANGE_SIGNAL,TEMPORAL_ONLY_EVIDENCE,0.0001373291015625,0.000335693359375,0.0,0.0008087158203125,1.0,1.0,0.033639624920654886,False,-0.2488861083984375,0.15451762080192566,0.0676301121711731,1.0534979423868314,False,NONE_DETECTED,/content/drive/MyDrive/satellite_change_detection/masks/Indore/Indore_r02_c00_2025_2026.png,CONSTRUCTION,0.484,Indore_r02_c00,22.75468756955569,75.77063959345845
10.94512939453125,0.2618008852005005,0.7663270235061646,44,3.56597900390625,Indore,Indore_r02_c01.tif,2020,2021,REVIEW_REQUIRED,MODERATELY_CONNECTED,True,2020 -> 2021,6,PERSISTENT_CHANGE_SIGNAL,MODERATE_EVIDENCE,0.0003814697265625,0.000732421875,0.0673065185546875,0.0009765625,1.0,1.0,0.07401914777363827,False,-0.32368412613868713,0.2276628017425537,0.07041844725608826,1.0,False,NONE_DETECTED,/content/drive/MyDrive/satellite_change_detection/masks/Indore/Indore_r02_c01_2020_2021.png,CONSTRUCTION,0.77,Indore_r02_c01,22.75456531597364,75.79557252162608
8.25042724609375,0.2626990079879761,0.7465994358062744,39,0.7965087890625,Indore,Indore_r02_c01.tif,2021,2022,LOW_PRIORITY_REVIEW,SCATTERED_CHANGE,True,2020 -> 2021,6,PERSISTENT_CHANGE_SIGNAL,TEMPORAL_ONLY_EVIDENCE,0.000732421875,0.000274658203125,0.0009765625,1.52587890625e-05,1.0,1.0,0.018106967046491212,False,0.0971744954586029,-0.06255008280277252,0.01569676399230957,1.032258064516129,False,NONE_DETECTED,/content/drive/MyDrive/satellite_change_detection/masks/Indore/Indore_r02_c01_2021_2022.png,UNKNOWN,0.701,Indore_r02_c01,22.75456531597364,75.79557252162608
7.6934814453125,0.31550687551498413,0.8155059814453125,37,0.95367431640625,Indore,Indore_r02_c01.tif,2022,2023,LOW_PRIORITY_REVIEW,SCATTERED_CHANGE,True,2020 -> 2021,6,PERSISTENT_CHANGE_SIGNAL,TEMPORAL_ONLY_EVIDENCE,0.000274658203125,0.00054931640625,1.52587890625e-05,0.0942840576171875,1.0,1.0,0.08880743103690052,False,-0.17171773314476013,0.1361137330532074,-0.00891953706741333,1.0,False,NONE_DETECTED,/content/drive/MyDrive/satellite_change_detection/masks/Indore/Indore_r02_c01_2022_2023.png,CONSTRUCTION,0.732,Indore_r02_c01,22.75456531597364,75.79557252162608
5.7342529296875,0.2666202187538147,0.6476757526397705,34,1.15509033203125,Indore,Indore_r02_c01.tif,2023,2024,REVIEW_REQUIRED,SCATTERED_CHANGE,True,2020 -> 2021,6,PERSISTENT_CHANGE_SIGNAL,TEMPORAL_ONLY_EVIDENCE,0.00054931640625,0.000701904296875,0.0942840576171875,0.0,1.0,1.0,0.03217458679627876,False,-0.19926360249519348,0.12002184987068176,0.07627862691879272,1.0,False,NONE_DETECTED,/content/drive/MyDrive/satellite_change_detection/masks/Indore/Indore_r02_c01_2023_2024.png,CONSTRUCTION,0.712,Indore_r02_c01,22.75456531597364,75.79557252162608
5.19866943359375,0.32679763436317444,0.7626487016677856,31,1.98974609375,Indore,Indore_r02_c01.tif,2024,2025,REVIEW_REQUIRED,SCATTERED_CHANGE,True,2020 -> 2021,6,PERSISTENT_CHANGE_SIGNAL,TEMPORAL_ONLY_EVIDENCE,0.000701904296875,0.0009002685546875,0.0,0.0,1.0,1.0,0.04790707452519197,False,-0.15805193781852722,0.16096216440200806,-0.016481101512908936,1.0,False,NONE_DETECTED,/content/drive/MyDrive/satellite_change_detection/masks/Indore/Indore_r02_c01_2024_2025.png,CONSTRUCTION,0.763,Indore_r02_c01,22.75456531597364,75.79557252162608
4.98809814453125,0.3425687551498413,0.9355494976043701,25,0.9552001953125,Indore,Indore_r02_c01.tif,2025,2026,LOW_PRIORITY_REVIEW,SCATTERED_CHANGE,True,2020 -> 2021,6,PERSISTENT_CHANGE_SIGNAL,TEMPORAL_ONLY_EVIDENCE,0.0009002685546875,0.0007171630859375,0.0,0.0001068115234375,1.0,1.0,0.024574446244579003,False,-0.3322199583053589,0.23404881358146667,0.06912335753440857,1.3403141361256545,False,NONE_DETECTED,/content/drive/MyDrive/satellite_change_detection/masks/Indore/Indore_r02_c01_2025_2026.png,CONSTRUCTION,0.743,Indore_r02_c01,22.75456531597364,75.79557252162608
8.0902099609375,0.28899651765823364,0.7174707651138306,42,1.08795166015625,Indore,Indore_r02_c02.tif,2020,2021,REVIEW_REQUIRED,SCATTERED_CHANGE,True,2020 -> 2021,6,PERSISTENT_CHANGE_SIGNAL,TEMPORAL_ONLY_EVIDENCE,0.0011138916015625,0.002716064453125,0.014892578125,9.1552734375e-05,1.0,1.0,0.01776087256576151,False,-0.36135533452033997,0.2761423885822296,0.03011929988861084,1.0,False,NONE_DETECTED,/content/drive/MyDrive/satellite_change_detection/masks/Indore/Indore_r02_c02_2020_2021.png,CONSTRUCTION,0.722,Indore_r02_c02,22.75443917093387,75.820505275857
5.6060791015625,0.2806141972541809,0.9068430066108704,33,0.8087158203125,Indore,Indore_r02_c02.tif,2021,2022,LOW_PRIORITY_REVIEW,SCATTERED_CHANGE,True,2020 -> 2021,6,PERSISTENT_CHANGE_SIGNAL,TEMPORAL_ONLY_EVIDENCE,0.002716064453125,0.002471923828125,9.1552734375e-05,1.52587890625e-05,1.0,1.0,0.07699855516535459,False,0.09545788168907166,-0.07113426923751831,0.025069743394851685,1.1082251082251082,False,NONE_DETECTED,/content/drive/MyDrive/satellite_change_detection/masks/Indore/Indore_r02_c02_2021_2022.png,UNKNOWN,0.711,Indore_r02_c02,22.75443917093387,75.820505275857
2.82745361328125,0.304133802652359,0.7742495536804199,19,0.52032470703125,Indore,Indore_r02_c02.tif,2022,2023,LOW_PRIORITY_REVIEW,SCATTERED_CHANGE,True,2020 -> 2021,6,PERSISTENT_CHANGE_SIGNAL,TEMPORAL_ONLY_EVIDENCE,0.002471923828125,0.001800537109375,1.52587890625e-05,0.0229339599609375,1.0,1.0,0.05818859924965718,False,-0.014742046594619751,0.013556480407714844,-0.04789179563522339,1.0163934426229508,False,NONE_DETECTED,/content/drive/MyDrive/satellite_change_detection/masks/Indore/Indore_r02_c02_2022_2023.png,UNKNOWN,0.404,Indore_r02_c02,22.75443917093387,75.820505275857
2.91748046875,0.2811337113380432,0.8192128539085388,25,0.274658203125,Indore,Indore_r02_c02.tif,2023,2024,LOW_PRIORITY_REVIEW,SCATTERED_CHANGE,True,2020 -> 2021,6,PERSISTENT_CHANGE_SIGNAL,TEMPORAL_ONLY_EVIDENCE,0.001800537109375,0.00146484375,0.0229339599609375,1.52587890625e-05,1.0,1.0,0.08666210194376488,False,-0.07262101769447327,0.01920422911643982,0.07006192207336426,1.1150442477876106,False,NONE_DETECTED,/content/drive/MyDrive/satellite_change_detection/masks/Indore/Indore_r02_c02_2023_2024.png,VEHICLE_OR_ACTIVITY,0.407,Indore_r02_c02,22.75443917093387,75.820505275857
3.95660400390625,0.2907082140445709,0.8459097146987915,27,0.689697265625,Indore,Indore_r02_c02.tif,2024,2025,LOW_PRIORITY_REVIEW,SCATTERED_CHANGE,True,2020 -> 2021,6,PERSISTENT_CHANGE_SIGNAL,TEMPORAL_ONLY_EVIDENCE,0.00146484375,0.0015869140625,1.52587890625e-05,3.0517578125e-05,1.0,1.0,0.04020647848675196,False,-0.15817421674728394,0.13486793637275696,-0.03945806622505188,1.0711297071129706,False,NONE_DETECTED,/content/drive/MyDrive/satellite_change_detection/masks/Indore/Indore_r02_c02_2024_2025.png,CONSTRUCTION,0.564,Indore_r02_c02,22.75443917093387,75.820505275857
4.98504638671875,0.300214022397995,0.7853820323944092,28,1.78070068359375,Indore,Indore_r02_c02.tif,2025,2026,REVIEW_REQUIRED,SCATTERED_CHANGE,True,2020 -> 2021,6,PERSISTENT_CHANGE_SIGNAL,TEMPORAL_ONLY_EVIDENCE,0.0015869140625,0.001434326171875,3.0517578125e-05,1.52587890625e-05,1.0,1.0,0.0360441326034268,False,-0.13359522819519043,0.09716267138719559,0.012761950492858887,1.0493273542600896,False,NONE_DETECTED,/content/drive/MyDrive/satellite_change_detection/masks/Indore/Indore_r02_c02_2025_2026.png,UNKNOWN,0.742,Indore_r02_c02,22.75443917093387,75.820505275857
1.95159912109375,0.2995854914188385,0.734818696975708,12,0.78277587890625,Indore,Indore_r02_c03.tif,2020,2021,LOW_PRIORITY_REVIEW,SCATTERED_CHANGE,False,2020 -> 2022,5,PERSISTENT_CHANGE_SIGNAL,TEMPORAL_ONLY_EVIDENCE,0.000244140625,0.0024871826171875,0.01416015625,0.00030517578125,1.0,1.0,0.09368697305290151,False,-0.3608812689781189,0.32213255763053894,0.0015384852886199951,1.0281124497991967,False,NONE_DETECTED,/content/drive/MyDrive/satellite_change_detection/masks/Indore/Indore_r02_c03_2020_2021.png,CONSTRUCTION,0.281,Indore_r02_c03,22.754309134548617,75.84543785070217
1.37176513671875,0.2531622052192688,0.544981062412262,8,0.7904052734375,Indore,Indore_r02_c03.tif,2021,2022,LOW_PRIORITY_REVIEW,SCATTERED_CHANGE,False,2020 -> 2022,5,PERSISTENT_CHANGE_SIGNAL,TEMPORAL_ONLY_EVIDENCE,0.0024871826171875,0.0028839111328125,0.00030517578125,0.0,1.0,1.0,0.09140185126511093,False,-0.10454913973808289,0.08722920715808868,0.02035742998123169,1.0558139534883721,False,NONE_DETECTED,/content/drive/MyDrive/satellite_change_detection/masks/Indore/Indore_r02_c03_2021_2022.png,UNKNOWN,0.191,Indore_r02_c03,22.754309134548617,75.84543785070217
1.727294921875,0.3309757113456726,0.7468488216400146,8,0.78125,Indore,Indore_r02_c03.tif,2022,2023,LOW_PRIORITY_REVIEW,SCATTERED_CHANGE,False,2020 -> 2022,5,PERSISTENT_CHANGE_SIGNAL,TEMPORAL_ONLY_EVIDENCE,0.0028839111328125,0.0020294189453125,0.0,0.0096588134765625,1.0,1.0,0.008049459786246176,False,-0.213115394115448,0.15829604864120483,0.013066917657852173,1.009433962264151,False,NONE_DETECTED,/content/drive/MyDrive/satellite_change_detection/masks/Indore/Indore_r02_c03_2022_2023.png,CONSTRUCTION,0.254,Indore_r02_c03,22.754309134548617,75.84543785070217
1.025390625,0.27032655477523804,0.7456018924713135,7,0.40740966796875,Indore,Indore_r02_c03.tif,2023,2024,LOW_PRIORITY_REVIEW,SCATTERED_CHANGE,False,2020 -> 2022,5,PERSISTENT_CHANGE_SIGNAL,TEMPORAL_ONLY_EVIDENCE,0.0020294189453125,0.002777099609375,0.0096588134765625,0.0,1.0,1.0,0.08167561860628313,False,-0.13373422622680664,0.07002328336238861,0.08192330598831177,1.0560747663551402,False,NONE_DETECTED,/content/drive/MyDrive/satellite_change_detection/masks/Indore/Indore_r02_c03_2023_2024.png,UNKNOWN,0.143,Indore_r02_c03,22.754309134548617,75.84543785070217
1.22833251953125,0.294291615486145,0.6880236864089966,13,0.274658203125,Indore,Indore_r02_c03.tif,2024,2025,LOW_PRIORITY_REVIEW,SCATTERED_CHANGE,False,2020 -> 2022,5,PERSISTENT_CHANGE_SIGNAL,TEMPORAL_ONLY_EVIDENCE,0.002777099609375,0.0011444091796875,0.0,0.0,1.0,1.0,0.01689468333625539,False,-0.21457834541797638,0.08700021356344223,0.09627047181129456,1.2248803827751196,False,NONE_DETECTED,/content/drive/MyDrive/satellite_change_detection/masks/Indore/Indore_r02_c03_2024_2025.png,VEGETATION_LOSS,0.173,Indore_r02_c03,22.754309134548617,75.84543785070217
0.16326904296875,0.3532220721244812,0.7065209150314331,2,0.11749267578125,Indore,Indore_r02_c03.tif,2025,2026,LIKELY_NO_CHANGE,SCATTERED_CHANGE,False,2020 -> 2022,5,PERSISTENT_CHANGE_SIGNAL,TEMPORAL_ONLY_EVIDENCE,0.0011444091796875,0.0010223388671875,0.0,0.0,1.0,1.0,0.048590761968058345,False,-0.34172409772872925,0.30979782342910767,-0.013269275426864624,2.32,False,NONE_DETECTED,/content/drive/MyDrive/satellite_change_detection/masks/Indore/Indore_r02_c03_2025_2026.png,CONSTRUCTION,0.024,Indore_r02_c03,22.754309134548617,75.84543785070217
0.54779052734375,0.32284310460090637,0.668044924736023,6,0.2410888671875,Indore,Indore_r02_c04.tif,2020,2021,LIKELY_NO_CHANGE,SCATTERED_CHANGE,False,2020 -> 2024,3,PERSISTENT_CHANGE_SIGNAL,TEMPORAL_ONLY_EVIDENCE,6.103515625e-05,0.0008697509765625,0.0001373291015625,0.0001983642578125,1.0,1.0,0.061803760137403685,False,-0.2185174524784088,0.17682072520256042,0.002392709255218506,1.2436548223350254,False,NONE_DETECTED,/content/drive/MyDrive/satellite_change_detection/masks/Indore/Indore_r02_c04_2020_2021.png,CONSTRUCTION,0.079,Indore_r02_c04,22.75417520693353,75.87037024071276
0.96282958984375,0.34779635071754456,0.9519470930099487,7,0.3509521484375,Indore,Indore_r02_c04.tif,2021,2022,LIKELY_NO_CHANGE,SCATTERED_CHANGE,False,2020 -> 2024,3,PERSISTENT_CHANGE_SIGNAL,TEMPORAL_ONLY_EVIDENCE,0.0008697509765625,0.00146484375,0.0001983642578125,1.52587890625e-05,1.0,1.0,0.0319054307615976,False,-0.22655938565731049,0.07909124344587326,0.1409507691860199,1.0526315789473684,False,NONE_DETECTED,/content/drive/MyDrive/satellite_change_detection/masks/Indore/Indore_r02_c04_2021_2022.png,VEGETATION_LOSS,0.141,Indore_r02_c04,22.75417520693353,75.87037024071276
0.8697509765625,0.31168869137763977,0.8041517734527588,9,0.20294189453125,Indore,Indore_r02_c04.tif,2022,2023,LIKELY_NO_CHANGE,SCATTERED_CHANGE,False,2020 -> 2024,3,PERSISTENT_CHANGE_SIGNAL,TEMPORAL_ONLY_EVIDENCE,0.00146484375,0.001190185546875,1.52587890625e-05,0.001495361328125,1.0,1.0,0.0785829808701601,False,-0.15157201886177063,0.1135246604681015,0.02815917134284973,1.045643153526971,False,NONE_DETECTED,/content/drive/MyDrive/satellite_change_detection/masks/Indore/Indore_r02_c04_2022_2023.png,CONSTRUCTION,0.124,Indore_r02_c04,22.75417520693353,75.87037024071276
0.152587890625,0.32625293731689453,0.5216327905654907,3,0.05340576171875,Indore,Indore_r02_c04.tif,2023,2024,LIKELY_NO_CHANGE,SCATTERED_CHANGE,False,2020 -> 2024,3,PERSISTENT_CHANGE_SIGNAL,TEMPORAL_ONLY_EVIDENCE,0.001190185546875,0.0010986328125,0.001495361328125,0.0,1.0,1.0,0.08423654270946519,False,0.07545804977416992,-0.06270693987607956,0.04076838493347168,2.7435897435897436,False,NONE_DETECTED,/content/drive/MyDrive/satellite_change_detection/masks/Indore/Indore_r02_c04_2023_2024.png,UNKNOWN,0.022,Indore_r02_c04,22.75417520693353,75.87037024071276
0.48828125,0.3358912467956543,0.791351318359375,7,0.1312255859375,Indore,Indore_r02_c04.tif,2024,2025,LIKELY_NO_CHANGE,SCATTERED_CHANGE,False,2020 -> 2024,3,PERSISTENT_CHANGE_SIGNAL,TEMPORAL_ONLY_EVIDENCE,0.0010986328125,0.0011444091796875,0.0,3.0517578125e-05,1.0,1.0,0.02790585387448819,False,-0.14004717767238617,0.0577172115445137,0.06467369198799133,1.6446280991735538,False,NONE_DETECTED,/content/drive/MyDrive/satellite_change_detection/masks/Indore/Indore_r02_c04_2024_2025.png,UNKNOWN,0.07,Indore_r02_c04,22.75417520693353,75.87037024071276
0.091552734375,0.4449300467967987,0.693744421005249,2,0.05340576171875,Indore,Indore_r02_c04.tif,2025,2026,LIKELY_NO_CHANGE,SCATTERED_CHANGE,False,2020 -> 2024,3,PERSISTENT_CHANGE_SIGNAL,TEMPORAL_ONLY_EVIDENCE,0.0011444091796875,0.0009307861328125,3.0517578125e-05,0.0,1.0,1.0,0.045843645487675756,False,-0.10753998905420303,0.005014128051698208,0.07484209537506104,2.1333333333333333,False,NONE_DETECTED,/content/drive/MyDrive/satellite_change_detection/masks/Indore/Indore_r02_c04_2025_2026.png,UNKNOWN,0.014,Indore_r02_c04,22.75417520693353,75.87037024071276
0.439453125,0.30576860904693604,0.6840541362762451,6,0.13427734375,Indore,Indore_r02_c05.tif,2020,2021,LIKELY_NO_CHANGE,SCATTERED_CHANGE,False,2020 -> 2026,1,SINGLE_INTERVAL_CHANGE,LOW_PRIORITY_REVIEW,0.0005035400390625,0.001861572265625,0.00042724609375,0.0007476806640625,1.0,1.0,0.01774750119452027,False,0.03565700352191925,-0.03528862074017525,0.010574787855148315,1.304093567251462,False,NONE_DETECTED,/content/drive/MyDrive/satellite_change_detection/masks/Indore/Indore_r02_c05_2020_2021.png,UNKNOWN,0.042,Indore_r02_c05,22.754037388207784,75.89530244044022
0.54779052734375,0.25824809074401855,0.5212739109992981,6,0.21209716796875,Indore,Indore_r02_c05.tif,2021,2022,LIKELY_NO_CHANGE,SCATTERED_CHANGE,False,2020 -> 2026,1,SINGLE_INTERVAL_CHANGE,LOW_PRIORITY_REVIEW,0.001861572265625,0.0014801025390625,0.0007476806640625,0.0,1.0,1.0,0.027949320047325744,False,-0.11025308072566986,0.02921813353896141,0.0897786021232605,1.55625,False,NONE_DETECTED,/content/drive/MyDrive/satellite_change_detection/masks/Indore/Indore_r02_c05_2021_2022.png,UNKNOWN,0.049,Indore_r02_c05,22.754037388207784,75.89530244044022
0.2044677734375,0.3033561408519745,0.7137095928192139,3,0.12054443359375,Indore,Indore_r02_c05.tif,2022,2023,LIKELY_NO_CHANGE,SCATTERED_CHANGE,False,2020 -> 2026,1,SINGLE_INTERVAL_CHANGE,LOW_PRIORITY_REVIEW,0.0014801025390625,0.0017242431640625,0.0,0.0029449462890625,1.0,1.0,0.08707161306732839,False,-0.005897030234336853,0.05915822833776474,-0.05150198936462402,1.6164383561643836,False,NONE_DETECTED,/content/drive/MyDrive/satellite_change_detection/masks/Indore/Indore_r02_c05_2022_2023.png,UNKNOWN,0.019,Indore_r02_c05,22.754037388207784,75.89530244044022
0.03814697265625,0.3813049793243408,0.557190477848053,1,0.03814697265625,Indore,Indore_r02_c05.tif,2023,2024,LIKELY_NO_CHANGE,SCATTERED_CHANGE,False,2020 -> 2026,1,SINGLE_INTERVAL_CHANGE,LOW_PRIORITY_REVIEW,0.0017242431640625,0.0018310546875,0.0029449462890625,4.57763671875e-05,1.0,1.0,0.06724417651795354,False,0.0054937005043029785,0.057418886572122574,-0.026263877749443054,1.0,False,NONE_DETECTED,/content/drive/MyDrive/satellite_change_detection/masks/Indore/Indore_r02_c05_2023_2024.png,UNKNOWN,0.004,Indore_r02_c05,22.754037388207784,75.89530244044022
0.0,0.0,0.0,0,0.0,Indore,Indore_r02_c05.tif,2024,2025,LIKELY_NO_CHANGE,SCATTERED_CHANGE,False,2020 -> 2026,1,SINGLE_INTERVAL_CHANGE,LOW_PRIORITY_REVIEW,0.0018310546875,0.0016937255859375,4.57763671875e-05,0.0004730224609375,1.0,1.0,0.012657605090424812,False,0.0,0.0,0.0,1.0,False,NONE_DETECTED,/content/drive/MyDrive/satellite_change_detection/masks/Indore/Indore_r02_c05_2024_2025.png,UNKNOWN,0.0,Indore_r02_c05,22.754037388207784,75.89530244044022
0.2288818359375,0.39831867814064026,0.7207102179527283,4,0.091552734375,Indore,Indore_r02_c05.tif,2025,2026,LIKELY_NO_CHANGE,SCATTERED_CHANGE,False,2020 -> 2026,1,SINGLE_INTERVAL_CHANGE,LOW_PRIORITY_REVIEW,0.0016937255859375,0.001373291015625,0.0004730224609375,0.0001068115234375,1.0,1.0,0.04348412231641094,False,-0.05642265826463699,-0.006215961650013924,0.07660654187202454,1.4594594594594594,False,NONE_DETECTED,/content/drive/MyDrive/satellite_change_detection/masks/Indore/Indore_r02_c05_2025_2026.png,UNKNOWN,0.024,Indore_r02_c05,22.754037388207784,75.89530244044022
2.1514892578125,0.28495678305625916,0.7647059559822083,14,0.38909912109375,Indore,Indore_r02_c06.tif,2020,2021,LOW_PRIORITY_REVIEW,SCATTERED_CHANGE,True,2020 -> 2021,6,PERSISTENT_CHANGE_SIGNAL,TEMPORAL_ONLY_EVIDENCE,0.0009918212890625,0.00115966796875,0.0005645751953125,0.0005645751953125,1.0,1.0,0.0660763655023678,False,-0.008573204278945923,0.01311203557997942,-0.011024057865142822,1.032258064516129,False,NONE_DETECTED,/content/drive/MyDrive/satellite_change_detection/masks/Indore/Indore_r02_c06_2020_2021.png,UNKNOWN,0.302,Indore_r02_c06,22.75389567849393,75.92023444443625
2.508544921875,0.2715378999710083,0.6637269854545593,16,0.6988525390625,Indore,Indore_r02_c06.tif,2021,2022,LOW_PRIORITY_REVIEW,SCATTERED_CHANGE,True,2020 -> 2021,6,PERSISTENT_CHANGE_SIGNAL,TEMPORAL_ONLY_EVIDENCE,0.00115966796875,0.0007781982421875,0.0005645751953125,0.0,1.0,1.0,0.032405018533893264,False,-0.07885700464248657,0.049590423703193665,0.04457390308380127,1.0413223140495869,False,NONE_DETECTED,/content/drive/MyDrive/satellite_change_detection/masks/Indore/Indore_r02_c06_2021_2022.png,UNKNOWN,0.353,Indore_r02_c06,22.75389567849393,75.92023444443625
1.61285400390625,0.2970507740974426,0.7569400072097778,12,0.77056884765625,Indore,Indore_r02_c06.tif,2022,2023,LOW_PRIORITY_REVIEW,SCATTERED_CHANGE,False,2020 -> 2021,6,PERSISTENT_CHANGE_SIGNAL,TEMPORAL_ONLY_EVIDENCE,0.0007781982421875,0.00103759765625,0.0,0.0033111572265625,1.0,1.0,0.0834607343104152,False,-0.022441387176513672,0.0255492702126503,-0.05224776268005371,1.2132701421800949,False,NONE_DETECTED,/content/drive/MyDrive/satellite_change_detection/masks/Indore/Indore_r02_c06_2022_2023.png,UNKNOWN,0.232,Indore_r02_c06,22.75389567849393,75.92023444443625
1.36566162109375,0.29321303963661194,0.6602182388305664,14,0.19989013671875,Indore,Indore_r02_c06.tif,2023,2024,LOW_PRIORITY_REVIEW,SCATTERED_CHANGE,False,2020 -> 2021,6,PERSISTENT_CHANGE_SIGNAL,TEMPORAL_ONLY_EVIDENCE,0.00103759765625,0.00079345703125,0.0033111572265625,0.000152587890625,1.0,1.0,0.07021491572754836,False,-0.11021339893341064,0.1370384693145752,-0.01034766435623169,1.4101123595505618,False,NONE_DETECTED,/content/drive/MyDrive/satellite_change_detection/masks/Indore/Indore_r02_c06_2023_2024.png,CONSTRUCTION,0.192,Indore_r02_c06,22.75389567849393,75.92023444443625
0.80718994140625,0.28005239367485046,0.5920675992965698,10,0.19378662109375,Indore,Indore_r02_c06.tif,2024,2025,LIKELY_NO_CHANGE,SCATTERED_CHANGE,False,2020 -> 2021,6,PERSISTENT_CHANGE_SIGNAL,TEMPORAL_ONLY_EVIDENCE,0.00079345703125,0.001220703125,0.000152587890625,0.00030517578125,1.0,1.0,0.031354600127795285,False,-0.05053660273551941,-0.022008834406733513,0.057881295680999756,1.0341880341880343,False,NONE_DETECTED,/content/drive/MyDrive/satellite_change_detection/masks/Indore/Indore_r02_c06_2024_2025.png,UNKNOWN,0.112,Indore_r02_c06,22.75389567849393,75.92023444443625
0.75836181640625,0.3313386142253876,0.7459931969642639,10,0.1220703125,Indore,Indore_r02_c06.tif,2025,2026,LIKELY_NO_CHANGE,SCATTERED_CHANGE,False,2020 -> 2021,6,PERSISTENT_CHANGE_SIGNAL,TEMPORAL_ONLY_EVIDENCE,0.001220703125,0.0013885498046875,0.00030517578125,7.62939453125e-05,1.0,1.0,0.03122455989178043,False,-0.17029987275600433,0.05862538889050484,0.10136339068412781,1.1751412429378532,False,NONE_DETECTED,/content/drive/MyDrive/satellite_change_detection/masks/Indore/Indore_r02_c06_2025_2026.png,VEGETATION_LOSS,0.109,Indore_r02_c06,22.75389567849393,75.92023444443625
5.3375244140625,0.2567684054374695,0.7002299427986145,33,0.689697265625,Indore,Indore_r02_c07.tif,2020,2021,LOW_PRIORITY_REVIEW,SCATTERED_CHANGE,True,2020 -> 2021,6,PERSISTENT_CHANGE_SIGNAL,TEMPORAL_ONLY_EVIDENCE,0.000732421875,0.0010986328125,0.1113128662109375,0.0096893310546875,1.0,1.0,0.026834561472642595,False,-0.2752310633659363,0.1976804882287979,0.05827102065086365,1.037037037037037,False,NONE_DETECTED,/content/drive/MyDrive/satellite_change_detection/masks/Indore/Indore_r02_c07_2020_2021.png,CONSTRUCTION,0.696,Indore_r02_c07,22.753750077918035,75.94516624725273
4.4647216796875,0.24167977273464203,0.5845857858657837,26,0.64544677734375,Indore,Indore_r02_c07.tif,2021,2022,LOW_PRIORITY_REVIEW,SCATTERED_CHANGE,True,2020 -> 2021,6,PERSISTENT_CHANGE_SIGNAL,TEMPORAL_ONLY_EVIDENCE,0.0010986328125,0.001739501953125,0.0096893310546875,0.0,1.0,1.0,0.10713752993858522,False,-0.1804088056087494,0.1594662368297577,0.05596524477005005,1.032258064516129,False,NONE_DETECTED,/content/drive/MyDrive/satellite_change_detection/masks/Indore/Indore_r02_c07_2021_2022.png,CONSTRUCTION,0.613,Indore_r02_c07,22.753750077918035,75.94516624725273
9.625244140625,0.2824781537055969,0.7008079290390015,36,1.678466796875,Indore,Indore_r02_c07.tif,2022,2023,REVIEW_REQUIRED,SCATTERED_CHANGE,True,2020 -> 2021,6,PERSISTENT_CHANGE_SIGNAL,TEMPORAL_ONLY_EVIDENCE,0.001739501953125,0.0035247802734375,0.0,0.1166839599609375,1.0,1.0,0.06951431192847125,False,0.10098034143447876,-0.04306459426879883,-0.0906943678855896,1.024,False,NONE_DETECTED,/content/drive/MyDrive/satellite_change_detection/masks/Indore/Indore_r02_c07_2022_2023.png,UNKNOWN,0.733,Indore_r02_c07,22.753750077918035,75.94516624725273
9.5367431640625,0.30801698565483093,0.7403550148010254,38,4.1259765625,Indore,Indore_r02_c07.tif,2023,2024,REVIEW_REQUIRED,MODERATELY_CONNECTED,True,2020 -> 2021,6,PERSISTENT_CHANGE_SIGNAL,MODERATE_EVIDENCE,0.0035247802734375,0.0029296875,0.1166839599609375,6.103515625e-05,1.0,1.0,0.15263542509078332,False,-0.25094592571258545,0.19449260830879211,0.08377060294151306,1.062240663900415,False,NONE_DETECTED,/content/drive/MyDrive/satellite_change_detection/masks/Indore/Indore_r02_c07_2023_2024.png,CONSTRUCTION,0.807,Indore_r02_c07,22.753750077918035,75.94516624725273
6.52313232421875,0.3134474456310272,0.783549964427948,34,1.50604248046875,Indore,Indore_r02_c07.tif,2024,2025,REVIEW_REQUIRED,SCATTERED_CHANGE,True,2020 -> 2021,6,PERSISTENT_CHANGE_SIGNAL,TEMPORAL_ONLY_EVIDENCE,0.0029296875,0.002838134765625,6.103515625e-05,4.57763671875e-05,1.0,1.0,0.05845255096147303,False,-0.22072911262512207,0.14336077868938446,0.02753448486328125,1.032258064516129,False,NONE_DETECTED,/content/drive/MyDrive/satellite_change_detection/masks/Indore/Indore_r02_c07_2024_2025.png,CONSTRUCTION,0.744,Indore_r02_c07,22.753750077918035,75.94516624725273
8.14056396484375,0.3299606442451477,0.8877965211868286,33,2.61077880859375,Indore,Indore_r02_c07.tif,2025,2026,REVIEW_REQUIRED,MODERATELY_CONNECTED,True,2020 -> 2021,6,PERSISTENT_CHANGE_SIGNAL,MODERATE_EVIDENCE,0.002838134765625,0.00177001953125,4.57763671875e-05,4.57763671875e-05,1.0,1.0,0.03624597563623562,False,-0.2043112814426422,0.20165134966373444,-0.018042385578155518,1.0,False,NONE_DETECTED,/content/drive/MyDrive/satellite_change_detection/masks/Indore/Indore_r02_c07_2025_2026.png,CONSTRUCTION,0.78,Indore_r02_c07,22.753750077918035,75.94516624725273
14.654541015625,0.3288770914077759,0.9293967485427856,45,3.5064697265625,Indore,Indore_r03_c00.tif,2020,2021,REVIEW_REQUIRED,MODERATELY_CONNECTED,True,2020 -> 2021,6,PERSISTENT_CHANGE_SIGNAL,MODERATE_EVIDENCE,0.00018310546875,0.000152587890625,0.1086883544921875,0.0005340576171875,1.0,1.0,0.03179353201257377,False,-0.38889625668525696,0.29083019495010376,0.08183982968330383,1.062240663900415,False,NONE_DETECTED,/content/drive/MyDrive/satellite_change_detection/masks/Indore/Indore_r03_c00_2020_2021.png,CONSTRUCTION,0.802,Indore_r03_c00,22.731563300143605,75.77050995937869
8.15582275390625,0.3116847574710846,0.9006913900375366,42,1.336669921875,Indore,Indore_r03_c00.tif,2021,2022,REVIEW_REQUIRED,SCATTERED_CHANGE,True,2020 -> 2021,6,PERSISTENT_CHANGE_SIGNAL,TEMPORAL_ONLY_EVIDENCE,0.000152587890625,0.0002593994140625,0.0005340576171875,0.0001068115234375,1.0,1.0,0.07131561789835796,False,-0.015784263610839844,0.013251140713691711,0.0336967408657074,1.0,False,NONE_DETECTED,/content/drive/MyDrive/satellite_change_detection/masks/Indore/Indore_r03_c00_2021_2022.png,UNKNOWN,0.739,Indore_r03_c00,22.731563300143605,75.77050995937869
9.24072265625,0.31084659695625305,0.9073232412338257,37,1.2969970703125,Indore,Indore_r03_c00.tif,2022,2023,REVIEW_REQUIRED,SCATTERED_CHANGE,True,2020 -> 2021,6,PERSISTENT_CHANGE_SIGNAL,TEMPORAL_ONLY_EVIDENCE,0.0002593994140625,0.0003204345703125,0.0001068115234375,0.0932159423828125,1.0,1.0,0.07343179334443761,False,0.0021969079971313477,0.003974154591560364,-0.05524414777755737,1.0242914979757085,False,NONE_DETECTED,/content/drive/MyDrive/satellite_change_detection/masks/Indore/Indore_r03_c00_2022_2023.png,UNKNOWN,0.738,Indore_r03_c00,22.731563300143605,75.77050995937869
14.9749755859375,0.29179131984710693,0.8549270033836365,33,4.7210693359375,Indore,Indore_r03_c00.tif,2023,2024,REVIEW_REQUIRED,MODERATELY_CONNECTED,True,2020 -> 2021,6,PERSISTENT_CHANGE_SIGNAL,MODERATE_EVIDENCE,0.0003204345703125,0.0004425048828125,0.0932159423828125,0.0,1.0,1.0,0.031606417996208246,False,-0.30288970470428467,0.20286591351032257,0.09243416786193848,1.024,False,NONE_DETECTED,/content/drive/MyDrive/satellite_change_detection/masks/Indore/Indore_r03_c00_2023_2024.png,CONSTRUCTION,0.814,Indore_r03_c00,22.731563300143605,75.77050995937869
10.42022705078125,0.2850506007671356,0.9269444942474365,43,2.22015380859375,Indore,Indore_r03_c00.tif,2024,2025,REVIEW_REQUIRED,MODERATELY_CONNECTED,True,2020 -> 2021,6,PERSISTENT_CHANGE_SIGNAL,MODERATE_EVIDENCE,0.0004425048828125,0.00054931640625,0.0,0.0,1.0,1.0,0.07701549560712424,False,0.10024768114089966,-0.058677107095718384,-0.003244757652282715,1.024,False,NONE_DETECTED,/content/drive/MyDrive/satellite_change_detection/masks/Indore/Indore_r03_c00_2024_2025.png,UNKNOWN,0.748,Indore_r03_c00,22.731563300143605,75.77050995937869
3.47137451171875,0.29172009229660034,0.7473156452178955,28,0.3509521484375,Indore,Indore_r03_c00.tif,2025,2026,LOW_PRIORITY_REVIEW,SCATTERED_CHANGE,True,2020 -> 2021,6,PERSISTENT_CHANGE_SIGNAL,TEMPORAL_ONLY_EVIDENCE,0.00054931640625,0.000518798828125,0.0,0.0001068115234375,1.0,1.0,0.08593654619581154,False,-0.19550669193267822,0.18396523594856262,-0.013710230588912964,1.0,False,NONE_DETECTED,/content/drive/MyDrive/satellite_change_detection/masks/Indore/Indore_r03_c00_2025_2026.png,CONSTRUCTION,0.489,Indore_r03_c00,22.731563300143605,75.77050995937869
3.23333740234375,0.2645217180252075,0.6310505867004395,15,1.13525390625,Indore,Indore_r03_c01.tif,2020,2021,REVIEW_REQUIRED,SCATTERED_CHANGE,True,2020 -> 2021,6,PERSISTENT_CHANGE_SIGNAL,TEMPORAL_ONLY_EVIDENCE,0.0009918212890625,0.004974365234375,0.0077056884765625,0.0001373291015625,1.0,1.0,0.03499818374468467,False,-0.05976684391498566,-0.0007896050810813904,0.07515951991081238,1.055793991416309,False,NONE_DETECTED,/content/drive/MyDrive/satellite_change_detection/masks/Indore/Indore_r03_c01_2020_2021.png,UNKNOWN,0.46,Indore_r03_c01,22.7314411843998,75.79543869448443
1.806640625,0.2684536278247833,0.6962971687316895,15,0.3326416015625,Indore,Indore_r03_c01.tif,2021,2022,LOW_PRIORITY_REVIEW,SCATTERED_CHANGE,False,2020 -> 2021,6,PERSISTENT_CHANGE_SIGNAL,TEMPORAL_ONLY_EVIDENCE,0.004974365234375,0.0058441162109375,0.0001373291015625,0.0,1.0,1.0,0.0986533116159731,False,-0.09084323048591614,0.05858056992292404,0.05757409334182739,1.072072072072072,False,NONE_DETECTED,/content/drive/MyDrive/satellite_change_detection/masks/Indore/Indore_r03_c01_2021_2022.png,UNKNOWN,0.25,Indore_r03_c01,22.7314411843998,75.79543869448443
2.03399658203125,0.23577111959457397,0.6142904758453369,15,0.5584716796875,Indore,Indore_r03_c01.tif,2022,2023,LOW_PRIORITY_REVIEW,SCATTERED_CHANGE,True,2020 -> 2021,6,PERSISTENT_CHANGE_SIGNAL,TEMPORAL_ONLY_EVIDENCE,0.0058441162109375,0.004058837890625,0.0,0.00531005859375,1.0,1.0,0.07975652650602053,False,-0.1043839156627655,-0.008985942229628563,0.08352544903755188,1.1584699453551912,False,NONE_DETECTED,/content/drive/MyDrive/satellite_change_detection/masks/Indore/Indore_r03_c01_2022_2023.png,UNKNOWN,0.277,Indore_r03_c01,22.7314411843998,75.79543869448443
2.1087646484375,0.25558003783226013,0.5679858922958374,12,0.9185791015625,Indore,Indore_r03_c01.tif,2023,2024,LOW_PRIORITY_REVIEW,SCATTERED_CHANGE,True,2020 -> 2021,6,PERSISTENT_CHANGE_SIGNAL,TEMPORAL_ONLY_EVIDENCE,0.004058837890625,0.0045166015625,0.00531005859375,0.0,1.0,1.0,0.10151309746084525,False,-0.06023402512073517,0.008256658911705017,0.097339928150177,1.026431718061674,False,NONE_DETECTED,/content/drive/MyDrive/satellite_change_detection/masks/Indore/Indore_r03_c01_2023_2024.png,UNKNOWN,0.296,Indore_r03_c01,22.7314411843998,75.79543869448443
1.02081298828125,0.2533157765865326,0.7901031970977783,14,0.152587890625,Indore,Indore_r03_c01.tif,2024,2025,LOW_PRIORITY_REVIEW,SCATTERED_CHANGE,False,2020 -> 2021,6,PERSISTENT_CHANGE_SIGNAL,TEMPORAL_ONLY_EVIDENCE,0.0045166015625,0.0051116943359375,0.0,3.0517578125e-05,1.0,1.0,0.046175823453494996,False,-0.030643075704574585,-0.011481860652565956,0.014078795909881592,1.0580357142857142,False,NONE_DETECTED,/content/drive/MyDrive/satellite_change_detection/masks/Indore/Indore_r03_c01_2024_2025.png,UNKNOWN,0.139,Indore_r03_c01,22.7314411843998,75.79543869448443
1.8218994140625,0.2888040244579315,0.8079144358634949,13,0.5218505859375,Indore,Indore_r03_c01.tif,2025,2026,LOW_PRIORITY_REVIEW,SCATTERED_CHANGE,False,2020 -> 2021,6,PERSISTENT_CHANGE_SIGNAL,TEMPORAL_ONLY_EVIDENCE,0.0051116943359375,0.0028533935546875,3.0517578125e-05,3.0517578125e-05,1.0,1.0,0.08031532051711651,False,0.03899155557155609,-0.07202592492103577,0.059226781129837036,1.0427350427350428,False,NONE_DETECTED,/content/drive/MyDrive/satellite_change_detection/masks/Indore/Indore_r03_c01_2025_2026.png,UNKNOWN,0.258,Indore_r03_c01,22.7314411843998,75.79543869448443
1.947021484375,0.2803422212600708,0.5771890878677368,8,0.87127685546875,Indore,Indore_r03_c02.tif,2020,2021,LOW_PRIORITY_REVIEW,SCATTERED_CHANGE,False,2020 -> 2022,5,PERSISTENT_CHANGE_SIGNAL,TEMPORAL_ONLY_EVIDENCE,0.000335693359375,0.000885009765625,0.000762939453125,3.0517578125e-05,1.0,1.0,0.01857074542535732,False,-0.0869813859462738,0.17745506763458252,-0.1005266010761261,1.0406504065040652,False,NONE_DETECTED,/content/drive/MyDrive/satellite_change_detection/masks/Indore/Indore_r03_c02_2020_2021.png,CONSTRUCTION,0.277,Indore_r03_c02,22.731315181585565,75.82036725578403
0.92010498046875,0.3472568392753601,0.7792091369628906,7,0.244140625,Indore,Indore_r03_c02.tif,2021,2022,LIKELY_NO_CHANGE,SCATTERED_CHANGE,False,2020 -> 2022,5,PERSISTENT_CHANGE_SIGNAL,TEMPORAL_ONLY_EVIDENCE,0.000885009765625,0.002105712890625,3.0517578125e-05,0.0,1.0,1.0,0.0758232115618689,False,0.02845558524131775,-0.10826285183429718,0.11069878935813904,1.0213675213675213,False,NONE_DETECTED,/content/drive/MyDrive/satellite_change_detection/masks/Indore/Indore_r03_c02_2021_2022.png,UNKNOWN,0.134,Indore_r03_c02,22.731315181585565,75.82036725578403
1.37481689453125,0.264944463968277,0.8280012607574463,13,0.25634765625,Indore,Indore_r03_c02.tif,2022,2023,LOW_PRIORITY_REVIEW,SCATTERED_CHANGE,False,2020 -> 2022,5,PERSISTENT_CHANGE_SIGNAL,TEMPORAL_ONLY_EVIDENCE,0.002105712890625,0.001708984375,0.0,0.000274658203125,1.0,1.0,0.028253640156696187,False,0.04389876127243042,-0.08038633316755295,0.0006703436374664307,1.299492385786802,False,NONE_DETECTED,/content/drive/MyDrive/satellite_change_detection/masks/Indore/Indore_r03_c02_2022_2023.png,UNKNOWN,0.189,Indore_r03_c02,22.731315181585565,75.82036725578403
1.348876953125,0.2728576958179474,0.5878554582595825,8,0.5889892578125,Indore,Indore_r03_c02.tif,2023,2024,LOW_PRIORITY_REVIEW,SCATTERED_CHANGE,False,2020 -> 2022,5,PERSISTENT_CHANGE_SIGNAL,TEMPORAL_ONLY_EVIDENCE,0.001708984375,0.0025177001953125,0.000274658203125,0.0,1.0,1.0,0.06027719161672981,False,-0.008884400129318237,0.01623678207397461,0.04904913902282715,1.5660377358490567,False,NONE_DETECTED,/content/drive/MyDrive/satellite_change_detection/masks/Indore/Indore_r03_c02_2023_2024.png,UNKNOWN,0.189,Indore_r03_c02,22.731315181585565,75.82036725578403
1.56097412109375,0.3354286253452301,0.853091835975647,7,0.57830810546875,Indore,Indore_r03_c02.tif,2024,2025,LOW_PRIORITY_REVIEW,SCATTERED_CHANGE,False,2020 -> 2022,5,PERSISTENT_CHANGE_SIGNAL,TEMPORAL_ONLY_EVIDENCE,0.0025177001953125,0.0019989013671875,0.0,0.0,1.0,1.0,0.06761811162636346,False,-0.1912117302417755,0.07926550507545471,0.06552115082740784,1.0756302521008403,False,NONE_DETECTED,/content/drive/MyDrive/satellite_change_detection/masks/Indore/Indore_r03_c02_2024_2025.png,VEGETATION_LOSS,0.229,Indore_r03_c02,22.731315181585565,75.82036725578403
1.934814453125,0.291069358587265,0.8237712383270264,9,1.01165771484375,Indore,Indore_r03_c02.tif,2025,2026,REVIEW_REQUIRED,SCATTERED_CHANGE,False,2020 -> 2022,5,PERSISTENT_CHANGE_SIGNAL,TEMPORAL_ONLY_EVIDENCE,0.0019989013671875,0.0010833740234375,0.0,1.52587890625e-05,1.0,1.0,0.06605787282662572,False,0.009010136127471924,-0.005605265498161316,0.005030006170272827,1.034934497816594,False,NONE_DETECTED,/content/drive/MyDrive/satellite_change_detection/masks/Indore/Indore_r03_c02_2025_2026.png,UNKNOWN,0.279,Indore_r03_c02,22.731315181585565,75.82036725578403
0.946044921875,0.28663790225982666,0.5755544304847717,9,0.22735595703125,Indore,Indore_r03_c03.tif,2020,2021,LIKELY_NO_CHANGE,SCATTERED_CHANGE,False,2020 -> 2024,3,PERSISTENT_CHANGE_SIGNAL,TEMPORAL_ONLY_EVIDENCE,0.0005035400390625,0.002105712890625,9.1552734375e-05,0.0001983642578125,1.0,1.0,0.0069323586047853195,False,0.04020014405250549,0.04493679106235504,-0.0699884295463562,1.623076923076923,False,NONE_DETECTED,/content/drive/MyDrive/satellite_change_detection/masks/Indore/Indore_r03_c03_2020_2021.png,UNKNOWN,0.132,Indore_r03_c03,22.731185291812963,75.84529563783258
0.1068115234375,0.3650883138179779,0.5998529195785522,2,0.05340576171875,Indore,Indore_r03_c03.tif,2021,2022,LIKELY_NO_CHANGE,SCATTERED_CHANGE,False,2020 -> 2024,3,PERSISTENT_CHANGE_SIGNAL,TEMPORAL_ONLY_EVIDENCE,0.002105712890625,0.00225830078125,0.0001983642578125,0.0,1.0,1.0,0.023489123694213788,False,-0.22290565073490143,0.10681164264678955,0.11293604969978333,4.315789473684211,False,NONE_DETECTED,/content/drive/MyDrive/satellite_change_detection/masks/Indore/Indore_r03_c03_2021_2022.png,ROAD_INFRASTRUCTURE,0.016,Indore_r03_c03,22.731185291812963,75.84529563783258
0.5950927734375,0.28071630001068115,0.5527153015136719,5,0.25482177734375,Indore,Indore_r03_c03.tif,2022,2023,LIKELY_NO_CHANGE,SCATTERED_CHANGE,False,2020 -> 2024,3,PERSISTENT_CHANGE_SIGNAL,TEMPORAL_ONLY_EVIDENCE,0.00225830078125,0.0013275146484375,0.0,0.0007171630859375,1.0,1.0,0.005386347779529344,False,-0.20578394830226898,0.07150743156671524,0.08238548040390015,2.782051282051282,False,NONE_DETECTED,/content/drive/MyDrive/satellite_change_detection/masks/Indore/Indore_r03_c03_2022_2023.png,VEGETATION_LOSS,0.083,Indore_r03_c03,22.731185291812963,75.84529563783258
0.08087158203125,0.3104623854160309,0.4171651005744934,1,0.08087158203125,Indore,Indore_r03_c03.tif,2023,2024,LIKELY_NO_CHANGE,SCATTERED_CHANGE,False,2020 -> 2024,3,PERSISTENT_CHANGE_SIGNAL,TEMPORAL_ONLY_EVIDENCE,0.0013275146484375,0.00152587890625,0.0007171630859375,0.0,1.0,1.0,0.03220010380614123,False,-0.22693771123886108,-0.12313054502010345,0.2938457429409027,1.8333333333333333,False,NONE_DETECTED,/content/drive/MyDrive/satellite_change_detection/masks/Indore/Indore_r03_c03_2023_2024.png,WATER,0.011,Indore_r03_c03,22.731185291812963,75.84529563783258
0.3875732421875,0.3238469064235687,0.6624868512153625,4,0.22735595703125,Indore,Indore_r03_c03.tif,2024,2025,LIKELY_NO_CHANGE,SCATTERED_CHANGE,False,2020 -> 2024,3,PERSISTENT_CHANGE_SIGNAL,TEMPORAL_ONLY_EVIDENCE,0.00152587890625,0.0005035400390625,0.0,0.0,1.0,1.0,0.019382348743641094,False,-0.2777337431907654,0.07982832193374634,0.1363503634929657,1.1161290322580646,False,NONE_DETECTED,/content/drive/MyDrive/satellite_change_detection/masks/Indore/Indore_r03_c03_2024_2025.png,VEGETATION_LOSS,0.056,Indore_r03_c03,22.731185291812963,75.84529563783258
0.27008056640625,0.3236318528652191,0.6198785305023193,3,0.12969970703125,Indore,Indore_r03_c03.tif,2025,2026,LIKELY_NO_CHANGE,SCATTERED_CHANGE,False,2020 -> 2024,3,PERSISTENT_CHANGE_SIGNAL,TEMPORAL_ONLY_EVIDENCE,0.0005035400390625,0.000244140625,0.0,7.62939453125e-05,1.0,1.0,0.0066339012380180265,False,0.08735442161560059,-0.015874508768320084,-0.027779221534729004,3.098360655737705,False,NONE_DETECTED,/content/drive/MyDrive/satellite_change_detection/masks/Indore/Indore_r03_c03_2025_2026.png,UNKNOWN,0.039,Indore_r03_c03,22.731185291812963,75.84529563783258
0.29754638671875,0.2690315544605255,0.4360983371734619,2,0.23651123046875,Indore,Indore_r03_c04.tif,2020,2021,LIKELY_NO_CHANGE,SCATTERED_CHANGE,False,No supported change interval,0,NO_SIGNIFICANT_CHANGE,LOW_PRIORITY_REVIEW,0.000335693359375,0.0020599365234375,0.00506591796875,0.0075531005859375,1.0,1.0,0.013294073736870226,False,-0.43183937668800354,0.2802133560180664,0.07478874921798706,1.7777777777777777,False,NONE_DETECTED,/content/drive/MyDrive/satellite_change_detection/masks/Indore/Indore_r03_c04_2020_2021.png,UNKNOWN,0.02,Indore_r03_c04,22.731051515197525,75.8702238351853
0.1617431640625,0.33478909730911255,0.5690773129463196,3,0.0701904296875,Indore,Indore_r03_c04.tif,2021,2022,LIKELY_NO_CHANGE,SCATTERED_CHANGE,False,No supported change interval,0,NO_SIGNIFICANT_CHANGE,LOW_PRIORITY_REVIEW,0.0020599365234375,0.0018310546875,0.0075531005859375,0.0004119873046875,1.0,1.0,0.047302815348205594,False,0.139450803399086,-0.20139211416244507,0.09475758671760559,1.7361111111111112,False,NONE_DETECTED,/content/drive/MyDrive/satellite_change_detection/masks/Indore/Indore_r03_c04_2021_2022.png,UNKNOWN,0.012,Indore_r03_c04,22.731051515197525,75.8702238351853
0.0,0.0,0.0,0,0.0,Indore,Indore_r03_c04.tif,2022,2023,LIKELY_NO_CHANGE,SCATTERED_CHANGE,False,No supported change interval,0,NO_SIGNIFICANT_CHANGE,LOW_PRIORITY_REVIEW,0.0018310546875,0.001739501953125,0.0004119873046875,0.011383056640625,1.0,1.0,0.01639828920139898,False,0.0,0.0,0.0,1.0,False,NONE_DETECTED,/content/drive/MyDrive/satellite_change_detection/masks/Indore/Indore_r03_c04_2022_2023.png,UNKNOWN,0.0,Indore_r03_c04,22.731051515197525,75.8702238351853
0.03814697265625,0.2809032201766968,0.354400098323822,1,0.03814697265625,Indore,Indore_r03_c04.tif,2023,2024,LIKELY_NO_CHANGE,SCATTERED_CHANGE,False,No supported change interval,0,NO_SIGNIFICANT_CHANGE,LOW_PRIORITY_REVIEW,0.001739501953125,0.0011444091796875,0.011383056640625,0.0006561279296875,1.0,1.0,0.039820747484674054,False,0.0423244945704937,0.07160206884145737,-0.1234399750828743,1.0,False,NONE_DETECTED,/content/drive/MyDrive/satellite_change_detection/masks/Indore/Indore_r03_c04_2023_2024.png,UNKNOWN,0.003,Indore_r03_c04,22.731051515197525,75.8702238351853
0.0,0.0,0.0,0,0.0,Indore,Indore_r03_c04.tif,2024,2025,LIKELY_NO_CHANGE,SCATTERED_CHANGE,False,No supported change interval,0,NO_SIGNIFICANT_CHANGE,LOW_PRIORITY_REVIEW,0.0011444091796875,0.0008087158203125,0.0006561279296875,0.002288818359375,1.0,1.0,0.030945076016893155,False,0.0,0.0,0.0,1.0,False,NONE_DETECTED,/content/drive/MyDrive/satellite_change_detection/masks/Indore/Indore_r03_c04_2024_2025.png,UNKNOWN,0.0,Indore_r03_c04,22.731051515197525,75.8702238351853
0.0,0.0,0.0,0,0.0,Indore,Indore_r03_c04.tif,2025,2026,LIKELY_NO_CHANGE,SCATTERED_CHANGE,False,No supported change interval,0,NO_SIGNIFICANT_CHANGE,LOW_PRIORITY_REVIEW,0.0008087158203125,0.000457763671875,0.002288818359375,0.001708984375,1.0,1.0,0.03747476259817811,False,0.0,0.0,0.0,1.0,False,NONE_DETECTED,/content/drive/MyDrive/satellite_change_detection/masks/Indore/Indore_r03_c04_2025_2026.png,UNKNOWN,0.0,Indore_r03_c04,22.731051515197525,75.8702238351853
0.40435791015625,0.26052719354629517,0.6615676879882812,4,0.1617431640625,Indore,Indore_r03_c05.tif,2020,2021,LIKELY_NO_CHANGE,SCATTERED_CHANGE,False,No supported change interval,0,NO_SIGNIFICANT_CHANGE,LOW_PRIORITY_REVIEW,6.103515625e-05,0.0004119873046875,0.0007476806640625,0.0002899169921875,1.0,1.0,0.022167603631422905,False,-0.016046226024627686,0.05478653311729431,-0.05228245258331299,1.927710843373494,False,NONE_DETECTED,/content/drive/MyDrive/satellite_change_detection/masks/Indore/Indore_r03_c05_2020_2021.png,UNKNOWN,0.027,Indore_r03_c05,22.730913851858222,75.89515184239778
0.1129150390625,0.4463154077529907,0.8031202554702759,2,0.07476806640625,Indore,Indore_r03_c05.tif,2021,2022,LIKELY_NO_CHANGE,SCATTERED_CHANGE,False,No supported change interval,0,NO_SIGNIFICANT_CHANGE,LOW_PRIORITY_REVIEW,0.0004119873046875,0.00054931640625,0.0002899169921875,0.0,1.0,1.0,0.02688446882442246,False,0.06983247399330139,-0.0758652463555336,0.019509702920913696,1.9850746268656716,False,NONE_DETECTED,/content/drive/MyDrive/satellite_change_detection/masks/Indore/Indore_r03_c05_2021_2022.png,UNKNOWN,0.009,Indore_r03_c05,22.730913851858222,75.89515184239778
0.2105712890625,0.28155791759490967,0.7841202020645142,3,0.11138916015625,Indore,Indore_r03_c05.tif,2022,2023,LIKELY_NO_CHANGE,SCATTERED_CHANGE,False,No supported change interval,0,NO_SIGNIFICANT_CHANGE,LOW_PRIORITY_REVIEW,0.00054931640625,0.000640869140625,0.0,0.0013275146484375,1.0,1.0,0.06294740852992955,False,-0.07902792096138,0.08244829624891281,-0.06588780879974365,1.0402684563758389,False,NONE_DETECTED,/content/drive/MyDrive/satellite_change_detection/masks/Indore/Indore_r03_c05_2022_2023.png,UNKNOWN,0.014,Indore_r03_c05,22.730913851858222,75.89515184239778
0.2899169921875,0.3474802076816559,0.7396734356880188,3,0.16021728515625,Indore,Indore_r03_c05.tif,2023,2024,LIKELY_NO_CHANGE,SCATTERED_CHANGE,False,No supported change interval,0,NO_SIGNIFICANT_CHANGE,LOW_PRIORITY_REVIEW,0.000640869140625,0.0003204345703125,0.0013275146484375,3.0517578125e-05,1.0,1.0,0.057565755915068274,False,-0.21536259353160858,0.09761884063482285,0.11931714415550232,3.0789473684210527,False,NONE_DETECTED,/content/drive/MyDrive/satellite_change_detection/masks/Indore/Indore_r03_c05_2023_2024.png,UNKNOWN,0.022,Indore_r03_c05,22.730913851858222,75.89515184239778
0.0,0.0,0.0,0,0.0,Indore,Indore_r03_c05.tif,2024,2025,LIKELY_NO_CHANGE,SCATTERED_CHANGE,False,No supported change interval,0,NO_SIGNIFICANT_CHANGE,LOW_PRIORITY_REVIEW,0.0003204345703125,0.0003509521484375,3.0517578125e-05,4.57763671875e-05,1.0,1.0,0.044394968507647466,False,0.0,0.0,0.0,1.0,False,NONE_DETECTED,/content/drive/MyDrive/satellite_change_detection/masks/Indore/Indore_r03_c05_2024_2025.png,UNKNOWN,0.0,Indore_r03_c05,22.730913851858222,75.89515184239778
0.0762939453125,0.3779028654098511,0.7286943793296814,2,0.03814697265625,Indore,Indore_r03_c05.tif,2025,2026,LIKELY_NO_CHANGE,SCATTERED_CHANGE,False,No supported change interval,0,NO_SIGNIFICANT_CHANGE,LOW_PRIORITY_REVIEW,0.0003509521484375,0.0003662109375,4.57763671875e-05,1.52587890625e-05,1.0,1.0,0.03565549540426385,False,0.013819292187690735,0.022584645077586174,-0.03387799859046936,1.0588235294117647,False,NONE_DETECTED,/content/drive/MyDrive/satellite_change_detection/masks/Indore/Indore_r03_c05_2025_2026.png,UNKNOWN,0.006,Indore_r03_c05,22.730913851858222,75.89515184239778
3.57666015625,0.25689804553985596,0.8608062863349915,24,0.52642822265625,Indore,Indore_r03_c06.tif,2020,2021,LOW_PRIORITY_REVIEW,SCATTERED_CHANGE,True,2020 -> 2021,6,PERSISTENT_CHANGE_SIGNAL,TEMPORAL_ONLY_EVIDENCE,0.0004730224609375,0.00103759765625,0.0003662109375,0.0,1.0,1.0,0.05077881241268254,False,-0.10115528106689453,0.0987820029258728,-0.006674617528915405,1.1066666666666667,False,NONE_DETECTED,/content/drive/MyDrive/satellite_change_detection/masks/Indore/Indore_r03_c06_2020_2021.png,UNKNOWN,0.495,Indore_r03_c06,22.730772301917487,75.92007965402574
2.58941650390625,0.2883271276950836,0.9032036662101746,19,0.84228515625,Indore,Indore_r03_c06.tif,2021,2022,LOW_PRIORITY_REVIEW,SCATTERED_CHANGE,True,2020 -> 2021,6,PERSISTENT_CHANGE_SIGNAL,TEMPORAL_ONLY_EVIDENCE,0.00103759765625,0.0005340576171875,0.0,0.0,1.0,1.0,0.04600363730262134,False,0.00014707446098327637,-0.02884536236524582,0.055039435625076294,1.2272727272727273,False,NONE_DETECTED,/content/drive/MyDrive/satellite_change_detection/masks/Indore/Indore_r03_c06_2021_2022.png,UNKNOWN,0.37,Indore_r03_c06,22.730772301917487,75.92007965402574
1.4495849609375,0.31616368889808655,0.7747297883033752,12,0.238037109375,Indore,Indore_r03_c06.tif,2022,2023,LOW_PRIORITY_REVIEW,SCATTERED_CHANGE,False,2020 -> 2021,6,PERSISTENT_CHANGE_SIGNAL,TEMPORAL_ONLY_EVIDENCE,0.0005340576171875,0.0005645751953125,0.0,0.0046539306640625,1.0,1.0,0.04573437548065083,False,-0.022848814725875854,0.020646486431360245,-0.034092843532562256,1.0363636363636364,False,NONE_DETECTED,/content/drive/MyDrive/satellite_change_detection/masks/Indore/Indore_r03_c06_2022_2023.png,UNKNOWN,0.207,Indore_r03_c06,22.730772301917487,75.92007965402574
0.92010498046875,0.2567707896232605,0.6922085285186768,12,0.15106201171875,Indore,Indore_r03_c06.tif,2023,2024,LIKELY_NO_CHANGE,SCATTERED_CHANGE,False,2020 -> 2021,6,PERSISTENT_CHANGE_SIGNAL,TEMPORAL_ONLY_EVIDENCE,0.0005645751953125,0.0003662109375,0.0046539306640625,1.52587890625e-05,1.0,1.0,0.05525286709010051,False,-0.051710546016693115,0.04879998043179512,0.027951449155807495,1.3806451612903226,False,NONE_DETECTED,/content/drive/MyDrive/satellite_change_detection/masks/Indore/Indore_r03_c06_2023_2024.png,UNKNOWN,0.126,Indore_r03_c06,22.730772301917487,75.92007965402574
0.63934326171875,0.33605945110321045,0.6579684019088745,8,0.14495849609375,Indore,Indore_r03_c06.tif,2024,2025,LIKELY_NO_CHANGE,SCATTERED_CHANGE,False,2020 -> 2021,6,PERSISTENT_CHANGE_SIGNAL,TEMPORAL_ONLY_EVIDENCE,0.0003662109375,0.0003814697265625,1.52587890625e-05,0.0,1.0,1.0,0.054450113291041956,False,-0.1644752025604248,0.062462080270051956,0.06828811764717102,1.1149425287356323,False,NONE_DETECTED,/content/drive/MyDrive/satellite_change_detection/masks/Indore/Indore_r03_c06_2024_2025.png,VEGETATION_LOSS,0.092,Indore_r03_c06,22.730772301917487,75.92007965402574
1.50604248046875,0.30896905064582825,0.791869044303894,13,0.2349853515625,Indore,Indore_r03_c06.tif,2025,2026,LOW_PRIORITY_REVIEW,SCATTERED_CHANGE,False,2020 -> 2021,6,PERSISTENT_CHANGE_SIGNAL,TEMPORAL_ONLY_EVIDENCE,0.0003814697265625,0.00030517578125,0.0,0.0,1.0,1.0,0.025229335058735168,False,-0.19267159700393677,0.1795000433921814,-0.04129430651664734,1.2872340425531914,False,NONE_DETECTED,/content/drive/MyDrive/satellite_change_detection/masks/Indore/Indore_r03_c06_2025_2026.png,CONSTRUCTION,0.214,Indore_r03_c06,22.730772301917487,75.92007965402574
10.49041748046875,0.29763564467430115,0.8018527030944824,34,2.862548828125,Indore,Indore_r03_c07.tif,2020,2021,REVIEW_REQUIRED,MODERATELY_CONNECTED,True,2020 -> 2021,6,PERSISTENT_CHANGE_SIGNAL,MODERATE_EVIDENCE,0.0001373291015625,0.0003662109375,0.070159912109375,0.0116119384765625,1.0,1.0,0.036257049335300884,False,-0.2155609130859375,0.17978926002979279,0.03206586837768555,1.0847457627118644,False,NONE_DETECTED,/content/drive/MyDrive/satellite_change_detection/masks/Indore/Indore_r03_c07_2020_2021.png,CONSTRUCTION,0.77,Indore_r03_c07,22.73062686550119,75.94500726462519
7.47222900390625,0.3379135727882385,0.7494525909423828,32,1.30157470703125,Indore,Indore_r03_c07.tif,2021,2022,REVIEW_REQUIRED,SCATTERED_CHANGE,True,2020 -> 2021,6,PERSISTENT_CHANGE_SIGNAL,TEMPORAL_ONLY_EVIDENCE,0.0003662109375,0.000213623046875,0.0116119384765625,0.0001068115234375,1.0,1.0,0.07649216671773185,False,-0.04290473461151123,0.013622134923934937,0.05330699682235718,1.008230452674897,False,NONE_DETECTED,/content/drive/MyDrive/satellite_change_detection/masks/Indore/Indore_r03_c07_2021_2022.png,UNKNOWN,0.751,Indore_r03_c07,22.73062686550119,75.94500726462519
8.6761474609375,0.35511311888694763,0.8263521194458008,31,1.82037353515625,Indore,Indore_r03_c07.tif,2022,2023,REVIEW_REQUIRED,SCATTERED_CHANGE,True,2020 -> 2021,6,PERSISTENT_CHANGE_SIGNAL,TEMPORAL_ONLY_EVIDENCE,0.000213623046875,0.00030517578125,0.0001068115234375,0.1173553466796875,1.0,1.0,0.03526696603300926,False,-0.1054740846157074,0.11576519906520844,-0.06621310114860535,1.0666666666666667,False,NONE_DETECTED,/content/drive/MyDrive/satellite_change_detection/masks/Indore/Indore_r03_c07_2022_2023.png,CONSTRUCTION,0.773,Indore_r03_c07,22.73062686550119,75.94500726462519
6.719970703125,0.2804322838783264,0.9356333017349243,36,0.750732421875,Indore,Indore_r03_c07.tif,2023,2024,LOW_PRIORITY_REVIEW,SCATTERED_CHANGE,True,2020 -> 2021,6,PERSISTENT_CHANGE_SIGNAL,TEMPORAL_ONLY_EVIDENCE,0.00030517578125,0.000152587890625,0.1173553466796875,4.57763671875e-05,1.0,1.0,0.02769968940448865,False,-0.03758475184440613,0.03871583193540573,0.05040144920349121,1.0666666666666667,False,NONE_DETECTED,/content/drive/MyDrive/satellite_change_detection/masks/Indore/Indore_r03_c07_2023_2024.png,UNKNOWN,0.709,Indore_r03_c07,22.73062686550119,75.94500726462519
8.4442138671875,0.32478687167167664,0.8123583793640137,35,2.1148681640625,Indore,Indore_r03_c07.tif,2024,2025,REVIEW_REQUIRED,MODERATELY_CONNECTED,True,2020 -> 2021,6,PERSISTENT_CHANGE_SIGNAL,MODERATE_EVIDENCE,0.000152587890625,0.0005035400390625,4.57763671875e-05,6.103515625e-05,1.0,1.0,0.05634875227829029,False,-0.20644763112068176,0.14056389033794403,0.029957234859466553,1.003968253968254,False,NONE_DETECTED,/content/drive/MyDrive/satellite_change_detection/masks/Indore/Indore_r03_c07_2024_2025.png,CONSTRUCTION,0.765,Indore_r03_c07,22.73062686550119,75.94500726462519
3.25775146484375,0.3344370424747467,0.7286587953567505,19,0.78887939453125,Indore,Indore_r03_c07.tif,2025,2026,LOW_PRIORITY_REVIEW,SCATTERED_CHANGE,True,2020 -> 2021,6,PERSISTENT_CHANGE_SIGNAL,TEMPORAL_ONLY_EVIDENCE,0.0005035400390625,0.0006561279296875,6.103515625e-05,0.0001068115234375,1.0,1.0,0.09792973618769561,False,-0.09914427995681763,0.0913960412144661,-0.01695394515991211,1.074235807860262,False,NONE_DETECTED,/content/drive/MyDrive/satellite_change_detection/masks/Indore/Indore_r03_c07_2025_2026.png,UNKNOWN,0.48,Indore_r03_c07,22.73062686550119,75.94500726462519
17.56744384765625,0.2669020891189575,0.9576605558395386,62,2.40936279296875,Indore,Indore_r04_c00.tif,2020,2021,REVIEW_REQUIRED,MODERATELY_CONNECTED,True,2020 -> 2021,6,PERSISTENT_CHANGE_SIGNAL,MODERATE_EVIDENCE,0.0001068115234375,0.0001678466796875,0.0893402099609375,0.000244140625,1.0,1.0,0.09167753046713994,False,-0.36813464760780334,0.28226161003112793,0.058590441942214966,1.0,False,NONE_DETECTED,/content/drive/MyDrive/satellite_change_detection/masks/Indore/Indore_r04_c00_2020_2021.png,CONSTRUCTION,0.744,Indore_r04_c00,22.70843896316384,75.77038049365996
11.65924072265625,0.2550267279148102,0.7962205410003662,54,2.08740234375,Indore,Indore_r04_c00.tif,2021,2022,REVIEW_REQUIRED,MODERATELY_CONNECTED,True,2020 -> 2021,6,PERSISTENT_CHANGE_SIGNAL,MODERATE_EVIDENCE,0.0001678466796875,0.000274658203125,0.000244140625,0.0001220703125,1.0,1.0,0.09249343956814507,False,0.0969921350479126,-0.10439972579479218,0.052535563707351685,1.0,False,NONE_DETECTED,/content/drive/MyDrive/satellite_change_detection/masks/Indore/Indore_r04_c00_2021_2022.png,UNKNOWN,0.73,Indore_r04_c00,22.70843896316384,75.77038049365996
11.38153076171875,0.2689809203147888,0.8578155040740967,52,1.25732421875,Indore,Indore_r04_c00.tif,2022,2023,REVIEW_REQUIRED,SCATTERED_CHANGE,True,2020 -> 2021,6,PERSISTENT_CHANGE_SIGNAL,TEMPORAL_ONLY_EVIDENCE,0.000274658203125,0.0002288818359375,0.0001220703125,0.0459136962890625,1.0,1.0,0.11001614733027215,False,0.10692715644836426,-0.06327743828296661,-0.07626083493232727,1.0,False,NONE_DETECTED,/content/drive/MyDrive/satellite_change_detection/masks/Indore/Indore_r04_c00_2022_2023.png,UNKNOWN,0.716,Indore_r04_c00,22.70843896316384,75.77038049365996
19.677734375,0.28480949997901917,0.7886768579483032,46,4.8553466796875,Indore,Indore_r04_c00.tif,2023,2024,REVIEW_REQUIRED,MODERATELY_CONNECTED,True,2020 -> 2021,6,PERSISTENT_CHANGE_SIGNAL,MODERATE_EVIDENCE,0.0002288818359375,0.0002288818359375,0.0459136962890625,0.0,1.0,1.0,0.08288260934497903,False,-0.28838425874710083,0.1756102293729782,0.07092076539993286,1.0,False,NONE_DETECTED,/content/drive/MyDrive/satellite_change_detection/masks/Indore/Indore_r04_c00_2023_2024.png,CONSTRUCTION,0.814,Indore_r04_c00,22.70843896316384,75.77038049365996
19.77081298828125,0.28394949436187744,0.9261267185211182,48,2.57568359375,Indore,Indore_r04_c00.tif,2024,2025,REVIEW_REQUIRED,MODERATELY_CONNECTED,True,2020 -> 2021,6,PERSISTENT_CHANGE_SIGNAL,MODERATE_EVIDENCE,0.0002288818359375,6.103515625e-05,0.0,0.004669189453125,1.0,1.0,0.14127350704405245,False,0.1748826801776886,-0.0944957286119461,-0.006616383790969849,1.0,False,NONE_DETECTED,/content/drive/MyDrive/satellite_change_detection/masks/Indore/Indore_r04_c00_2024_2025.png,VEGETATION_GAIN,0.756,Indore_r04_c00,22.70843896316384,75.77038049365996
5.89141845703125,0.2800784409046173,0.851365327835083,34,0.665283203125,Indore,Indore_r04_c00.tif,2025,2026,LOW_PRIORITY_REVIEW,SCATTERED_CHANGE,True,2020 -> 2021,6,PERSISTENT_CHANGE_SIGNAL,TEMPORAL_ONLY_EVIDENCE,6.103515625e-05,0.0,0.004669189453125,1.52587890625e-05,1.0,1.0,0.09212510651225252,False,-0.1128617525100708,0.09126873314380646,-0.011857151985168457,1.0080321285140563,False,NONE_DETECTED,/content/drive/MyDrive/satellite_change_detection/masks/Indore/Indore_r04_c00_2025_2026.png,UNKNOWN,0.707,Indore_r04_c00,22.70843896316384,75.77038049365996
8.05206298828125,0.2625574767589569,0.8857219219207764,32,0.9002685546875,Indore,Indore_r04_c01.tif,2020,2021,LOW_PRIORITY_REVIEW,SCATTERED_CHANGE,True,2020 -> 2021,6,PERSISTENT_CHANGE_SIGNAL,TEMPORAL_ONLY_EVIDENCE,7.62939453125e-05,0.00079345703125,0.0608367919921875,0.0004730224609375,1.0,1.0,0.06230228903314072,False,-0.15272775292396545,0.08900818228721619,0.049740225076675415,1.0711297071129706,False,NONE_DETECTED,/content/drive/MyDrive/satellite_change_detection/masks/Indore/Indore_r04_c01_2020_2021.png,VEGETATION_LOSS,0.704,Indore_r04_c01,22.70831698521336,75.79530504114895
4.53338623046875,0.24266499280929565,0.7095935344696045,27,1.0589599609375,Indore,Indore_r04_c01.tif,2021,2022,REVIEW_REQUIRED,SCATTERED_CHANGE,True,2020 -> 2021,6,PERSISTENT_CHANGE_SIGNAL,TEMPORAL_ONLY_EVIDENCE,0.00079345703125,0.0006103515625,0.0004730224609375,0.001190185546875,1.0,1.0,0.05262319857667871,False,-0.008761048316955566,-0.023442968726158142,0.07003787159919739,1.0739130434782609,False,NONE_DETECTED,/content/drive/MyDrive/satellite_change_detection/masks/Indore/Indore_r04_c01_2021_2022.png,UNKNOWN,0.633,Indore_r04_c01,22.70831698521336,75.79530504114895
5.98602294921875,0.26958954334259033,0.7291465997695923,29,1.0040283203125,Indore,Indore_r04_c01.tif,2022,2023,REVIEW_REQUIRED,SCATTERED_CHANGE,True,2020 -> 2021,6,PERSISTENT_CHANGE_SIGNAL,TEMPORAL_ONLY_EVIDENCE,0.0006103515625,0.000518798828125,0.001190185546875,0.0494537353515625,1.0,1.0,0.05645090190500835,False,0.06114405393600464,-0.028136149048805237,-0.08168521523475647,1.0,False,NONE_DETECTED,/content/drive/MyDrive/satellite_change_detection/masks/Indore/Indore_r04_c01_2022_2023.png,UNKNOWN,0.71,Indore_r04_c01,22.70831698521336,75.79530504114895
10.70404052734375,0.2508578300476074,0.7678712606430054,41,1.57928466796875,Indore,Indore_r04_c01.tif,2023,2024,REVIEW_REQUIRED,SCATTERED_CHANGE,True,2020 -> 2021,6,PERSISTENT_CHANGE_SIGNAL,TEMPORAL_ONLY_EVIDENCE,0.000518798828125,0.000701904296875,0.0494537353515625,0.0005035400390625,1.0,1.0,0.048946812861453505,False,-0.2918381094932556,0.18120121955871582,0.08959394693374634,1.0079681274900398,False,NONE_DETECTED,/content/drive/MyDrive/satellite_change_detection/masks/Indore/Indore_r04_c01_2023_2024.png,CONSTRUCTION,0.715,Indore_r04_c01,22.70831698521336,75.79530504114895
7.318115234375,0.25531983375549316,0.7108541131019592,37,0.83770751953125,Indore,Indore_r04_c01.tif,2024,2025,LOW_PRIORITY_REVIEW,SCATTERED_CHANGE,True,2020 -> 2021,6,PERSISTENT_CHANGE_SIGNAL,TEMPORAL_ONLY_EVIDENCE,0.000701904296875,0.0006103515625,0.0005035400390625,0.0011749267578125,1.0,1.0,0.03128680071563248,False,0.11748698353767395,-0.0724133551120758,-0.016066640615463257,1.0,False,NONE_DETECTED,/content/drive/MyDrive/satellite_change_detection/masks/Indore/Indore_r04_c01_2024_2025.png,UNKNOWN,0.699,Indore_r04_c01,22.70831698521336,75.79530504114895
2.23541259765625,0.24357052147388458,0.6952340602874756,20,0.49896240234375,Indore,Indore_r04_c01.tif,2025,2026,LOW_PRIORITY_REVIEW,SCATTERED_CHANGE,True,2020 -> 2021,6,PERSISTENT_CHANGE_SIGNAL,TEMPORAL_ONLY_EVIDENCE,0.0006103515625,0.000213623046875,0.0011749267578125,0.0019073486328125,1.0,1.0,0.06883563363464902,False,-0.006933391094207764,0.03604624420404434,-0.029302537441253662,1.0263157894736843,False,NONE_DETECTED,/content/drive/MyDrive/satellite_change_detection/masks/Indore/Indore_r04_c01_2025_2026.png,UNKNOWN,0.306,Indore_r04_c01,22.70831698521336,75.79530504114895
4.0863037109375,0.22642889618873596,0.5009329319000244,3,3.94744873046875,Indore,Indore_r04_c02.tif,2020,2021,REVIEW_REQUIRED,MODERATELY_CONNECTED,True,2020 -> 2021,6,PERSISTENT_CHANGE_SIGNAL,MODERATE_EVIDENCE,9.1552734375e-05,0.0002899169921875,0.0383148193359375,0.08441162109375,1.0,1.0,0.005883593455225623,False,0.04884761571884155,0.13290683925151825,-0.2095232605934143,2.808988764044944,False,NONE_DETECTED,/content/drive/MyDrive/satellite_change_detection/masks/Indore/Indore_r04_c02_2020_2021.png,WATER,0.623,Indore_r04_c02,22.708191124578292,75.82022941496218
0.9674072265625,0.2177158147096634,0.3286570906639099,4,0.4302978515625,Indore,Indore_r04_c02.tif,2021,2022,LIKELY_NO_CHANGE,SCATTERED_CHANGE,False,2020 -> 2021,6,PERSISTENT_CHANGE_SIGNAL,TEMPORAL_ONLY_EVIDENCE,0.0002899169921875,0.00042724609375,0.08441162109375,0.039215087890625,1.0,1.0,0.05535099369170756,False,0.13238805532455444,0.007827937602996826,-0.20508359372615814,1.0308370044052864,False,NONE_DETECTED,/content/drive/MyDrive/satellite_change_detection/masks/Indore/Indore_r04_c02_2021_2022.png,WATER,0.13,Indore_r04_c02,22.708191124578292,75.82022941496218
1.28021240234375,0.25473329424858093,0.38483017683029175,5,0.63629150390625,Indore,Indore_r04_c02.tif,2022,2023,LOW_PRIORITY_REVIEW,SCATTERED_CHANGE,False,2020 -> 2021,6,PERSISTENT_CHANGE_SIGNAL,TEMPORAL_ONLY_EVIDENCE,0.00042724609375,0.0001373291015625,0.039215087890625,0.03656005859375,1.0,1.0,0.022406753914790117,False,0.19065231084823608,-0.05590279400348663,-0.13797780871391296,1.0177777777777777,False,NONE_DETECTED,/content/drive/MyDrive/satellite_change_detection/masks/Indore/Indore_r04_c02_2022_2023.png,VEGETATION_GAIN,0.178,Indore_r04_c02,22.708191124578292,75.82022941496218
10.4644775390625,0.2579537630081177,0.42310336232185364,11,7.27996826171875,Indore,Indore_r04_c02.tif,2023,2024,MODERATE_STRUCTURED_CHANGE,MODERATELY_CONNECTED,True,2020 -> 2021,6,PERSISTENT_CHANGE_SIGNAL,MODERATE_EVIDENCE,0.0001373291015625,0.0007476806640625,0.03656005859375,0.0911865234375,1.0,1.0,0.058167282829113945,False,-0.41717225313186646,0.09743693470954895,0.47779518365859985,1.0666666666666667,False,NONE_DETECTED,/content/drive/MyDrive/satellite_change_detection/masks/Indore/Indore_r04_c02_2023_2024.png,WATER,0.861,Indore_r04_c02,22.708191124578292,75.82022941496218
6.02874755859375,0.19027100503444672,0.485261470079422,9,3.668212890625,Indore,Indore_r04_c02.tif,2024,2025,REVIEW_REQUIRED,MODERATELY_CONNECTED,True,2020 -> 2021,6,PERSISTENT_CHANGE_SIGNAL,MODERATE_EVIDENCE,0.0007476806640625,0.000457763671875,0.0911865234375,0.0437164306640625,1.0,1.0,0.015144512797656752,False,0.4145352244377136,-0.2400892674922943,-0.3077942132949829,1.641025641025641,False,NONE_DETECTED,/content/drive/MyDrive/satellite_change_detection/masks/Indore/Indore_r04_c02_2024_2025.png,WATER,0.737,Indore_r04_c02,22.708191124578292,75.82022941496218
1.39923095703125,0.2589077949523926,0.409751296043396,4,0.96588134765625,Indore,Indore_r04_c02.tif,2025,2026,LOW_PRIORITY_REVIEW,SCATTERED_CHANGE,False,2020 -> 2021,6,PERSISTENT_CHANGE_SIGNAL,TEMPORAL_ONLY_EVIDENCE,0.000457763671875,0.0002899169921875,0.0437164306640625,0.092803955078125,1.0,1.0,0.028690530091787736,False,0.08617809414863586,-0.012502364814281464,-0.050737589597702026,1.4260355029585798,False,NONE_DETECTED,/content/drive/MyDrive/satellite_change_detection/masks/Indore/Indore_r04_c02_2025_2026.png,UNKNOWN,0.197,Indore_r04_c02,22.708191124578292,75.82022941496218
0.13427734375,0.3144245445728302,0.49234575033187866,1,0.13427734375,Indore,Indore_r04_c03.tif,2020,2021,LIKELY_NO_CHANGE,SCATTERED_CHANGE,False,No supported change interval,0,NO_SIGNIFICANT_CHANGE,LOW_PRIORITY_REVIEW,0.0002288818359375,0.0013580322265625,0.0003204345703125,0.0007476806640625,1.0,1.0,0.03942264283113034,False,0.04607972502708435,0.0038931723684072495,-0.04199489951133728,1.5,False,NONE_DETECTED,/content/drive/MyDrive/satellite_change_detection/masks/Indore/Indore_r04_c03_2020_2021.png,UNKNOWN,0.01,Indore_r04_c03,22.708061381370573,75.84515360965881
0.11749267578125,0.2757689654827118,0.5139883756637573,2,0.07171630859375,Indore,Indore_r04_c03.tif,2021,2022,LIKELY_NO_CHANGE,SCATTERED_CHANGE,False,No supported change interval,0,NO_SIGNIFICANT_CHANGE,LOW_PRIORITY_REVIEW,0.0013580322265625,0.001434326171875,0.0007476806640625,0.0,1.0,1.0,0.057628428362572384,False,-0.08134087920188904,0.07566919922828674,-0.010676980018615723,15.142857142857142,False,NONE_DETECTED,/content/drive/MyDrive/satellite_change_detection/masks/Indore/Indore_r04_c03_2021_2022.png,UNKNOWN,0.008,Indore_r04_c03,22.708061381370573,75.84515360965881
0.0762939453125,0.2967352569103241,0.5676232576370239,2,0.03814697265625,Indore,Indore_r04_c03.tif,2022,2023,LIKELY_NO_CHANGE,SCATTERED_CHANGE,False,No supported change interval,0,NO_SIGNIFICANT_CHANGE,LOW_PRIORITY_REVIEW,0.001434326171875,0.00054931640625,0.0,0.0010986328125,1.0,1.0,0.027619192265052907,False,-0.13354244828224182,0.05530032888054848,0.03540125489234924,1.6578947368421053,False,NONE_DETECTED,/content/drive/MyDrive/satellite_change_detection/masks/Indore/Indore_r04_c03_2022_2023.png,UNKNOWN,0.005,Indore_r04_c03,22.708061381370573,75.84515360965881
0.0732421875,0.37968865036964417,0.6038625240325928,1,0.0732421875,Indore,Indore_r04_c03.tif,2023,2024,LIKELY_NO_CHANGE,SCATTERED_CHANGE,False,No supported change interval,0,NO_SIGNIFICANT_CHANGE,LOW_PRIORITY_REVIEW,0.00054931640625,0.001007080078125,0.0010986328125,6.103515625e-05,1.0,1.0,0.03334388757362247,False,-0.33084946870803833,0.19499492645263672,0.07177746295928955,1.1428571428571428,False,NONE_DETECTED,/content/drive/MyDrive/satellite_change_detection/masks/Indore/Indore_r04_c03_2023_2024.png,UNKNOWN,0.006,Indore_r04_c03,22.708061381370573,75.84515360965881
0.250244140625,0.4147111475467682,0.9031118154525757,2,0.1800537109375,Indore,Indore_r04_c03.tif,2024,2025,LIKELY_NO_CHANGE,SCATTERED_CHANGE,False,No supported change interval,0,NO_SIGNIFICANT_CHANGE,LOW_PRIORITY_REVIEW,0.001007080078125,0.0007781982421875,6.103515625e-05,0.00030517578125,1.0,1.0,0.03833353292272271,False,-0.06944970041513443,0.01570657268166542,0.035035789012908936,2.128205128205128,False,NONE_DETECTED,/content/drive/MyDrive/satellite_change_detection/masks/Indore/Indore_r04_c03_2024_2025.png,UNKNOWN,0.02,Indore_r04_c03,22.708061381370573,75.84515360965881
0.11749267578125,0.28034707903862,0.4044533967971802,2,0.079345703125,Indore,Indore_r04_c03.tif,2025,2026,LIKELY_NO_CHANGE,SCATTERED_CHANGE,False,No supported change interval,0,NO_SIGNIFICANT_CHANGE,LOW_PRIORITY_REVIEW,0.0007781982421875,0.001129150390625,0.00030517578125,0.0001678466796875,1.0,1.0,0.07162126424710694,False,-0.2631961703300476,0.10979284346103668,0.09295275807380676,1.1176470588235294,False,NONE_DETECTED,/content/drive/MyDrive/satellite_change_detection/masks/Indore/Indore_r04_c03_2025_2026.png,UNKNOWN,0.008,Indore_r04_c03,22.708061381370573,75.84515360965881
0.18463134765625,0.29858437180519104,0.7534313797950745,3,0.0762939453125,Indore,Indore_r04_c04.tif,2020,2021,LIKELY_NO_CHANGE,SCATTERED_CHANGE,False,No supported change interval,0,NO_SIGNIFICANT_CHANGE,LOW_PRIORITY_REVIEW,0.0003662109375,0.0008697509765625,0.0003814697265625,0.0007781982421875,1.0,1.0,0.019203796109540244,False,-0.043431445956230164,0.02057299017906189,0.019574254751205444,1.4479166666666667,False,NONE_DETECTED,/content/drive/MyDrive/satellite_change_detection/masks/Indore/Indore_r04_c04_2020_2021.png,UNKNOWN,0.013,Indore_r04_c04,22.70792775570557,75.87007761979815
0.22125244140625,0.22688256204128265,0.4073082208633423,2,0.1678466796875,Indore,Indore_r04_c04.tif,2021,2022,LIKELY_NO_CHANGE,SCATTERED_CHANGE,False,No supported change interval,0,NO_SIGNIFICANT_CHANGE,LOW_PRIORITY_REVIEW,0.0008697509765625,0.00091552734375,0.0007781982421875,0.0,1.0,1.0,0.12027398474915973,False,-0.1028948426246643,-0.01871490478515625,0.12367114424705505,4.58,False,NONE_DETECTED,/content/drive/MyDrive/satellite_change_detection/masks/Indore/Indore_r04_c04_2021_2022.png,UNKNOWN,0.014,Indore_r04_c04,22.70792775570557,75.87007761979815
0.0701904296875,0.2814604341983795,0.42737284302711487,1,0.0701904296875,Indore,Indore_r04_c04.tif,2022,2023,LIKELY_NO_CHANGE,SCATTERED_CHANGE,False,No supported change interval,0,NO_SIGNIFICANT_CHANGE,LOW_PRIORITY_REVIEW,0.00091552734375,0.00091552734375,0.0,0.003814697265625,1.0,1.0,0.008262422912370563,False,0.007065668702125549,0.015270419418811798,-0.061063021421432495,1.3333333333333333,False,NONE_DETECTED,/content/drive/MyDrive/satellite_change_detection/masks/Indore/Indore_r04_c04_2022_2023.png,UNKNOWN,0.005,Indore_r04_c04,22.70792775570557,75.87007761979815
0.20599365234375,0.359078973531723,0.6068724393844604,3,0.091552734375,Indore,Indore_r04_c04.tif,2023,2024,LIKELY_NO_CHANGE,SCATTERED_CHANGE,False,No supported change interval,0,NO_SIGNIFICANT_CHANGE,LOW_PRIORITY_REVIEW,0.00091552734375,0.0013885498046875,0.003814697265625,7.62939453125e-05,1.0,1.0,0.06940066068698096,False,-0.1715070754289627,0.09532233327627182,0.07502499222755432,2.6455696202531644,False,NONE_DETECTED,/content/drive/MyDrive/satellite_change_detection/masks/Indore/Indore_r04_c04_2023_2024.png,UNKNOWN,0.016,Indore_r04_c04,22.70792775570557,75.87007761979815
0.177001953125,0.23987744748592377,0.37723782658576965,2,0.1251220703125,Indore,Indore_r04_c04.tif,2024,2025,LIKELY_NO_CHANGE,SCATTERED_CHANGE,False,No supported change interval,0,NO_SIGNIFICANT_CHANGE,LOW_PRIORITY_REVIEW,0.0013885498046875,0.0008087158203125,7.62939453125e-05,0.0001220703125,1.0,1.0,0.022480636387715778,False,0.076020747423172,-0.047487132251262665,-0.03216910362243652,1.86,False,NONE_DETECTED,/content/drive/MyDrive/satellite_change_detection/masks/Indore/Indore_r04_c04_2024_2025.png,UNKNOWN,0.011,Indore_r04_c04,22.70792775570557,75.87007761979815
0.0762939453125,0.24175269901752472,0.3707396686077118,2,0.03814697265625,Indore,Indore_r04_c04.tif,2025,2026,LIKELY_NO_CHANGE,SCATTERED_CHANGE,False,No supported change interval,0,NO_SIGNIFICANT_CHANGE,LOW_PRIORITY_REVIEW,0.0008087158203125,0.000701904296875,0.0001220703125,0.0003509521484375,1.0,1.0,0.03524502540850992,False,0.028519809246063232,0.04702217876911163,-0.06499770283699036,1.9777777777777779,False,NONE_DETECTED,/content/drive/MyDrive/satellite_change_detection/masks/Indore/Indore_r04_c04_2025_2026.png,UNKNOWN,0.005,Indore_r04_c04,22.70792775570557,75.87007761979815
1.93939208984375,0.25946950912475586,0.5459450483322144,10,0.46234130859375,Indore,Indore_r04_c05.tif,2020,2021,LOW_PRIORITY_REVIEW,SCATTERED_CHANGE,False,2020 -> 2022,5,PERSISTENT_CHANGE_SIGNAL,TEMPORAL_ONLY_EVIDENCE,0.0002899169921875,0.0008087158203125,0.0010223388671875,0.0006561279296875,1.0,1.0,0.03533231875726001,False,-0.09051096439361572,0.07942606508731842,-0.02851209044456482,1.2564102564102564,False,NONE_DETECTED,/content/drive/MyDrive/satellite_change_detection/masks/Indore/Indore_r04_c05_2020_2021.png,UNKNOWN,0.268,Indore_r04_c05,22.70779024770208,75.89500143993988
1.32293701171875,0.31943655014038086,0.5294636487960815,8,0.74310302734375,Indore,Indore_r04_c05.tif,2021,2022,LOW_PRIORITY_REVIEW,SCATTERED_CHANGE,False,2020 -> 2022,5,PERSISTENT_CHANGE_SIGNAL,TEMPORAL_ONLY_EVIDENCE,0.0008087158203125,0.001068115234375,0.0006561279296875,0.0,1.0,1.0,0.021882677137486973,False,0.041825324296951294,-0.018057994544506073,-0.007064938545227051,1.1602564102564104,False,NONE_DETECTED,/content/drive/MyDrive/satellite_change_detection/masks/Indore/Indore_r04_c05_2021_2022.png,UNKNOWN,0.193,Indore_r04_c05,22.70779024770208,75.89500143993988
2.72979736328125,0.2361718863248825,0.5618376135826111,12,0.8636474609375,Indore,Indore_r04_c05.tif,2022,2023,LOW_PRIORITY_REVIEW,SCATTERED_CHANGE,True,2020 -> 2022,5,PERSISTENT_CHANGE_SIGNAL,TEMPORAL_ONLY_EVIDENCE,0.001068115234375,0.000885009765625,0.0,0.0045013427734375,1.0,1.0,0.03255063794821672,False,0.09504300355911255,-0.03864219784736633,-0.07138079404830933,1.1388888888888888,False,NONE_DETECTED,/content/drive/MyDrive/satellite_change_detection/masks/Indore/Indore_r04_c05_2022_2023.png,UNKNOWN,0.377,Indore_r04_c05,22.70779024770208,75.89500143993988
1.41143798828125,0.2600405216217041,0.7152959108352661,13,0.274658203125,Indore,Indore_r04_c05.tif,2023,2024,LOW_PRIORITY_REVIEW,SCATTERED_CHANGE,False,2020 -> 2022,5,PERSISTENT_CHANGE_SIGNAL,TEMPORAL_ONLY_EVIDENCE,0.000885009765625,0.0009918212890625,0.0045013427734375,0.0,1.0,1.0,0.05400848444806588,False,-0.03127789497375488,0.002289190888404846,0.04959830641746521,1.1342592592592593,False,NONE_DETECTED,/content/drive/MyDrive/satellite_change_detection/masks/Indore/Indore_r04_c05_2023_2024.png,UNKNOWN,0.194,Indore_r04_c05,22.70779024770208,75.89500143993988
0.99945068359375,0.25525152683258057,0.7494047284126282,13,0.13885498046875,Indore,Indore_r04_c05.tif,2024,2025,LIKELY_NO_CHANGE,SCATTERED_CHANGE,False,2020 -> 2022,5,PERSISTENT_CHANGE_SIGNAL,TEMPORAL_ONLY_EVIDENCE,0.0009918212890625,0.000732421875,0.0,1.52587890625e-05,1.0,1.0,0.027452624573915195,False,-0.1367194950580597,0.03198394179344177,0.0923309326171875,1.5816993464052287,False,NONE_DETECTED,/content/drive/MyDrive/satellite_change_detection/masks/Indore/Indore_r04_c05_2024_2025.png,UNKNOWN,0.136,Indore_r04_c05,22.70779024770208,75.89500143993988
0.88653564453125,0.2732805013656616,0.8417069911956787,12,0.17242431640625,Indore,Indore_r04_c05.tif,2025,2026,LIKELY_NO_CHANGE,SCATTERED_CHANGE,False,2020 -> 2022,5,PERSISTENT_CHANGE_SIGNAL,TEMPORAL_ONLY_EVIDENCE,0.000732421875,0.000579833984375,1.52587890625e-05,0.0001220703125,1.0,1.0,0.011151874657511178,False,0.059986650943756104,0.007379213348031044,-0.06487858295440674,1.281767955801105,False,NONE_DETECTED,/content/drive/MyDrive/satellite_change_detection/masks/Indore/Indore_r04_c05_2025_2026.png,UNKNOWN,0.123,Indore_r04_c05,22.70779024770208,75.89500143993988
1.88751220703125,0.2714778780937195,0.6027899980545044,10,0.6256103515625,Indore,Indore_r04_c06.tif,2020,2021,LOW_PRIORITY_REVIEW,SCATTERED_CHANGE,False,2020 -> 2024,3,PERSISTENT_CHANGE_SIGNAL,TEMPORAL_ONLY_EVIDENCE,0.0010986328125,0.001800537109375,0.0023345947265625,0.0016937255859375,1.0,1.0,0.03956130847662859,False,0.02582371234893799,0.07265186309814453,-0.10711327195167542,1.5389610389610389,False,NONE_DETECTED,/content/drive/MyDrive/satellite_change_detection/masks/Indore/Indore_r04_c06_2020_2021.png,UNKNOWN,0.265,Indore_r04_c06,22.70764885748238,75.91992506464378
1.11541748046875,0.26627057790756226,0.5359230041503906,9,0.4913330078125,Indore,Indore_r04_c06.tif,2021,2022,LOW_PRIORITY_REVIEW,SCATTERED_CHANGE,False,2020 -> 2024,3,PERSISTENT_CHANGE_SIGNAL,TEMPORAL_ONLY_EVIDENCE,0.001800537109375,0.0014495849609375,0.0016937255859375,0.0,1.0,1.0,0.03973507788587657,False,0.05103595554828644,-0.07389765232801437,0.04142874479293823,1.055045871559633,False,NONE_DETECTED,/content/drive/MyDrive/satellite_change_detection/masks/Indore/Indore_r04_c06_2021_2022.png,UNKNOWN,0.155,Indore_r04_c06,22.70764885748238,75.91992506464378
0.95367431640625,0.2592410743236542,0.5320736169815063,7,0.32196044921875,Indore,Indore_r04_c06.tif,2022,2023,LIKELY_NO_CHANGE,SCATTERED_CHANGE,False,2020 -> 2024,3,PERSISTENT_CHANGE_SIGNAL,TEMPORAL_ONLY_EVIDENCE,0.0014495849609375,0.0013580322265625,0.0,0.00653076171875,1.0,1.0,0.04152582372881567,False,-0.08950154483318329,0.07606221735477448,-0.02042567729949951,1.052910052910053,False,NONE_DETECTED,/content/drive/MyDrive/satellite_change_detection/masks/Indore/Indore_r04_c06_2022_2023.png,UNKNOWN,0.131,Indore_r04_c06,22.70764885748238,75.91992506464378
0.42572021484375,0.27500101923942566,0.462374210357666,6,0.146484375,Indore,Indore_r04_c06.tif,2023,2024,LIKELY_NO_CHANGE,SCATTERED_CHANGE,False,2020 -> 2024,3,PERSISTENT_CHANGE_SIGNAL,TEMPORAL_ONLY_EVIDENCE,0.0013580322265625,0.0012359619140625,0.00653076171875,0.000457763671875,1.0,1.0,0.05000654973343958,False,0.07624605298042297,-0.08826003968715668,0.03861480951309204,1.4345238095238095,False,NONE_DETECTED,/content/drive/MyDrive/satellite_change_detection/masks/Indore/Indore_r04_c06_2023_2024.png,UNKNOWN,0.059,Indore_r04_c06,22.70764885748238,75.91992506464378
1.93634033203125,0.2833639085292816,0.836845874786377,14,0.3997802734375,Indore,Indore_r04_c06.tif,2024,2025,LOW_PRIORITY_REVIEW,SCATTERED_CHANGE,False,2020 -> 2024,3,PERSISTENT_CHANGE_SIGNAL,TEMPORAL_ONLY_EVIDENCE,0.0012359619140625,0.001220703125,0.000457763671875,0.000213623046875,1.0,1.0,0.04958617290002326,False,-0.18342572450637817,0.10220354795455933,0.03967106342315674,1.0,False,NONE_DETECTED,/content/drive/MyDrive/satellite_change_detection/masks/Indore/Indore_r04_c06_2024_2025.png,CONSTRUCTION,0.272,Indore_r04_c06,22.70764885748238,75.91992506464378
1.77459716796875,0.2699654698371887,0.889971137046814,18,0.25634765625,Indore,Indore_r04_c06.tif,2025,2026,LOW_PRIORITY_REVIEW,SCATTERED_CHANGE,False,2020 -> 2024,3,PERSISTENT_CHANGE_SIGNAL,TEMPORAL_ONLY_EVIDENCE,0.001220703125,0.0008392333984375,0.000213623046875,0.000213623046875,1.0,1.0,0.047543274047077935,False,0.012526586651802063,-0.0270661823451519,0.03501579165458679,1.0391304347826087,False,NONE_DETECTED,/content/drive/MyDrive/satellite_change_detection/masks/Indore/Indore_r04_c06_2025_2026.png,UNKNOWN,0.245,Indore_r04_c06,22.70764885748238,75.91992506464378
5.63507080078125,0.2679448127746582,0.5950181484222412,39,0.74615478515625,Indore,Indore_r04_c07.tif,2020,2021,LOW_PRIORITY_REVIEW,SCATTERED_CHANGE,True,2020 -> 2021,6,PERSISTENT_CHANGE_SIGNAL,TEMPORAL_ONLY_EVIDENCE,0.000396728515625,0.000640869140625,0.031005859375,0.015411376953125,1.0,1.0,0.07454654599061339,False,-0.20706316828727722,0.14444828033447266,0.026151210069656372,1.0,False,NONE_DETECTED,/content/drive/MyDrive/satellite_change_detection/masks/Indore/Indore_r04_c07_2020_2021.png,CONSTRUCTION,0.703,Indore_r04_c07,22.707503585172187,75.94484848846994
3.83453369140625,0.25710752606391907,0.692815363407135,40,0.31890869140625,Indore,Indore_r04_c07.tif,2021,2022,LOW_PRIORITY_REVIEW,SCATTERED_CHANGE,True,2020 -> 2021,6,PERSISTENT_CHANGE_SIGNAL,TEMPORAL_ONLY_EVIDENCE,0.000640869140625,0.0007781982421875,0.015411376953125,1.52587890625e-05,1.0,1.0,0.12242189118815429,False,-0.12135741114616394,0.07240913063287735,0.06970149278640747,1.0199203187250996,False,NONE_DETECTED,/content/drive/MyDrive/satellite_change_detection/masks/Indore/Indore_r04_c07_2021_2022.png,UNKNOWN,0.527,Indore_r04_c07,22.707503585172187,75.94484848846994
8.14361572265625,0.3144318163394928,0.7773355841636658,36,2.10723876953125,Indore,Indore_r04_c07.tif,2022,2023,REVIEW_REQUIRED,MODERATELY_CONNECTED,True,2020 -> 2021,6,PERSISTENT_CHANGE_SIGNAL,MODERATE_EVIDENCE,0.0007781982421875,0.000885009765625,1.52587890625e-05,0.0806884765625,1.0,1.0,0.10730754836814067,False,-0.0008238554000854492,0.0064385682344436646,-0.05768942832946777,1.0,False,NONE_DETECTED,/content/drive/MyDrive/satellite_change_detection/masks/Indore/Indore_r04_c07_2022_2023.png,UNKNOWN,0.76,Indore_r04_c07,22.707503585172187,75.94484848846994
8.0078125,0.28421342372894287,0.9809144735336304,29,2.26593017578125,Indore,Indore_r04_c07.tif,2023,2024,REVIEW_REQUIRED,MODERATELY_CONNECTED,True,2020 -> 2021,6,PERSISTENT_CHANGE_SIGNAL,MODERATE_EVIDENCE,0.000885009765625,0.0008544921875,0.0806884765625,0.0001373291015625,1.0,1.0,0.07935330870157731,False,-0.2765970230102539,0.2161642611026764,0.07444426417350769,1.1277533039647578,False,NONE_DETECTED,/content/drive/MyDrive/satellite_change_detection/masks/Indore/Indore_r04_c07_2023_2024.png,CONSTRUCTION,0.749,Indore_r04_c07,22.707503585172187,75.94484848846994
8.8897705078125,0.290213018655777,0.8343678116798401,27,2.1697998046875,Indore,Indore_r04_c07.tif,2024,2025,REVIEW_REQUIRED,MODERATELY_CONNECTED,True,2020 -> 2021,6,PERSISTENT_CHANGE_SIGNAL,MODERATE_EVIDENCE,0.0008544921875,0.0007476806640625,0.0001373291015625,3.0517578125e-05,1.0,1.0,0.025982504791225835,False,-0.163855642080307,0.09949583560228348,0.047892600297927856,1.1327433628318584,False,NONE_DETECTED,/content/drive/MyDrive/satellite_change_detection/masks/Indore/Indore_r04_c07_2024_2025.png,VEGETATION_LOSS,0.749,Indore_r04_c07,22.707503585172187,75.94484848846994
2.5970458984375,0.2810206711292267,0.6627155542373657,19,0.74920654296875,Indore,Indore_r04_c07.tif,2025,2026,LOW_PRIORITY_REVIEW,SCATTERED_CHANGE,True,2020 -> 2021,6,PERSISTENT_CHANGE_SIGNAL,TEMPORAL_ONLY_EVIDENCE,0.0007476806640625,0.0005035400390625,3.0517578125e-05,0.0004119873046875,1.0,1.0,0.012100160210593043,False,-0.1264735460281372,0.12467651814222336,-0.019408971071243286,1.087962962962963,False,NONE_DETECTED,/content/drive/MyDrive/satellite_change_detection/masks/Indore/Indore_r04_c07_2025_2026.png,CONSTRUCTION,0.368,Indore_r04_c07,22.707503585172187,75.94484848846994
10.59112548828125,0.2693258821964264,0.8663560152053833,51,0.79193115234375,Indore,Indore_r05_c00.tif,2020,2021,REVIEW_REQUIRED,SCATTERED_CHANGE,True,2020 -> 2021,6,PERSISTENT_CHANGE_SIGNAL,TEMPORAL_ONLY_EVIDENCE,0.000396728515625,0.000579833984375,0.0267486572265625,0.0027008056640625,1.0,1.0,0.01639066448816411,False,-0.3075183033943176,0.2399778813123703,0.03305017948150635,1.0578512396694215,False,NONE_DETECTED,/content/drive/MyDrive/satellite_change_detection/masks/Indore/Indore_r05_c00_2020_2021.png,CONSTRUCTION,0.704,Indore_r05_c00,22.68531455867028,75.7702511961759
8.12835693359375,0.25359392166137695,0.816281259059906,51,0.74615478515625,Indore,Indore_r05_c00.tif,2021,2022,LOW_PRIORITY_REVIEW,SCATTERED_CHANGE,True,2020 -> 2021,6,PERSISTENT_CHANGE_SIGNAL,TEMPORAL_ONLY_EVIDENCE,0.000579833984375,0.0007171630859375,0.0027008056640625,0.0005340576171875,1.0,1.0,0.04540658248661202,False,0.11022350192070007,-0.12580811977386475,0.04805120825767517,1.0578512396694215,False,NONE_DETECTED,/content/drive/MyDrive/satellite_change_detection/masks/Indore/Indore_r05_c00_2021_2022.png,UNKNOWN,0.695,Indore_r05_c00,22.68531455867028,75.7702511961759
9.42230224609375,0.28762000799179077,0.8555475473403931,39,1.763916015625,Indore,Indore_r05_c00.tif,2022,2023,REVIEW_REQUIRED,SCATTERED_CHANGE,True,2020 -> 2021,6,PERSISTENT_CHANGE_SIGNAL,TEMPORAL_ONLY_EVIDENCE,0.0007171630859375,0.0002899169921875,0.0005340576171875,0.0148468017578125,1.0,1.0,0.13231694326427157,False,0.12715652585029602,-0.0857638567686081,-0.09152916073799133,1.0406504065040652,False,NONE_DETECTED,/content/drive/MyDrive/satellite_change_detection/masks/Indore/Indore_r05_c00_2022_2023.png,UNKNOWN,0.738,Indore_r05_c00,22.68531455867028,75.7702511961759
15.57769775390625,0.2627936601638794,0.9384433031082153,46,3.338623046875,Indore,Indore_r05_c00.tif,2023,2024,REVIEW_REQUIRED,MODERATELY_CONNECTED,True,2020 -> 2021,6,PERSISTENT_CHANGE_SIGNAL,MODERATE_EVIDENCE,0.0002899169921875,0.0005035400390625,0.0148468017578125,0.0,1.0,1.0,0.08745884105262809,False,-0.2387365698814392,0.1375400871038437,0.06059378385543823,1.0281124497991967,False,NONE_DETECTED,/content/drive/MyDrive/satellite_change_detection/masks/Indore/Indore_r05_c00_2023_2024.png,CONSTRUCTION,0.765,Indore_r05_c00,22.68531455867028,75.7702511961759
15.42510986328125,0.2571491301059723,0.8273575305938721,39,1.6876220703125,Indore,Indore_r05_c00.tif,2024,2025,REVIEW_REQUIRED,SCATTERED_CHANGE,True,2020 -> 2021,6,PERSISTENT_CHANGE_SIGNAL,TEMPORAL_ONLY_EVIDENCE,0.0005035400390625,0.000457763671875,0.0,4.57763671875e-05,1.0,1.0,0.07577430117398393,False,0.20070067048072815,-0.11156536638736725,-0.029928773641586304,1.0578512396694215,False,NONE_DETECTED,/content/drive/MyDrive/satellite_change_detection/masks/Indore/Indore_r05_c00_2024_2025.png,VEGETATION_GAIN,0.721,Indore_r05_c00,22.68531455867028,75.7702511961759
5.81512451171875,0.2421860247850418,0.7289992570877075,39,0.76446533203125,Indore,Indore_r05_c00.tif,2025,2026,LOW_PRIORITY_REVIEW,SCATTERED_CHANGE,True,2020 -> 2021,6,PERSISTENT_CHANGE_SIGNAL,TEMPORAL_ONLY_EVIDENCE,0.000457763671875,0.0009002685546875,4.57763671875e-05,0.0010833740234375,1.0,1.0,0.11611273027195955,False,-0.06844758987426758,0.04854995012283325,0.008031755685806274,1.0756302521008403,False,NONE_DETECTED,/content/drive/MyDrive/satellite_change_detection/masks/Indore/Indore_r05_c00_2025_2026.png,UNKNOWN,0.69,Indore_r05_c00,22.68531455867028,75.7702511961759
6.9061279296875,0.24954155087471008,0.8954524993896484,41,0.92926025390625,Indore,Indore_r05_c01.tif,2020,2021,LOW_PRIORITY_REVIEW,SCATTERED_CHANGE,True,2020 -> 2021,6,PERSISTENT_CHANGE_SIGNAL,TEMPORAL_ONLY_EVIDENCE,0.000274658203125,0.000762939453125,0.01373291015625,0.00146484375,1.0,1.0,0.06165816658929138,False,-0.2044363021850586,0.15146701037883759,0.014287114143371582,1.0118577075098814,False,NONE_DETECTED,/content/drive/MyDrive/satellite_change_detection/masks/Indore/Indore_r05_c01_2020_2021.png,CONSTRUCTION,0.698,Indore_r05_c01,22.68519271846826,75.79517156148927
5.4412841796875,0.2707689106464386,0.7852692008018494,43,0.64544677734375,Indore,Indore_r05_c01.tif,2021,2022,LOW_PRIORITY_REVIEW,SCATTERED_CHANGE,True,2020 -> 2021,6,PERSISTENT_CHANGE_SIGNAL,TEMPORAL_ONLY_EVIDENCE,0.000762939453125,0.0004730224609375,0.00146484375,0.0003662109375,1.0,1.0,0.04894899486569053,False,-0.11529970169067383,0.04661615937948227,0.09064331650733948,1.0118577075098814,False,NONE_DETECTED,/content/drive/MyDrive/satellite_change_detection/masks/Indore/Indore_r05_c01_2021_2022.png,UNKNOWN,0.702,Indore_r05_c01,22.68519271846826,75.79517156148927
5.4229736328125,0.28687652945518494,0.8289718627929688,35,0.4547119140625,Indore,Indore_r05_c01.tif,2022,2023,LOW_PRIORITY_REVIEW,SCATTERED_CHANGE,True,2020 -> 2021,6,PERSISTENT_CHANGE_SIGNAL,TEMPORAL_ONLY_EVIDENCE,0.0004730224609375,0.0004425048828125,0.0003662109375,0.0153045654296875,1.0,1.0,0.07265498428868952,False,0.05710926651954651,-0.030847251415252686,-0.07641783356666565,1.0040322580645162,False,NONE_DETECTED,/content/drive/MyDrive/satellite_change_detection/masks/Indore/Indore_r05_c01_2022_2023.png,UNKNOWN,0.705,Indore_r05_c01,22.68519271846826,75.79517156148927
9.08355712890625,0.25231730937957764,0.8233227133750916,33,1.6571044921875,Indore,Indore_r05_c01.tif,2023,2024,REVIEW_REQUIRED,SCATTERED_CHANGE,True,2020 -> 2021,6,PERSISTENT_CHANGE_SIGNAL,TEMPORAL_ONLY_EVIDENCE,0.0004425048828125,0.0007171630859375,0.0153045654296875,0.0,1.0,1.0,0.11596037156000125,False,-0.3011765778064728,0.22058647871017456,0.060730189085006714,1.0158730158730158,False,NONE_DETECTED,/content/drive/MyDrive/satellite_change_detection/masks/Indore/Indore_r05_c01_2023_2024.png,CONSTRUCTION,0.718,Indore_r05_c01,22.68519271846826,75.79517156148927
10.82000732421875,0.25890710949897766,0.9191900491714478,40,1.04217529296875,Indore,Indore_r05_c01.tif,2024,2025,REVIEW_REQUIRED,SCATTERED_CHANGE,True,2020 -> 2021,6,PERSISTENT_CHANGE_SIGNAL,TEMPORAL_ONLY_EVIDENCE,0.0007171630859375,0.0007476806640625,0.0,1.52587890625e-05,1.0,1.0,0.021508339708676123,False,0.18701913952827454,-0.1479489654302597,-0.019700288772583008,1.0158730158730158,False,NONE_DETECTED,/content/drive/MyDrive/satellite_change_detection/masks/Indore/Indore_r05_c01_2024_2025.png,VEGETATION_GAIN,0.706,Indore_r05_c01,22.68519271846826,75.79517156148927
3.27911376953125,0.28426459431648254,0.7689266204833984,24,0.60577392578125,Indore,Indore_r05_c01.tif,2025,2026,LOW_PRIORITY_REVIEW,SCATTERED_CHANGE,True,2020 -> 2021,6,PERSISTENT_CHANGE_SIGNAL,TEMPORAL_ONLY_EVIDENCE,0.0007476806640625,0.0009765625,1.52587890625e-05,0.0015106201171875,1.0,1.0,0.08550658050132852,False,-0.1331653594970703,0.10850857198238373,0.02081400156021118,1.008695652173913,False,NONE_DETECTED,/content/drive/MyDrive/satellite_change_detection/masks/Indore/Indore_r05_c01_2025_2026.png,CONSTRUCTION,0.464,Indore_r05_c01,22.68519271846826,75.79517156148927
1.57928466796875,0.30072158575057983,0.6108798980712891,11,0.3509521484375,Indore,Indore_r05_c02.tif,2020,2021,LOW_PRIORITY_REVIEW,SCATTERED_CHANGE,False,2020 -> 2024,2,PERSISTENT_CHANGE_SIGNAL,TEMPORAL_ONLY_EVIDENCE,1.52587890625e-05,0.0003814697265625,0.0021514892578125,0.0001068115234375,1.0,1.0,0.10378985821051281,False,-0.04100114107131958,0.035985350608825684,-0.022860735654830933,1.0199203187250996,False,NONE_DETECTED,/content/drive/MyDrive/satellite_change_detection/masks/Indore/Indore_r05_c02_2020_2021.png,UNKNOWN,0.187,Indore_r05_c02,22.685066999966104,75.82009175325702
0.55694580078125,0.2725299596786499,0.48658066987991333,7,0.140380859375,Indore,Indore_r05_c02.tif,2021,2022,LIKELY_NO_CHANGE,SCATTERED_CHANGE,False,2020 -> 2024,2,PERSISTENT_CHANGE_SIGNAL,TEMPORAL_ONLY_EVIDENCE,0.0003814697265625,0.0004119873046875,0.0001068115234375,0.0,1.0,1.0,0.03339787312406357,False,0.1407923698425293,-0.16723959147930145,0.0747496485710144,3.857142857142857,False,NONE_DETECTED,/content/drive/MyDrive/satellite_change_detection/masks/Indore/Indore_r05_c02_2021_2022.png,UNKNOWN,0.064,Indore_r05_c02,22.685066999966104,75.82009175325702
2.2064208984375,0.24538753926753998,0.5954886674880981,11,0.69732666015625,Indore,Indore_r05_c02.tif,2022,2023,LOW_PRIORITY_REVIEW,SCATTERED_CHANGE,True,2020 -> 2024,2,PERSISTENT_CHANGE_SIGNAL,TEMPORAL_ONLY_EVIDENCE,0.0004119873046875,0.000244140625,0.0,0.002960205078125,1.0,1.0,0.050344643345187456,False,-0.12314948439598083,0.03610384836792946,0.03809225559234619,1.8285714285714285,False,NONE_DETECTED,/content/drive/MyDrive/satellite_change_detection/masks/Indore/Indore_r05_c02_2022_2023.png,UNKNOWN,0.253,Indore_r05_c02,22.685066999966104,75.82009175325702
1.556396484375,0.3051240146160126,0.7940599918365479,11,0.33111572265625,Indore,Indore_r05_c02.tif,2023,2024,LOW_PRIORITY_REVIEW,SCATTERED_CHANGE,False,2020 -> 2024,2,PERSISTENT_CHANGE_SIGNAL,TEMPORAL_ONLY_EVIDENCE,0.000244140625,0.0002288818359375,0.002960205078125,0.0,1.0,1.0,0.13841517659608227,False,-0.13052979111671448,0.11342202126979828,0.038604021072387695,1.0245901639344261,False,NONE_DETECTED,/content/drive/MyDrive/satellite_change_detection/masks/Indore/Indore_r05_c02_2023_2024.png,CONSTRUCTION,0.185,Indore_r05_c02,22.685066999966104,75.82009175325702
0.93536376953125,0.304800420999527,0.6319003105163574,8,0.19683837890625,Indore,Indore_r05_c02.tif,2024,2025,LIKELY_NO_CHANGE,SCATTERED_CHANGE,False,2020 -> 2024,2,PERSISTENT_CHANGE_SIGNAL,TEMPORAL_ONLY_EVIDENCE,0.0002288818359375,0.000335693359375,0.0,1.52587890625e-05,1.0,1.0,0.07025802047467243,False,0.04711279273033142,-0.0630415603518486,0.01254841685295105,1.8409090909090908,False,NONE_DETECTED,/content/drive/MyDrive/satellite_change_detection/masks/Indore/Indore_r05_c02_2024_2025.png,UNKNOWN,0.11,Indore_r05_c02,22.685066999966104,75.82009175325702
0.99334716796875,0.2870289087295532,0.7840381264686584,9,0.2471923828125,Indore,Indore_r05_c02.tif,2025,2026,LIKELY_NO_CHANGE,SCATTERED_CHANGE,False,2020 -> 2024,2,PERSISTENT_CHANGE_SIGNAL,TEMPORAL_ONLY_EVIDENCE,0.000335693359375,0.0005340576171875,1.52587890625e-05,0.0,1.0,1.0,0.051755700788648086,False,-0.1458054631948471,0.03563851863145828,0.07803967595100403,4.064516129032258,False,NONE_DETECTED,/content/drive/MyDrive/satellite_change_detection/masks/Indore/Indore_r05_c02_2025_2026.png,UNKNOWN,0.116,Indore_r05_c02,22.685066999966104,75.82009175325702
0.47607421875,0.3060323894023895,0.5256409645080566,5,0.262451171875,Indore,Indore_r05_c03.tif,2020,2021,LIKELY_NO_CHANGE,SCATTERED_CHANGE,False,2020 -> 2024,3,PERSISTENT_CHANGE_SIGNAL,TEMPORAL_ONLY_EVIDENCE,0.0002593994140625,0.001129150390625,0.00079345703125,0.003448486328125,1.0,1.0,0.023835780559009048,False,-0.11547887325286865,0.15825873613357544,-0.040190279483795166,1.364864864864865,False,NONE_DETECTED,/content/drive/MyDrive/satellite_change_detection/masks/Indore/Indore_r05_c03_2020_2021.png,CONSTRUCTION,0.068,Indore_r05_c03,22.684937403275548,75.84501176604233
0.3936767578125,0.28698447346687317,0.6453673243522644,4,0.23345947265625,Indore,Indore_r05_c03.tif,2021,2022,LIKELY_NO_CHANGE,SCATTERED_CHANGE,False,2020 -> 2024,3,PERSISTENT_CHANGE_SIGNAL,TEMPORAL_ONLY_EVIDENCE,0.001129150390625,0.00091552734375,0.003448486328125,0.000335693359375,1.0,1.0,0.06429556306896574,False,-0.2635965347290039,0.155494824051857,0.0645906925201416,1.0207253886010363,False,NONE_DETECTED,/content/drive/MyDrive/satellite_change_detection/masks/Indore/Indore_r05_c03_2021_2022.png,CONSTRUCTION,0.055,Indore_r05_c03,22.684937403275548,75.84501176604233
1.24664306640625,0.3209916055202484,0.6402868032455444,10,0.39520263671875,Indore,Indore_r05_c03.tif,2022,2023,LOW_PRIORITY_REVIEW,SCATTERED_CHANGE,False,2020 -> 2024,3,PERSISTENT_CHANGE_SIGNAL,TEMPORAL_ONLY_EVIDENCE,0.00091552734375,0.0003814697265625,0.000335693359375,0.003997802734375,1.0,1.0,0.03408722574540594,False,-0.18047475814819336,0.140450119972229,0.008579790592193604,1.0858585858585859,False,NONE_DETECTED,/content/drive/MyDrive/satellite_change_detection/masks/Indore/Indore_r05_c03_2022_2023.png,CONSTRUCTION,0.18,Indore_r05_c03,22.684937403275548,75.84501176604233
1.42822265625,0.31182795763015747,0.8190664052963257,11,0.3387451171875,Indore,Indore_r05_c03.tif,2023,2024,LOW_PRIORITY_REVIEW,SCATTERED_CHANGE,False,2020 -> 2024,3,PERSISTENT_CHANGE_SIGNAL,TEMPORAL_ONLY_EVIDENCE,0.0003814697265625,0.0009002685546875,0.003997802734375,0.000701904296875,1.0,1.0,0.09183007363538648,False,0.05692806839942932,-0.013545917347073555,0.002018183469772339,1.0175438596491229,False,NONE_DETECTED,/content/drive/MyDrive/satellite_change_detection/masks/Indore/Indore_r05_c03_2023_2024.png,UNKNOWN,0.204,Indore_r05_c03,22.684937403275548,75.84501176604233
1.434326171875,0.3234645128250122,0.6898785829544067,9,0.3509521484375,Indore,Indore_r05_c03.tif,2024,2025,LOW_PRIORITY_REVIEW,SCATTERED_CHANGE,False,2020 -> 2024,3,PERSISTENT_CHANGE_SIGNAL,TEMPORAL_ONLY_EVIDENCE,0.0009002685546875,0.000518798828125,0.000701904296875,0.0018157958984375,1.0,1.0,0.03518365834419108,False,-0.15870440006256104,0.07689521461725235,0.024821728467941284,1.0176211453744493,False,NONE_DETECTED,/content/drive/MyDrive/satellite_change_detection/masks/Indore/Indore_r05_c03_2024_2025.png,VEGETATION_LOSS,0.207,Indore_r05_c03,22.684937403275548,75.84501176604233
0.38909912109375,0.3612179160118103,0.5832623243331909,5,0.1129150390625,Indore,Indore_r05_c03.tif,2025,2026,LIKELY_NO_CHANGE,SCATTERED_CHANGE,False,2020 -> 2024,3,PERSISTENT_CHANGE_SIGNAL,TEMPORAL_ONLY_EVIDENCE,0.000518798828125,0.0008544921875,0.0018157958984375,0.0015869140625,1.0,1.0,0.026584384770165056,False,0.09832796454429626,0.028782282024621964,-0.10646596550941467,1.0044052863436124,False,NONE_DETECTED,/content/drive/MyDrive/satellite_change_detection/masks/Indore/Indore_r05_c03_2025_2026.png,UNKNOWN,0.057,Indore_r05_c03,22.684937403275548,75.84501176604233
0.396728515625,0.21481606364250183,0.40401220321655273,6,0.103759765625,Indore,Indore_r05_c04.tif,2020,2021,LIKELY_NO_CHANGE,SCATTERED_CHANGE,False,2020 -> 2024,3,PERSISTENT_CHANGE_SIGNAL,TEMPORAL_ONLY_EVIDENCE,0.0001220703125,0.0009765625,0.0005645751953125,0.0054473876953125,1.0,1.0,0.012488470067459689,False,0.031919389963150024,0.028015129268169403,-0.08422473073005676,1.052910052910053,False,NONE_DETECTED,/content/drive/MyDrive/satellite_change_detection/masks/Indore/Indore_r05_c04_2020_2021.png,UNKNOWN,0.052,Indore_r05_c04,22.68480392851183,75.86993159440871
0.6256103515625,0.2365829050540924,0.5035780072212219,6,0.274658203125,Indore,Indore_r05_c04.tif,2021,2022,LIKELY_NO_CHANGE,SCATTERED_CHANGE,False,2020 -> 2024,3,PERSISTENT_CHANGE_SIGNAL,TEMPORAL_ONLY_EVIDENCE,0.0009765625,0.0005340576171875,0.0054473876953125,0.0055389404296875,1.0,1.0,0.02579482160064242,False,-0.280790776014328,0.13954457640647888,0.11004084348678589,1.0940170940170941,False,NONE_DETECTED,/content/drive/MyDrive/satellite_change_detection/masks/Indore/Indore_r05_c04_2021_2022.png,CONSTRUCTION,0.084,Indore_r05_c04,22.68480392851183,75.86993159440871
1.03759765625,0.2575432360172272,0.5715329051017761,8,0.25787353515625,Indore,Indore_r05_c04.tif,2022,2023,LOW_PRIORITY_REVIEW,SCATTERED_CHANGE,False,2020 -> 2024,3,PERSISTENT_CHANGE_SIGNAL,TEMPORAL_ONLY_EVIDENCE,0.0005340576171875,0.000274658203125,0.0055389404296875,0.0049591064453125,1.0,1.0,0.02727251371710942,False,0.032776445150375366,-0.04280482977628708,-0.0329517126083374,1.4166666666666667,False,NONE_DETECTED,/content/drive/MyDrive/satellite_change_detection/masks/Indore/Indore_r05_c04_2022_2023.png,UNKNOWN,0.142,Indore_r05_c04,22.68480392851183,75.86993159440871
0.8209228515625,0.28700169920921326,0.6603032350540161,7,0.311279296875,Indore,Indore_r05_c04.tif,2023,2024,LIKELY_NO_CHANGE,SCATTERED_CHANGE,False,2020 -> 2024,3,PERSISTENT_CHANGE_SIGNAL,TEMPORAL_ONLY_EVIDENCE,0.000274658203125,0.0004119873046875,0.0049591064453125,0.0003662109375,1.0,1.0,0.046147554486296476,False,-0.22594130039215088,0.09755520522594452,0.12939071655273438,1.9248120300751879,False,NONE_DETECTED,/content/drive/MyDrive/satellite_change_detection/masks/Indore/Indore_r05_c04_2023_2024.png,VEGETATION_LOSS,0.115,Indore_r05_c04,22.68480392851183,75.86993159440871
0.5126953125,0.28966912627220154,0.5447252988815308,5,0.27618408203125,Indore,Indore_r05_c04.tif,2024,2025,LIKELY_NO_CHANGE,SCATTERED_CHANGE,False,2020 -> 2024,3,PERSISTENT_CHANGE_SIGNAL,TEMPORAL_ONLY_EVIDENCE,0.0004119873046875,0.0004119873046875,0.0003662109375,0.0002899169921875,1.0,1.0,0.052589203115842774,False,-0.18916279077529907,-0.02249632403254509,0.1863609105348587,1.0657894736842106,True,SEASONAL_VARIATION_LIKELY,/content/drive/MyDrive/satellite_change_detection/masks/Indore/Indore_r05_c04_2024_2025.png,UNKNOWN,0.066,Indore_r05_c04,22.68480392851183,75.86993159440871
0.55389404296875,0.36832112073898315,0.7818310260772705,7,0.15869140625,Indore,Indore_r05_c04.tif,2025,2026,LIKELY_NO_CHANGE,SCATTERED_CHANGE,False,2020 -> 2024,3,PERSISTENT_CHANGE_SIGNAL,TEMPORAL_ONLY_EVIDENCE,0.0004119873046875,0.0002593994140625,0.0002899169921875,0.000640869140625,1.0,1.0,0.03238356828268982,False,-0.14479213953018188,0.13736781477928162,-0.06313028931617737,1.2875816993464053,False,NONE_DETECTED,/content/drive/MyDrive/satellite_change_detection/masks/Indore/Indore_r05_c04_2025_2026.png,CONSTRUCTION,0.082,Indore_r05_c04,22.68480392851183,75.86993159440871
2.6641845703125,0.23249699175357819,0.6371008157730103,16,0.75225830078125,Indore,Indore_r05_c05.tif,2020,2021,LOW_PRIORITY_REVIEW,SCATTERED_CHANGE,True,2020 -> 2021,6,PERSISTENT_CHANGE_SIGNAL,TEMPORAL_ONLY_EVIDENCE,0.00018310546875,0.0005645751953125,0.00616455078125,0.000274658203125,1.0,1.0,0.059711538795463155,False,-0.01689380407333374,0.031522173434495926,-0.03097468614578247,1.0158730158730158,False,NONE_DETECTED,/content/drive/MyDrive/satellite_change_detection/masks/Indore/Indore_r05_c05_2020_2021.png,UNKNOWN,0.365,Indore_r05_c05,22.684666575793592,75.89485123291986
2.36358642578125,0.3584403991699219,0.9006263613700867,8,0.96435546875,Indore,Indore_r05_c05.tif,2021,2022,LOW_PRIORITY_REVIEW,SCATTERED_CHANGE,True,2020 -> 2021,6,PERSISTENT_CHANGE_SIGNAL,TEMPORAL_ONLY_EVIDENCE,0.0005645751953125,0.0006866455078125,0.000274658203125,0.0,1.0,1.0,0.04934543686851539,False,-0.3413603901863098,0.18546447157859802,0.12866950035095215,2.5569620253164556,False,NONE_DETECTED,/content/drive/MyDrive/satellite_change_detection/masks/Indore/Indore_r05_c05_2021_2022.png,CONSTRUCTION,0.356,Indore_r05_c05,22.684666575793592,75.89485123291986
0.94146728515625,0.26925981044769287,0.6219810247421265,10,0.31585693359375,Indore,Indore_r05_c05.tif,2022,2023,LIKELY_NO_CHANGE,SCATTERED_CHANGE,False,2020 -> 2021,6,PERSISTENT_CHANGE_SIGNAL,TEMPORAL_ONLY_EVIDENCE,0.0006866455078125,0.0006866455078125,0.0,0.004913330078125,1.0,1.0,0.07455298589256032,False,-0.045334070920944214,0.001072668470442295,-0.0038504600524902344,1.4779874213836477,False,NONE_DETECTED,/content/drive/MyDrive/satellite_change_detection/masks/Indore/Indore_r05_c05_2022_2023.png,UNKNOWN,0.13,Indore_r05_c05,22.684666575793592,75.89485123291986
0.6500244140625,0.262627512216568,0.7525007724761963,11,0.1007080078125,Indore,Indore_r05_c05.tif,2023,2024,LIKELY_NO_CHANGE,SCATTERED_CHANGE,False,2020 -> 2021,6,PERSISTENT_CHANGE_SIGNAL,TEMPORAL_ONLY_EVIDENCE,0.0006866455078125,0.00042724609375,0.004913330078125,0.0,1.0,1.0,0.09388935808441952,False,-0.07996758818626404,0.050887420773506165,0.04569542407989502,2.1869158878504673,False,NONE_DETECTED,/content/drive/MyDrive/satellite_change_detection/masks/Indore/Indore_r05_c05_2023_2024.png,UNKNOWN,0.089,Indore_r05_c05,22.684666575793592,75.89485123291986
1.70440673828125,0.266794890165329,0.681666374206543,8,0.6195068359375,Indore,Indore_r05_c05.tif,2024,2025,LOW_PRIORITY_REVIEW,SCATTERED_CHANGE,False,2020 -> 2021,6,PERSISTENT_CHANGE_SIGNAL,TEMPORAL_ONLY_EVIDENCE,0.00042724609375,0.0009613037109375,0.0,0.0,1.0,1.0,0.01902597418181592,False,-0.08029095828533173,-0.028880417346954346,0.08165287971496582,1.0405405405405406,False,NONE_DETECTED,/content/drive/MyDrive/satellite_change_detection/masks/Indore/Indore_r05_c05_2024_2025.png,UNKNOWN,0.238,Indore_r05_c05,22.684666575793592,75.89485123291986
0.689697265625,0.2535284459590912,0.5191904306411743,6,0.311279296875,Indore,Indore_r05_c05.tif,2025,2026,LIKELY_NO_CHANGE,SCATTERED_CHANGE,False,2020 -> 2021,6,PERSISTENT_CHANGE_SIGNAL,TEMPORAL_ONLY_EVIDENCE,0.0009613037109375,0.0002593994140625,0.0,0.0003204345703125,1.0,1.0,0.034960530446211016,False,0.004381507635116577,-0.020788302645087242,0.046179890632629395,1.638095238095238,False,NONE_DETECTED,/content/drive/MyDrive/satellite_change_detection/masks/Indore/Indore_r05_c05_2025_2026.png,UNKNOWN,0.094,Indore_r05_c05,22.684666575793592,75.89485123291986
1.70135498046875,0.24571968615055084,0.8087140321731567,13,0.5645751953125,Indore,Indore_r05_c06.tif,2020,2021,LOW_PRIORITY_REVIEW,SCATTERED_CHANGE,False,2020 -> 2022,5,PERSISTENT_CHANGE_SIGNAL,TEMPORAL_ONLY_EVIDENCE,4.57763671875e-05,0.0018463134765625,0.0045166015625,0.00018310546875,1.0,1.0,0.07970598285080442,False,-0.31524860858917236,0.22343812882900238,0.03851589560508728,1.1266968325791855,False,NONE_DETECTED,/content/drive/MyDrive/satellite_change_detection/masks/Indore/Indore_r05_c06_2020_2021.png,CONSTRUCTION,0.234,Indore_r05_c06,22.68452534524295,75.91977067613958
1.9683837890625,0.26242491602897644,0.6586726903915405,15,0.30670166015625,Indore,Indore_r05_c06.tif,2021,2022,LOW_PRIORITY_REVIEW,SCATTERED_CHANGE,False,2020 -> 2022,5,PERSISTENT_CHANGE_SIGNAL,TEMPORAL_ONLY_EVIDENCE,0.0018463134765625,0.001922607421875,0.00018310546875,0.0,1.0,1.0,0.03226486703578458,False,-0.17735451459884644,0.12976595759391785,0.05988761782646179,1.248780487804878,False,NONE_DETECTED,/content/drive/MyDrive/satellite_change_detection/masks/Indore/Indore_r05_c06_2021_2022.png,CONSTRUCTION,0.271,Indore_r05_c06,22.68452534524295,75.91977067613958
1.593017578125,0.3337254226207733,0.8797740936279297,14,0.469970703125,Indore,Indore_r05_c06.tif,2022,2023,LOW_PRIORITY_REVIEW,SCATTERED_CHANGE,False,2020 -> 2022,5,PERSISTENT_CHANGE_SIGNAL,TEMPORAL_ONLY_EVIDENCE,0.001922607421875,0.0031280517578125,0.0,0.00335693359375,1.0,1.0,0.09411532671678483,False,0.005268916487693787,0.0050382353365421295,-0.014616817235946655,1.2918918918918918,False,NONE_DETECTED,/content/drive/MyDrive/satellite_change_detection/masks/Indore/Indore_r05_c06_2022_2023.png,UNKNOWN,0.232,Indore_r05_c06,22.68452534524295,75.91977067613958
2.880859375,0.2623177170753479,0.7967702150344849,21,0.482177734375,Indore,Indore_r05_c06.tif,2023,2024,LOW_PRIORITY_REVIEW,SCATTERED_CHANGE,True,2020 -> 2022,5,PERSISTENT_CHANGE_SIGNAL,TEMPORAL_ONLY_EVIDENCE,0.0031280517578125,0.0030059814453125,0.00335693359375,0.00030517578125,1.0,1.0,0.13569250375372277,False,-0.2261684536933899,0.14253997802734375,0.07128483057022095,1.1310679611650485,False,NONE_DETECTED,/content/drive/MyDrive/satellite_change_detection/masks/Indore/Indore_r05_c06_2023_2024.png,CONSTRUCTION,0.399,Indore_r05_c06,22.68452534524295,75.91977067613958
2.8106689453125,0.2912442684173584,0.7945168614387512,14,0.872802734375,Indore,Indore_r05_c06.tif,2024,2025,LOW_PRIORITY_REVIEW,SCATTERED_CHANGE,True,2020 -> 2022,5,PERSISTENT_CHANGE_SIGNAL,TEMPORAL_ONLY_EVIDENCE,0.0030059814453125,0.0015106201171875,0.00030517578125,0.000152587890625,1.0,1.0,0.08425393121698302,False,-0.12581777572631836,0.0745333656668663,0.047861456871032715,1.2685714285714285,False,NONE_DETECTED,/content/drive/MyDrive/satellite_change_detection/masks/Indore/Indore_r05_c06_2024_2025.png,UNKNOWN,0.403,Indore_r05_c06,22.68452534524295,75.91977067613958
1.73187255859375,0.2883675694465637,0.847087025642395,15,0.4669189453125,Indore,Indore_r05_c06.tif,2025,2026,LOW_PRIORITY_REVIEW,SCATTERED_CHANGE,False,2020 -> 2022,5,PERSISTENT_CHANGE_SIGNAL,TEMPORAL_ONLY_EVIDENCE,0.0015106201171875,0.0023956298828125,0.000152587890625,0.0002593994140625,1.0,1.0,0.024022600182418658,False,-0.07586917281150818,0.053522225469350815,0.006914496421813965,1.0445544554455446,False,NONE_DETECTED,/content/drive/MyDrive/satellite_change_detection/masks/Indore/Indore_r05_c06_2025_2026.png,UNKNOWN,0.244,Indore_r05_c06,22.68452534524295,75.91977067613958
6.3079833984375,0.26846054196357727,0.7478156089782715,39,1.2451171875,Indore,Indore_r05_c07.tif,2020,2021,REVIEW_REQUIRED,SCATTERED_CHANGE,True,2020 -> 2021,6,PERSISTENT_CHANGE_SIGNAL,TEMPORAL_ONLY_EVIDENCE,0.0013885498046875,0.0024871826171875,0.068603515625,0.0053253173828125,1.0,1.0,0.049901372385782766,False,-0.2700011134147644,0.23657989501953125,0.0018700659275054932,1.003968253968254,False,NONE_DETECTED,/content/drive/MyDrive/satellite_change_detection/masks/Indore/Indore_r05_c07_2020_2021.png,CONSTRUCTION,0.715,Indore_r05_c07,22.684380236985444,75.94468991863216
4.7576904296875,0.2967667281627655,0.6711218357086182,24,0.5767822265625,Indore,Indore_r05_c07.tif,2021,2022,LOW_PRIORITY_REVIEW,SCATTERED_CHANGE,True,2020 -> 2021,6,PERSISTENT_CHANGE_SIGNAL,TEMPORAL_ONLY_EVIDENCE,0.0024871826171875,0.0014495849609375,0.0053253173828125,0.000152587890625,1.0,1.0,0.09683677239982148,False,-0.15569350123405457,0.096351757645607,0.0831436812877655,1.0244897959183674,False,NONE_DETECTED,/content/drive/MyDrive/satellite_change_detection/masks/Indore/Indore_r05_c07_2021_2022.png,VEGETATION_LOSS,0.678,Indore_r05_c07,22.684380236985444,75.94468991863216
7.26165771484375,0.30048951506614685,0.7842376232147217,27,1.220703125,Indore,Indore_r05_c07.tif,2022,2023,REVIEW_REQUIRED,SCATTERED_CHANGE,True,2020 -> 2021,6,PERSISTENT_CHANGE_SIGNAL,TEMPORAL_ONLY_EVIDENCE,0.0014495849609375,0.00103759765625,0.000152587890625,0.0932159423828125,1.0,1.0,0.03520344103730274,False,-0.018044710159301758,0.01953253149986267,-0.09035336971282959,1.2307692307692308,False,NONE_DETECTED,/content/drive/MyDrive/satellite_change_detection/masks/Indore/Indore_r05_c07_2022_2023.png,UNKNOWN,0.731,Indore_r05_c07,22.684380236985444,75.94468991863216
9.8785400390625,0.26779904961586,0.7541368007659912,33,2.18963623046875,Indore,Indore_r05_c07.tif,2023,2024,REVIEW_REQUIRED,MODERATELY_CONNECTED,True,2020 -> 2021,6,PERSISTENT_CHANGE_SIGNAL,MODERATE_EVIDENCE,0.00103759765625,0.0008087158203125,0.0932159423828125,0.000152587890625,1.0,1.0,0.05154104573284762,False,-0.39153215289115906,0.31123873591423035,0.09589049220085144,1.0,False,NONE_DETECTED,/content/drive/MyDrive/satellite_change_detection/masks/Indore/Indore_r05_c07_2023_2024.png,CONSTRUCTION,0.739,Indore_r05_c07,22.684380236985444,75.94468991863216
8.7310791015625,0.27651190757751465,0.7188420295715332,33,1.3763427734375,Indore,Indore_r05_c07.tif,2024,2025,REVIEW_REQUIRED,SCATTERED_CHANGE,True,2020 -> 2021,6,PERSISTENT_CHANGE_SIGNAL,TEMPORAL_ONLY_EVIDENCE,0.0008087158203125,0.000732421875,0.000152587890625,0.000152587890625,1.0,1.0,0.08080896722843396,False,-0.03186333179473877,0.00949811190366745,0.0234815776348114,1.0118577075098814,False,NONE_DETECTED,/content/drive/MyDrive/satellite_change_detection/masks/Indore/Indore_r05_c07_2024_2025.png,UNKNOWN,0.723,Indore_r05_c07,22.684380236985444,75.94468991863216
2.48870849609375,0.29107561707496643,0.7335284948348999,22,0.36163330078125,Indore,Indore_r05_c07.tif,2025,2026,LOW_PRIORITY_REVIEW,SCATTERED_CHANGE,True,2020 -> 2021,6,PERSISTENT_CHANGE_SIGNAL,TEMPORAL_ONLY_EVIDENCE,0.000732421875,0.0003662109375,0.000152587890625,0.0004425048828125,1.0,1.0,0.02525006271967503,False,0.020472824573516846,-0.001893848180770874,-0.012470334768295288,1.0042735042735043,False,NONE_DETECTED,/content/drive/MyDrive/satellite_change_detection/masks/Indore/Indore_r05_c07_2025_2026.png,VEHICLE_OR_ACTIVITY,0.351,Indore_r05_c07,22.684380236985444,75.94468991863216
11.94915771484375,0.24789440631866455,0.7716566324234009,50,3.23028564453125,Indore,Indore_r06_c00.tif,2020,2021,REVIEW_REQUIRED,MODERATELY_CONNECTED,True,2020 -> 2021,6,PERSISTENT_CHANGE_SIGNAL,MODERATE_EVIDENCE,1.52587890625e-05,1.52587890625e-05,0.026397705078125,0.00262451171875,1.0,1.0,0.033201934260910074,False,-0.2960366904735565,0.2560546100139618,-0.0024990737438201904,1.0,False,NONE_DETECTED,/content/drive/MyDrive/satellite_change_detection/masks/Indore/Indore_r06_c00_2020_2021.png,CONSTRUCTION,0.755,Indore_r06_c00,22.662190086716883,75.77012206680054
6.146240234375,0.23306310176849365,0.7089353799819946,41,0.6744384765625,Indore,Indore_r06_c00.tif,2021,2022,LOW_PRIORITY_REVIEW,SCATTERED_CHANGE,True,2020 -> 2021,6,PERSISTENT_CHANGE_SIGNAL,TEMPORAL_ONLY_EVIDENCE,1.52587890625e-05,3.0517578125e-05,0.00262451171875,4.57763671875e-05,1.0,1.0,0.041369321726668656,False,0.153845876455307,-0.19403180480003357,0.0936608612537384,1.0,False,NONE_DETECTED,/content/drive/MyDrive/satellite_change_detection/masks/Indore/Indore_r06_c00_2021_2022.png,VEGETATION_GAIN,0.683,Indore_r06_c00,22.662190086716883,75.77012206680054
7.52105712890625,0.22264327108860016,0.6481364965438843,41,1.422119140625,Indore,Indore_r06_c00.tif,2022,2023,REVIEW_REQUIRED,SCATTERED_CHANGE,True,2020 -> 2021,6,PERSISTENT_CHANGE_SIGNAL,TEMPORAL_ONLY_EVIDENCE,3.0517578125e-05,3.0517578125e-05,4.57763671875e-05,0.0157470703125,1.0,1.0,0.07820688374977615,False,0.1269747018814087,-0.07707547396421432,-0.08796766400337219,1.0118577075098814,False,NONE_DETECTED,/content/drive/MyDrive/satellite_change_detection/masks/Indore/Indore_r06_c00_2022_2023.png,UNKNOWN,0.697,Indore_r06_c00,22.662190086716883,75.77012206680054
12.51983642578125,0.2743653357028961,1.0,57,1.31988525390625,Indore,Indore_r06_c00.tif,2023,2024,REVIEW_REQUIRED,SCATTERED_CHANGE,True,2020 -> 2021,6,PERSISTENT_CHANGE_SIGNAL,TEMPORAL_ONLY_EVIDENCE,3.0517578125e-05,7.62939453125e-05,0.0157470703125,0.0,1.0,1.0,0.21906380778988413,False,-0.22683653235435486,0.13386061787605286,0.05973067879676819,1.0199203187250996,False,NONE_DETECTED,/content/drive/MyDrive/satellite_change_detection/masks/Indore/Indore_r06_c00_2023_2024.png,CONSTRUCTION,0.72,Indore_r06_c00,22.662190086716883,75.77012206680054
10.09063720703125,0.25894895195961,0.7883321046829224,54,1.0528564453125,Indore,Indore_r06_c00.tif,2024,2025,REVIEW_REQUIRED,SCATTERED_CHANGE,True,2020 -> 2021,6,PERSISTENT_CHANGE_SIGNAL,TEMPORAL_ONLY_EVIDENCE,7.62939453125e-05,0.0001220703125,0.0,7.62939453125e-05,1.0,1.0,0.1136574275909101,False,0.21934446692466736,-0.14688819646835327,-0.017141401767730713,1.1277533039647578,False,NONE_DETECTED,/content/drive/MyDrive/satellite_change_detection/masks/Indore/Indore_r06_c00_2024_2025.png,VEGETATION_GAIN,0.706,Indore_r06_c00,22.662190086716883,75.77012206680054
6.3629150390625,0.2320241630077362,0.7943665981292725,38,1.50146484375,Indore,Indore_r06_c00.tif,2025,2026,REVIEW_REQUIRED,SCATTERED_CHANGE,True,2020 -> 2021,6,PERSISTENT_CHANGE_SIGNAL,TEMPORAL_ONLY_EVIDENCE,0.0001220703125,0.0001068115234375,7.62939453125e-05,0.0,1.0,1.0,0.09351192315557595,False,-0.14068859815597534,0.10147275030612946,0.014305263757705688,1.1130434782608696,False,NONE_DETECTED,/content/drive/MyDrive/satellite_change_detection/masks/Indore/Indore_r06_c00_2025_2026.png,CONSTRUCTION,0.704,Indore_r06_c00,22.662190086716883,75.77012206680054
2.11334228515625,0.24342119693756104,0.656082272529602,11,1.11846923828125,Indore,Indore_r06_c01.tif,2020,2021,REVIEW_REQUIRED,SCATTERED_CHANGE,True,2020 -> 2021,6,PERSISTENT_CHANGE_SIGNAL,TEMPORAL_ONLY_EVIDENCE,0.0015411376953125,0.0019989013671875,0.0306549072265625,0.0126800537109375,1.0,1.0,0.04121527474756852,False,-0.3200305104255676,0.24177086353302002,0.023672431707382202,1.0,False,NONE_DETECTED,/content/drive/MyDrive/satellite_change_detection/masks/Indore/Indore_r06_c01_2020_2021.png,CONSTRUCTION,0.296,Indore_r06_c01,22.66206838421853,75.79503825537523
0.7293701171875,0.25707006454467773,0.4878120422363281,5,0.3448486328125,Indore,Indore_r06_c01.tif,2021,2022,LIKELY_NO_CHANGE,SCATTERED_CHANGE,False,2020 -> 2021,6,PERSISTENT_CHANGE_SIGNAL,TEMPORAL_ONLY_EVIDENCE,0.0019989013671875,0.001983642578125,0.0126800537109375,0.0022735595703125,1.0,1.0,0.020023909285673054,False,-0.1481086015701294,0.11855124682188034,0.0481773316860199,1.0724637681159421,False,NONE_DETECTED,/content/drive/MyDrive/satellite_change_detection/masks/Indore/Indore_r06_c01_2021_2022.png,CONSTRUCTION,0.1,Indore_r06_c01,22.66206838421853,75.79503825537523
2.703857421875,0.24551035463809967,0.5031124949455261,13,0.74920654296875,Indore,Indore_r06_c01.tif,2022,2023,LOW_PRIORITY_REVIEW,SCATTERED_CHANGE,True,2020 -> 2021,6,PERSISTENT_CHANGE_SIGNAL,TEMPORAL_ONLY_EVIDENCE,0.001983642578125,0.0014801025390625,0.0022735595703125,0.0138092041015625,1.0,1.0,0.007692145029430113,False,-0.05956536531448364,0.06629952043294907,-0.06433254480361938,1.0199203187250996,False,NONE_DETECTED,/content/drive/MyDrive/satellite_change_detection/masks/Indore/Indore_r06_c01_2022_2023.png,UNKNOWN,0.374,Indore_r06_c01,22.66206838421853,75.79503825537523
2.093505859375,0.2642383277416229,0.49611788988113403,6,0.84991455078125,Indore,Indore_r06_c01.tif,2023,2024,LOW_PRIORITY_REVIEW,SCATTERED_CHANGE,True,2020 -> 2021,6,PERSISTENT_CHANGE_SIGNAL,TEMPORAL_ONLY_EVIDENCE,0.0014801025390625,0.00164794921875,0.0138092041015625,0.001495361328125,1.0,1.0,0.12374326849399421,False,-0.4210864007472992,0.3202981948852539,0.09565463662147522,1.0614035087719298,False,NONE_DETECTED,/content/drive/MyDrive/satellite_change_detection/masks/Indore/Indore_r06_c01_2023_2024.png,CONSTRUCTION,0.295,Indore_r06_c01,22.66206838421853,75.79503825537523
1.4739990234375,0.24782854318618774,0.5036559104919434,11,0.39825439453125,Indore,Indore_r06_c01.tif,2024,2025,LOW_PRIORITY_REVIEW,SCATTERED_CHANGE,False,2020 -> 2021,6,PERSISTENT_CHANGE_SIGNAL,TEMPORAL_ONLY_EVIDENCE,0.00164794921875,0.0016632080078125,0.001495361328125,0.0040283203125,1.0,1.0,0.05998645962913953,False,-0.0029088854789733887,-0.023435018956661224,0.022401124238967896,1.0543933054393306,False,NONE_DETECTED,/content/drive/MyDrive/satellite_change_detection/masks/Indore/Indore_r06_c01_2024_2025.png,UNKNOWN,0.202,Indore_r06_c01,22.66206838421853,75.79503825537523
0.860595703125,0.2365906685590744,0.5382128953933716,5,0.33416748046875,Indore,Indore_r06_c01.tif,2025,2026,LIKELY_NO_CHANGE,SCATTERED_CHANGE,False,2020 -> 2021,6,PERSISTENT_CHANGE_SIGNAL,TEMPORAL_ONLY_EVIDENCE,0.0016632080078125,0.0019378662109375,0.0040283203125,0.029876708984375,1.0,1.0,0.02744326833811455,False,0.07412055134773254,-0.060423195362091064,-0.018826544284820557,1.1542553191489362,False,NONE_DETECTED,/content/drive/MyDrive/satellite_change_detection/masks/Indore/Indore_r06_c01_2025_2026.png,UNKNOWN,0.116,Indore_r06_c01,22.66206838421853,75.79503825537523
4.425048828125,0.2728555202484131,0.6466047763824463,20,1.67083740234375,Indore,Indore_r06_c02.tif,2020,2021,REVIEW_REQUIRED,SCATTERED_CHANGE,True,2020 -> 2021,6,PERSISTENT_CHANGE_SIGNAL,TEMPORAL_ONLY_EVIDENCE,0.0003204345703125,0.0011138916015625,0.017608642578125,0.0046234130859375,1.0,1.0,0.01681042984590224,False,-0.013377398252487183,0.005129769444465637,0.021732300519943237,1.0,False,NONE_DETECTED,/content/drive/MyDrive/satellite_change_detection/masks/Indore/Indore_r06_c02_2020_2021.png,UNKNOWN,0.644,Indore_r06_c02,22.661942807803047,75.81995427053428
2.642822265625,0.2701057493686676,0.8240501880645752,14,0.78277587890625,Indore,Indore_r06_c02.tif,2021,2022,LOW_PRIORITY_REVIEW,SCATTERED_CHANGE,True,2020 -> 2021,6,PERSISTENT_CHANGE_SIGNAL,TEMPORAL_ONLY_EVIDENCE,0.0011138916015625,0.001434326171875,0.0046234130859375,0.003082275390625,1.0,1.0,0.0730212672995733,False,-0.12996986508369446,0.061908431351184845,0.07690462470054626,1.1851851851851851,False,NONE_DETECTED,/content/drive/MyDrive/satellite_change_detection/masks/Indore/Indore_r06_c02_2021_2022.png,UNKNOWN,0.372,Indore_r06_c02,22.661942807803047,75.81995427053428
3.057861328125,0.28196340799331665,0.7383189797401428,16,0.87890625,Indore,Indore_r06_c02.tif,2022,2023,LOW_PRIORITY_REVIEW,SCATTERED_CHANGE,True,2020 -> 2021,6,PERSISTENT_CHANGE_SIGNAL,TEMPORAL_ONLY_EVIDENCE,0.001434326171875,0.0012969970703125,0.003082275390625,0.0214385986328125,1.0,1.0,0.0712359668001348,False,0.0590251088142395,-0.04990610107779503,-0.04356551170349121,1.062240663900415,False,NONE_DETECTED,/content/drive/MyDrive/satellite_change_detection/masks/Indore/Indore_r06_c02_2022_2023.png,UNKNOWN,0.436,Indore_r06_c02,22.661942807803047,75.81995427053428
5.96923828125,0.30836960673332214,0.6477581858634949,19,2.76336669921875,Indore,Indore_r06_c02.tif,2023,2024,REVIEW_REQUIRED,MODERATELY_CONNECTED,True,2020 -> 2021,6,PERSISTENT_CHANGE_SIGNAL,MODERATE_EVIDENCE,0.0012969970703125,0.0013885498046875,0.0214385986328125,4.57763671875e-05,1.0,1.0,0.08986264739556907,False,-0.2952793538570404,0.264301061630249,0.026216119527816772,1.0,False,NONE_DETECTED,/content/drive/MyDrive/satellite_change_detection/masks/Indore/Indore_r06_c02_2023_2024.png,CONSTRUCTION,0.773,Indore_r06_c02,22.661942807803047,75.81995427053428
2.89764404296875,0.28062620759010315,0.8450658321380615,22,0.53863525390625,Indore,Indore_r06_c02.tif,2024,2025,LOW_PRIORITY_REVIEW,SCATTERED_CHANGE,True,2020 -> 2021,6,PERSISTENT_CHANGE_SIGNAL,TEMPORAL_ONLY_EVIDENCE,0.0013885498046875,0.000885009765625,4.57763671875e-05,0.0027008056640625,1.0,1.0,0.040087261446789896,False,0.04419681429862976,-0.04637731611728668,0.02348911762237549,1.0199203187250996,False,NONE_DETECTED,/content/drive/MyDrive/satellite_change_detection/masks/Indore/Indore_r06_c02_2024_2025.png,VEHICLE_OR_ACTIVITY,0.408,Indore_r06_c02,22.661942807803047,75.81995427053428
1.62200927734375,0.2772228419780731,0.6836763620376587,10,0.56610107421875,Indore,Indore_r06_c02.tif,2025,2026,LOW_PRIORITY_REVIEW,SCATTERED_CHANGE,False,2020 -> 2021,6,PERSISTENT_CHANGE_SIGNAL,TEMPORAL_ONLY_EVIDENCE,0.000885009765625,0.001708984375,0.0027008056640625,0.000762939453125,1.0,1.0,0.028600500076266553,False,0.15594196319580078,-0.1706923097372055,0.006239473819732666,1.0098039215686274,False,NONE_DETECTED,/content/drive/MyDrive/satellite_change_detection/masks/Indore/Indore_r06_c02_2025_2026.png,VEGETATION_GAIN,0.228,Indore_r06_c02,22.661942807803047,75.81995427053428
1.519775390625,0.25214824080467224,0.5818630456924438,18,0.37689208984375,Indore,Indore_r06_c03.tif,2020,2021,LOW_PRIORITY_REVIEW,SCATTERED_CHANGE,False,2020 -> 2022,5,PERSISTENT_CHANGE_SIGNAL,TEMPORAL_ONLY_EVIDENCE,7.62939453125e-05,0.0004119873046875,0.0098876953125,0.0028076171875,1.0,1.0,0.010684313060279659,False,-0.246315598487854,0.20495077967643738,-0.017812281847000122,1.0792079207920793,False,NONE_DETECTED,/content/drive/MyDrive/satellite_change_detection/masks/Indore/Indore_r06_c03_2020_2021.png,CONSTRUCTION,0.208,Indore_r06_c03,22.661813357582027,75.84487010684491
3.070068359375,0.24143151938915253,0.907875657081604,17,0.69427490234375,Indore,Indore_r06_c03.tif,2021,2022,LOW_PRIORITY_REVIEW,SCATTERED_CHANGE,True,2020 -> 2022,5,PERSISTENT_CHANGE_SIGNAL,TEMPORAL_ONLY_EVIDENCE,0.0004119873046875,0.0003509521484375,0.0028076171875,3.0517578125e-05,1.0,1.0,0.026718247435386,False,-0.18934592604637146,0.08321283757686615,0.11335739493370056,1.3617021276595744,False,NONE_DETECTED,/content/drive/MyDrive/satellite_change_detection/masks/Indore/Indore_r06_c03_2021_2022.png,VEGETATION_LOSS,0.422,Indore_r06_c03,22.661813357582027,75.84487010684491
2.1514892578125,0.2697994112968445,0.6750149726867676,15,0.76751708984375,Indore,Indore_r06_c03.tif,2022,2023,LOW_PRIORITY_REVIEW,SCATTERED_CHANGE,True,2020 -> 2022,5,PERSISTENT_CHANGE_SIGNAL,TEMPORAL_ONLY_EVIDENCE,0.0003509521484375,0.0002288818359375,3.0517578125e-05,0.0082855224609375,1.0,1.0,0.08145323188898275,False,0.0568101704120636,-0.03648267686367035,-0.04299482703208923,1.0847457627118644,False,NONE_DETECTED,/content/drive/MyDrive/satellite_change_detection/masks/Indore/Indore_r06_c03_2022_2023.png,UNKNOWN,0.303,Indore_r06_c03,22.661813357582027,75.84487010684491
1.4892578125,0.2611333727836609,0.6886669993400574,16,0.3387451171875,Indore,Indore_r06_c03.tif,2023,2024,LOW_PRIORITY_REVIEW,SCATTERED_CHANGE,False,2020 -> 2022,5,PERSISTENT_CHANGE_SIGNAL,TEMPORAL_ONLY_EVIDENCE,0.0002288818359375,0.000518798828125,0.0082855224609375,0.000274658203125,1.0,1.0,0.12423567260902788,False,-0.02805042266845703,0.010253123939037323,0.03375101089477539,1.059090909090909,False,NONE_DETECTED,/content/drive/MyDrive/satellite_change_detection/masks/Indore/Indore_r06_c03_2023_2024.png,UNKNOWN,0.205,Indore_r06_c03,22.661813357582027,75.84487010684491
3.8482666015625,0.3025912642478943,0.8273749351501465,14,1.02996826171875,Indore,Indore_r06_c03.tif,2024,2025,REVIEW_REQUIRED,SCATTERED_CHANGE,True,2020 -> 2022,5,PERSISTENT_CHANGE_SIGNAL,TEMPORAL_ONLY_EVIDENCE,0.000518798828125,0.0003509521484375,0.000274658203125,0.0002288818359375,1.0,1.0,0.08337999978295704,False,-0.1480504274368286,0.08509082347154617,0.011028200387954712,1.0530973451327434,False,NONE_DETECTED,/content/drive/MyDrive/satellite_change_detection/masks/Indore/Indore_r06_c03_2024_2025.png,UNKNOWN,0.56,Indore_r06_c03,22.661813357582027,75.84487010684491
1.446533203125,0.23843513429164886,0.5339323282241821,15,0.39215087890625,Indore,Indore_r06_c03.tif,2025,2026,LOW_PRIORITY_REVIEW,SCATTERED_CHANGE,False,2020 -> 2022,5,PERSISTENT_CHANGE_SIGNAL,TEMPORAL_ONLY_EVIDENCE,0.0003509521484375,0.0003509521484375,0.0002288818359375,0.0008392333984375,1.0,1.0,0.018091441904221597,False,-0.20679184794425964,0.2183668166399002,-0.032329410314559937,1.130890052356021,False,NONE_DETECTED,/content/drive/MyDrive/satellite_change_detection/masks/Indore/Indore_r06_c03_2025_2026.png,CONSTRUCTION,0.196,Indore_r06_c03,22.661813357582027,75.84487010684491
2.91900634765625,0.25952741503715515,0.7197260856628418,23,0.4974365234375,Indore,Indore_r06_c04.tif,2020,2021,LOW_PRIORITY_REVIEW,SCATTERED_CHANGE,True,2020 -> 2021,6,PERSISTENT_CHANGE_SIGNAL,TEMPORAL_ONLY_EVIDENCE,0.0,7.62939453125e-05,0.01678466796875,0.010406494140625,1.0,1.0,0.06860912602886658,False,0.11904272437095642,0.0982292965054512,-0.2531023621559143,1.032258064516129,False,NONE_DETECTED,/content/drive/MyDrive/satellite_change_detection/masks/Indore/Indore_r06_c04_2020_2021.png,WATER,0.404,Indore_r06_c04,22.661680033670542,75.86978575887464
5.83038330078125,0.2874145209789276,0.7550047636032104,22,2.98309326171875,Indore,Indore_r06_c04.tif,2021,2022,REVIEW_REQUIRED,MODERATELY_CONNECTED,True,2020 -> 2021,6,PERSISTENT_CHANGE_SIGNAL,MODERATE_EVIDENCE,7.62939453125e-05,4.57763671875e-05,0.010406494140625,0.00030517578125,1.0,1.0,0.07192377062783689,False,0.34469765424728394,0.028958797454833984,-0.40045076608657837,1.032258064516129,False,NONE_DETECTED,/content/drive/MyDrive/satellite_change_detection/masks/Indore/Indore_r06_c04_2021_2022.png,WATER,0.768,Indore_r06_c04,22.661680033670542,75.86978575887464
7.38372802734375,0.28738221526145935,0.6578991413116455,19,3.2562255859375,Indore,Indore_r06_c04.tif,2022,2023,REVIEW_REQUIRED,MODERATELY_CONNECTED,True,2020 -> 2021,6,PERSISTENT_CHANGE_SIGNAL,MODERATE_EVIDENCE,4.57763671875e-05,0.0,0.00030517578125,0.00750732421875,1.0,1.0,0.021614511938412146,False,-0.3140552043914795,-0.1164950281381607,0.4452342092990875,1.0406504065040652,False,NONE_DETECTED,/content/drive/MyDrive/satellite_change_detection/masks/Indore/Indore_r06_c04_2022_2023.png,WATER,0.775,Indore_r06_c04,22.661680033670542,75.86978575887464
2.471923828125,0.25602665543556213,0.7485908269882202,17,0.4302978515625,Indore,Indore_r06_c04.tif,2023,2024,LOW_PRIORITY_REVIEW,SCATTERED_CHANGE,True,2020 -> 2021,6,PERSISTENT_CHANGE_SIGNAL,TEMPORAL_ONLY_EVIDENCE,0.0,3.0517578125e-05,0.00750732421875,0.0035552978515625,1.0,1.0,0.054400051899227045,False,-0.22994422912597656,0.17172059416770935,0.052336931228637695,1.5705521472392638,False,NONE_DETECTED,/content/drive/MyDrive/satellite_change_detection/masks/Indore/Indore_r06_c04_2023_2024.png,CONSTRUCTION,0.341,Indore_r06_c04,22.661680033670542,75.86978575887464
3.88336181640625,0.25536438822746277,0.6135919094085693,18,1.89971923828125,Indore,Indore_r06_c04.tif,2024,2025,REVIEW_REQUIRED,SCATTERED_CHANGE,True,2020 -> 2021,6,PERSISTENT_CHANGE_SIGNAL,TEMPORAL_ONLY_EVIDENCE,3.0517578125e-05,1.52587890625e-05,0.0035552978515625,0.0011749267578125,1.0,1.0,0.04181561816870182,False,0.32217103242874146,0.04358236491680145,-0.40023407340049744,1.0940170940170941,True,SEASONAL_VARIATION_LIKELY,/content/drive/MyDrive/satellite_change_detection/masks/Indore/Indore_r06_c04_2024_2025.png,UNKNOWN,0.3,Indore_r06_c04,22.661680033670542,75.86978575887464
8.61053466796875,0.3797209560871124,0.9154471158981323,17,2.76641845703125,Indore,Indore_r06_c04.tif,2025,2026,REVIEW_REQUIRED,MODERATELY_CONNECTED,True,2020 -> 2021,6,PERSISTENT_CHANGE_SIGNAL,MODERATE_EVIDENCE,1.52587890625e-05,0.0001068115234375,0.0011749267578125,0.00030517578125,1.0,1.0,0.0660543846965931,False,0.29736724495887756,0.16149014234542847,-0.5365390777587891,1.0491803278688525,False,NONE_DETECTED,/content/drive/MyDrive/satellite_change_detection/masks/Indore/Indore_r06_c04_2025_2026.png,WATER,0.809,Indore_r06_c04,22.661680033670542,75.86978575887464
4.35028076171875,0.231043741106987,0.5131264328956604,22,0.982666015625,Indore,Indore_r06_c05.tif,2020,2021,LOW_PRIORITY_REVIEW,SCATTERED_CHANGE,True,2020 -> 2021,6,PERSISTENT_CHANGE_SIGNAL,TEMPORAL_ONLY_EVIDENCE,0.000518798828125,0.0012359619140625,0.0399169921875,0.0041656494140625,1.0,1.0,0.027666347458006613,False,-0.025476545095443726,0.06907235085964203,-0.05760377645492554,1.0448979591836736,False,NONE_DETECTED,/content/drive/MyDrive/satellite_change_detection/masks/Indore/Indore_r06_c05_2020_2021.png,UNKNOWN,0.6,Indore_r06_c05,22.66154283618707,75.89470122119126
6.7535400390625,0.3082091808319092,0.8111181259155273,22,3.64532470703125,Indore,Indore_r06_c05.tif,2021,2022,REVIEW_REQUIRED,MODERATELY_CONNECTED,True,2020 -> 2021,6,PERSISTENT_CHANGE_SIGNAL,MODERATE_EVIDENCE,0.0012359619140625,0.0009307861328125,0.0041656494140625,0.0,1.0,1.0,0.0628038892601578,False,0.3536289930343628,-0.043658219277858734,-0.336606502532959,1.0,False,NONE_DETECTED,/content/drive/MyDrive/satellite_change_detection/masks/Indore/Indore_r06_c05_2021_2022.png,WATER,0.795,Indore_r06_c05,22.66154283618707,75.89470122119126
7.94219970703125,0.3135908246040344,0.7736287713050842,18,4.6234130859375,Indore,Indore_r06_c05.tif,2022,2023,REVIEW_REQUIRED,MODERATELY_CONNECTED,True,2020 -> 2021,6,PERSISTENT_CHANGE_SIGNAL,MODERATE_EVIDENCE,0.0009307861328125,0.0007476806640625,0.0,0.0230560302734375,1.0,1.0,0.02867779046764565,False,-0.3764115273952484,0.03192169964313507,0.3452913463115692,1.0158730158730158,False,NONE_DETECTED,/content/drive/MyDrive/satellite_change_detection/masks/Indore/Indore_r06_c05_2022_2023.png,WATER,0.822,Indore_r06_c05,22.66154283618707,75.89470122119126
3.765869140625,0.25675228238105774,0.567902684211731,17,0.81024169921875,Indore,Indore_r06_c05.tif,2023,2024,LOW_PRIORITY_REVIEW,SCATTERED_CHANGE,True,2020 -> 2021,6,PERSISTENT_CHANGE_SIGNAL,TEMPORAL_ONLY_EVIDENCE,0.0007476806640625,0.000640869140625,0.0230560302734375,0.0003662109375,1.0,1.0,0.05003134715733667,False,-0.27328068017959595,0.2130587100982666,0.0778840184211731,1.0204918032786885,False,NONE_DETECTED,/content/drive/MyDrive/satellite_change_detection/masks/Indore/Indore_r06_c05_2023_2024.png,CONSTRUCTION,0.526,Indore_r06_c05,22.66154283618707,75.89470122119126
4.62646484375,0.2707935571670532,0.6174628138542175,24,0.5767822265625,Indore,Indore_r06_c05.tif,2024,2025,LOW_PRIORITY_REVIEW,SCATTERED_CHANGE,True,2020 -> 2021,6,PERSISTENT_CHANGE_SIGNAL,TEMPORAL_ONLY_EVIDENCE,0.000640869140625,0.0002899169921875,0.0003662109375,0.0001678466796875,1.0,1.0,0.020407033482209857,False,0.22283190488815308,-0.06288085877895355,-0.20040346682071686,1.032258064516129,False,NONE_DETECTED,/content/drive/MyDrive/satellite_change_detection/masks/Indore/Indore_r06_c05_2024_2025.png,WATER,0.648,Indore_r06_c05,22.66154283618707,75.89470122119126
7.66448974609375,0.3059961795806885,0.7678046226501465,24,1.21917724609375,Indore,Indore_r06_c05.tif,2025,2026,REVIEW_REQUIRED,SCATTERED_CHANGE,True,2020 -> 2021,6,PERSISTENT_CHANGE_SIGNAL,TEMPORAL_ONLY_EVIDENCE,0.0002899169921875,0.0003814697265625,0.0001678466796875,0.00067138671875,1.0,1.0,0.007262798340191063,False,0.14335127174854279,0.06700916588306427,-0.2470632642507553,1.0,False,NONE_DETECTED,/content/drive/MyDrive/satellite_change_detection/masks/Indore/Indore_r06_c05_2025_2026.png,WATER,0.733,Indore_r06_c05,22.66154283618707,75.89470122119126
6.1004638671875,0.2868485748767853,0.8858174085617065,31,1.21612548828125,Indore,Indore_r06_c06.tif,2020,2021,REVIEW_REQUIRED,SCATTERED_CHANGE,True,2020 -> 2021,6,PERSISTENT_CHANGE_SIGNAL,TEMPORAL_ONLY_EVIDENCE,0.000152587890625,0.000579833984375,0.010772705078125,9.1552734375e-05,1.0,1.0,0.07206698807237986,False,-0.2736789584159851,0.18723200261592865,0.04963421821594238,1.024,False,NONE_DETECTED,/content/drive/MyDrive/satellite_change_detection/masks/Indore/Indore_r06_c06_2020_2021.png,CONSTRUCTION,0.724,Indore_r06_c06,22.66140176525357,75.91961648836268
4.8187255859375,0.27043819427490234,0.8055549263954163,37,0.47454833984375,Indore,Indore_r06_c06.tif,2021,2022,LOW_PRIORITY_REVIEW,SCATTERED_CHANGE,True,2020 -> 2021,6,PERSISTENT_CHANGE_SIGNAL,TEMPORAL_ONLY_EVIDENCE,0.000579833984375,0.0002593994140625,9.1552734375e-05,0.00054931640625,1.0,1.0,0.11022433306801412,False,0.02449190616607666,-0.07196245342493057,0.07019835710525513,1.0491803278688525,False,NONE_DETECTED,/content/drive/MyDrive/satellite_change_detection/masks/Indore/Indore_r06_c06_2021_2022.png,UNKNOWN,0.672,Indore_r06_c06,22.66140176525357,75.91961648836268
3.91845703125,0.34565469622612,0.8794054985046387,23,1.300048828125,Indore,Indore_r06_c06.tif,2022,2023,REVIEW_REQUIRED,SCATTERED_CHANGE,True,2020 -> 2021,6,PERSISTENT_CHANGE_SIGNAL,TEMPORAL_ONLY_EVIDENCE,0.0002593994140625,0.00042724609375,0.00054931640625,0.0077362060546875,1.0,1.0,0.06736377094243232,False,-0.11409896612167358,0.0971030443906784,-0.032984524965286255,1.062240663900415,False,NONE_DETECTED,/content/drive/MyDrive/satellite_change_detection/masks/Indore/Indore_r06_c06_2022_2023.png,UNKNOWN,0.592,Indore_r06_c06,22.66140176525357,75.91961648836268
6.787109375,0.31757670640945435,1.0,35,1.01470947265625,Indore,Indore_r06_c06.tif,2023,2024,REVIEW_REQUIRED,SCATTERED_CHANGE,True,2020 -> 2021,6,PERSISTENT_CHANGE_SIGNAL,TEMPORAL_ONLY_EVIDENCE,0.00042724609375,0.0002899169921875,0.0077362060546875,0.000701904296875,1.0,1.0,0.027606027750576728,False,-0.2453610897064209,0.1912507712841034,0.03534582257270813,1.0123456790123457,False,NONE_DETECTED,/content/drive/MyDrive/satellite_change_detection/masks/Indore/Indore_r06_c06_2023_2024.png,CONSTRUCTION,0.734,Indore_r06_c06,22.66140176525357,75.91961648836268
5.5572509765625,0.30467885732650757,0.8384311199188232,32,1.629638671875,Indore,Indore_r06_c06.tif,2024,2025,REVIEW_REQUIRED,SCATTERED_CHANGE,True,2020 -> 2021,6,PERSISTENT_CHANGE_SIGNAL,TEMPORAL_ONLY_EVIDENCE,0.0002899169921875,0.000274658203125,0.000701904296875,0.001129150390625,1.0,1.0,0.0853075031713098,False,0.0932902991771698,-0.09349437803030014,0.027279913425445557,1.024,False,NONE_DETECTED,/content/drive/MyDrive/satellite_change_detection/masks/Indore/Indore_r06_c06_2024_2025.png,UNKNOWN,0.743,Indore_r06_c06,22.66140176525357,75.91961648836268
2.1728515625,0.28550541400909424,0.8831528425216675,21,0.30670166015625,Indore,Indore_r06_c06.tif,2025,2026,LOW_PRIORITY_REVIEW,SCATTERED_CHANGE,True,2020 -> 2021,6,PERSISTENT_CHANGE_SIGNAL,TEMPORAL_ONLY_EVIDENCE,0.000274658203125,0.000213623046875,0.001129150390625,0.0013275146484375,1.0,1.0,0.01825849763917997,False,-0.07813772559165955,0.05915587395429611,0.013729095458984375,1.0987124463519313,False,NONE_DETECTED,/content/drive/MyDrive/satellite_change_detection/masks/Indore/Indore_r06_c06_2025_2026.png,VEHICLE_OR_ACTIVITY,0.304,Indore_r06_c06,22.66140176525357,75.91961648836268
8.8958740234375,0.28098180890083313,0.7003617286682129,42,1.251220703125,Indore,Indore_r06_c07.tif,2020,2021,REVIEW_REQUIRED,SCATTERED_CHANGE,True,2020 -> 2021,6,PERSISTENT_CHANGE_SIGNAL,TEMPORAL_ONLY_EVIDENCE,9.1552734375e-05,9.1552734375e-05,0.0511016845703125,0.007171630859375,1.0,1.0,0.07761291556751118,False,-0.2567770481109619,0.20003733038902283,0.0402548611164093,1.0,False,NONE_DETECTED,/content/drive/MyDrive/satellite_change_detection/masks/Indore/Indore_r06_c07_2020_2021.png,CONSTRUCTION,0.722,Indore_r06_c07,22.66125682099541,75.94453155495718
5.419921875,0.27083998918533325,0.6942991614341736,34,0.50506591796875,Indore,Indore_r06_c07.tif,2021,2022,LOW_PRIORITY_REVIEW,SCATTERED_CHANGE,True,2020 -> 2021,6,PERSISTENT_CHANGE_SIGNAL,TEMPORAL_ONLY_EVIDENCE,9.1552734375e-05,0.0003509521484375,0.007171630859375,0.0007781982421875,1.0,1.0,0.0977997138450041,False,0.011218458414077759,-0.01674460619688034,0.04042437672615051,1.0,False,NONE_DETECTED,/content/drive/MyDrive/satellite_change_detection/masks/Indore/Indore_r06_c07_2021_2022.png,UNKNOWN,0.698,Indore_r06_c07,22.66125682099541,75.94453155495718
5.07354736328125,0.26707547903060913,0.5912672281265259,33,0.51422119140625,Indore,Indore_r06_c07.tif,2022,2023,LOW_PRIORITY_REVIEW,SCATTERED_CHANGE,True,2020 -> 2021,6,PERSISTENT_CHANGE_SIGNAL,TEMPORAL_ONLY_EVIDENCE,0.0003509521484375,0.0003814697265625,0.0007781982421875,0.067230224609375,1.0,1.0,0.07609338212412506,False,0.17693710327148438,-0.11800496280193329,-0.07902571558952332,1.0,False,NONE_DETECTED,/content/drive/MyDrive/satellite_change_detection/masks/Indore/Indore_r06_c07_2022_2023.png,VEGETATION_GAIN,0.696,Indore_r06_c07,22.66125682099541,75.94453155495718
12.79449462890625,0.27857616543769836,0.7962579727172852,43,1.69830322265625,Indore,Indore_r06_c07.tif,2023,2024,REVIEW_REQUIRED,SCATTERED_CHANGE,True,2020 -> 2021,6,PERSISTENT_CHANGE_SIGNAL,TEMPORAL_ONLY_EVIDENCE,0.0003814697265625,0.0003509521484375,0.067230224609375,0.0005035400390625,1.0,1.0,0.04427225767459178,False,-0.3025401532649994,0.20795688033103943,0.07387977838516235,1.0,False,NONE_DETECTED,/content/drive/MyDrive/satellite_change_detection/masks/Indore/Indore_r06_c07_2023_2024.png,CONSTRUCTION,0.732,Indore_r06_c07,22.66125682099541,75.94453155495718
10.80780029296875,0.28366905450820923,0.8479275703430176,35,1.385498046875,Indore,Indore_r06_c07.tif,2024,2025,REVIEW_REQUIRED,SCATTERED_CHANGE,True,2020 -> 2021,6,PERSISTENT_CHANGE_SIGNAL,TEMPORAL_ONLY_EVIDENCE,0.0003509521484375,0.0003204345703125,0.0005035400390625,0.0,1.0,1.0,0.054114205079444005,False,0.22532984614372253,-0.17621155083179474,0.002177983522415161,1.0,False,NONE_DETECTED,/content/drive/MyDrive/satellite_change_detection/masks/Indore/Indore_r06_c07_2024_2025.png,VEGETATION_GAIN,0.726,Indore_r06_c07,22.66125682099541,75.94453155495718
3.06243896484375,0.29655635356903076,0.9030593633651733,31,0.347900390625,Indore,Indore_r06_c07.tif,2025,2026,LOW_PRIORITY_REVIEW,SCATTERED_CHANGE,True,2020 -> 2021,6,PERSISTENT_CHANGE_SIGNAL,TEMPORAL_ONLY_EVIDENCE,0.0003204345703125,0.0003662109375,0.0,0.000396728515625,1.0,1.0,0.03198923216945074,False,-0.05412852764129639,0.02785557508468628,0.016026198863983154,1.0,False,NONE_DETECTED,/content/drive/MyDrive/satellite_change_detection/masks/Indore/Indore_r06_c07_2025_2026.png,UNKNOWN,0.433,Indore_r06_c07,22.66125682099541,75.94453155495718
13.74053955078125,0.2559991776943207,0.8874127268791199,68,1.04827880859375,Indore,Indore_r07_c00.tif,2020,2021,REVIEW_REQUIRED,SCATTERED_CHANGE,True,2020 -> 2021,6,PERSISTENT_CHANGE_SIGNAL,TEMPORAL_ONLY_EVIDENCE,0.00018310546875,0.00018310546875,0.0180816650390625,0.0022125244140625,1.0,1.0,0.030233322165260205,False,-0.17841780185699463,0.12485852837562561,0.004803776741027832,1.0118577075098814,False,NONE_DETECTED,/content/drive/MyDrive/satellite_change_detection/masks/Indore/Indore_r07_c00_2020_2021.png,CONSTRUCTION,0.704,Indore_r07_c00,22.639065547357607,75.76999310540796
9.39483642578125,0.23336365818977356,0.7304217219352722,62,1.44195556640625,Indore,Indore_r07_c00.tif,2021,2022,REVIEW_REQUIRED,SCATTERED_CHANGE,True,2020 -> 2021,6,PERSISTENT_CHANGE_SIGNAL,TEMPORAL_ONLY_EVIDENCE,0.00018310546875,0.0001220703125,0.0022125244140625,0.0,1.0,1.0,0.08332441523258288,False,-0.07644200325012207,0.03785163164138794,0.08286118507385254,1.0448979591836736,False,NONE_DETECTED,/content/drive/MyDrive/satellite_change_detection/masks/Indore/Indore_r07_c00_2021_2022.png,UNKNOWN,0.703,Indore_r07_c00,22.639065547357607,75.76999310540796
9.527587890625,0.25399282574653625,0.7415554523468018,47,1.0650634765625,Indore,Indore_r07_c00.tif,2022,2023,REVIEW_REQUIRED,SCATTERED_CHANGE,True,2020 -> 2021,6,PERSISTENT_CHANGE_SIGNAL,TEMPORAL_ONLY_EVIDENCE,0.0001220703125,9.1552734375e-05,0.0,0.0117034912109375,1.0,1.0,0.09569087209699381,False,0.20409882068634033,-0.1378251314163208,-0.09538909792900085,1.0199203187250996,False,NONE_DETECTED,/content/drive/MyDrive/satellite_change_detection/masks/Indore/Indore_r07_c00_2022_2023.png,VEGETATION_GAIN,0.704,Indore_r07_c00,22.639065547357607,75.76999310540796
17.12799072265625,0.2729196846485138,0.8591327667236328,70,2.7557373046875,Indore,Indore_r07_c00.tif,2023,2024,REVIEW_REQUIRED,MODERATELY_CONNECTED,True,2020 -> 2021,6,PERSISTENT_CHANGE_SIGNAL,MODERATE_EVIDENCE,9.1552734375e-05,0.000152587890625,0.0117034912109375,0.0,1.0,1.0,0.04938959981134531,False,-0.08152687549591064,0.047024548053741455,0.023320049047470093,1.0,False,NONE_DETECTED,/content/drive/MyDrive/satellite_change_detection/masks/Indore/Indore_r07_c00_2023_2024.png,UNKNOWN,0.755,Indore_r07_c00,22.639065547357607,75.76999310540796
16.16363525390625,0.2836300730705261,0.7919648885726929,66,1.80206298828125,Indore,Indore_r07_c00.tif,2024,2025,REVIEW_REQUIRED,SCATTERED_CHANGE,True,2020 -> 2021,6,PERSISTENT_CHANGE_SIGNAL,TEMPORAL_ONLY_EVIDENCE,0.000152587890625,0.000457763671875,0.0,1.52587890625e-05,1.0,1.0,0.10138642754355875,False,0.07814830541610718,-0.05629485845565796,0.004848599433898926,1.0158730158730158,False,NONE_DETECTED,/content/drive/MyDrive/satellite_change_detection/masks/Indore/Indore_r07_c00_2024_2025.png,UNKNOWN,0.737,Indore_r07_c00,22.639065547357607,75.76999310540796
10.53619384765625,0.30598458647727966,0.7504299879074097,49,2.52227783203125,Indore,Indore_r07_c00.tif,2025,2026,REVIEW_REQUIRED,MODERATELY_CONNECTED,True,2020 -> 2021,6,PERSISTENT_CHANGE_SIGNAL,MODERATE_EVIDENCE,0.000457763671875,0.0002288818359375,1.52587890625e-05,0.00030517578125,1.0,1.0,0.012822062216306655,False,-0.09320938587188721,0.09561868757009506,-0.04050743579864502,1.0,False,NONE_DETECTED,/content/drive/MyDrive/satellite_change_detection/masks/Indore/Indore_r07_c00_2025_2026.png,UNKNOWN,0.766,Indore_r07_c00,22.639065547357607,75.76999310540796
4.278564453125,0.27260327339172363,0.7017385959625244,27,0.775146484375,Indore,Indore_r07_c01.tif,2020,2021,LOW_PRIORITY_REVIEW,SCATTERED_CHANGE,True,2020 -> 2021,6,PERSISTENT_CHANGE_SIGNAL,TEMPORAL_ONLY_EVIDENCE,0.0009765625,0.0028228759765625,0.0045318603515625,0.0022735595703125,1.0,1.0,0.0560680603330229,False,-0.17471067607402802,0.08038373291492462,0.06737595796585083,1.0082644628099173,False,NONE_DETECTED,/content/drive/MyDrive/satellite_change_detection/masks/Indore/Indore_r07_c01_2020_2021.png,VEGETATION_LOSS,0.604,Indore_r07_c01,22.638943982518217,75.79490512267698
1.7486572265625,0.24812234938144684,0.5019912719726562,14,0.25177001953125,Indore,Indore_r07_c01.tif,2021,2022,LOW_PRIORITY_REVIEW,SCATTERED_CHANGE,False,2020 -> 2021,6,PERSISTENT_CHANGE_SIGNAL,TEMPORAL_ONLY_EVIDENCE,0.0028228759765625,0.002532958984375,0.0022735595703125,1.52587890625e-05,1.0,1.0,0.06403866075275422,False,-0.06997179985046387,0.04819776117801666,0.05710586905479431,1.1555555555555554,False,NONE_DETECTED,/content/drive/MyDrive/satellite_change_detection/masks/Indore/Indore_r07_c01_2021_2022.png,UNKNOWN,0.238,Indore_r07_c01,22.638943982518217,75.79490512267698
4.2755126953125,0.27251869440078735,0.6743541955947876,21,1.01165771484375,Indore,Indore_r07_c01.tif,2022,2023,REVIEW_REQUIRED,SCATTERED_CHANGE,True,2020 -> 2021,6,PERSISTENT_CHANGE_SIGNAL,TEMPORAL_ONLY_EVIDENCE,0.002532958984375,0.00128173828125,1.52587890625e-05,0.0065155029296875,1.0,1.0,0.08896054210169944,False,-0.0882405936717987,0.04752090573310852,-0.009203493595123291,1.1674418604651162,False,NONE_DETECTED,/content/drive/MyDrive/satellite_change_detection/masks/Indore/Indore_r07_c01_2022_2023.png,UNKNOWN,0.608,Indore_r07_c01,22.638943982518217,75.79490512267698
4.1473388671875,0.2740769684314728,0.8493934273719788,30,0.48980712890625,Indore,Indore_r07_c01.tif,2023,2024,LOW_PRIORITY_REVIEW,SCATTERED_CHANGE,True,2020 -> 2021,6,PERSISTENT_CHANGE_SIGNAL,TEMPORAL_ONLY_EVIDENCE,0.00128173828125,0.002593994140625,0.0065155029296875,0.0,1.0,1.0,0.08011362838421167,False,-0.17221112549304962,0.11718887090682983,0.0657091736793518,1.0756302521008403,False,NONE_DETECTED,/content/drive/MyDrive/satellite_change_detection/masks/Indore/Indore_r07_c01_2023_2024.png,CONSTRUCTION,0.58,Indore_r07_c01,22.638943982518217,75.79490512267698
1.739501953125,0.2766227722167969,0.7084885835647583,23,0.25177001953125,Indore,Indore_r07_c01.tif,2024,2025,LOW_PRIORITY_REVIEW,SCATTERED_CHANGE,False,2020 -> 2021,6,PERSISTENT_CHANGE_SIGNAL,TEMPORAL_ONLY_EVIDENCE,0.002593994140625,0.0023040771484375,0.0,3.0517578125e-05,1.0,1.0,0.10575786833726028,False,0.041635602712631226,-0.041336167603731155,0.024045169353485107,1.0952380952380953,False,NONE_DETECTED,/content/drive/MyDrive/satellite_change_detection/masks/Indore/Indore_r07_c01_2024_2025.png,VEHICLE_OR_ACTIVITY,0.242,Indore_r07_c01,22.638943982518217,75.79490512267698
0.7843017578125,0.2768033444881439,0.7225421667098999,10,0.24261474609375,Indore,Indore_r07_c01.tif,2025,2026,LIKELY_NO_CHANGE,SCATTERED_CHANGE,False,2020 -> 2021,6,PERSISTENT_CHANGE_SIGNAL,TEMPORAL_ONLY_EVIDENCE,0.0023040771484375,0.0034027099609375,3.0517578125e-05,6.103515625e-05,1.0,1.0,0.02978736101850774,False,-0.2417125254869461,0.19934016466140747,-0.009716659784317017,1.1630434782608696,False,NONE_DETECTED,/content/drive/MyDrive/satellite_change_detection/masks/Indore/Indore_r07_c01_2025_2026.png,CONSTRUCTION,0.109,Indore_r07_c01,22.638943982518217,75.79490512267698
2.35443115234375,0.31687411665916443,0.8631510138511658,13,0.6927490234375,Indore,Indore_r07_c02.tif,2020,2021,LOW_PRIORITY_REVIEW,SCATTERED_CHANGE,True,2020 -> 2021,6,PERSISTENT_CHANGE_SIGNAL,TEMPORAL_ONLY_EVIDENCE,0.0004425048828125,0.00079345703125,0.009368896484375,0.003082275390625,1.0,1.0,0.04032891961568587,False,-0.37877538800239563,0.2366313934326172,0.08074420690536499,1.1182266009852218,False,NONE_DETECTED,/content/drive/MyDrive/satellite_change_detection/masks/Indore/Indore_r07_c02_2020_2021.png,CONSTRUCTION,0.342,Indore_r07_c02,22.638818548143263,75.81981696665999
1.7303466796875,0.2761420011520386,0.8541256785392761,15,0.33111572265625,Indore,Indore_r07_c02.tif,2021,2022,LOW_PRIORITY_REVIEW,SCATTERED_CHANGE,False,2020 -> 2021,6,PERSISTENT_CHANGE_SIGNAL,TEMPORAL_ONLY_EVIDENCE,0.00079345703125,0.0006866455078125,0.003082275390625,3.0517578125e-05,1.0,1.0,0.09527396167821207,False,-0.11774203181266785,0.06415558606386185,0.07938820123672485,1.2142857142857142,False,NONE_DETECTED,/content/drive/MyDrive/satellite_change_detection/masks/Indore/Indore_r07_c02_2021_2022.png,UNKNOWN,0.241,Indore_r07_c02,22.638818548143263,75.81981696665999
2.89459228515625,0.28976118564605713,0.6811591386795044,24,0.628662109375,Indore,Indore_r07_c02.tif,2022,2023,LOW_PRIORITY_REVIEW,SCATTERED_CHANGE,True,2020 -> 2021,6,PERSISTENT_CHANGE_SIGNAL,TEMPORAL_ONLY_EVIDENCE,0.0006866455078125,0.0004119873046875,3.0517578125e-05,0.007476806640625,1.0,1.0,0.11425926618307823,False,-0.0727471113204956,0.056975107640028,-0.04122385382652283,1.0364372469635628,False,NONE_DETECTED,/content/drive/MyDrive/satellite_change_detection/masks/Indore/Indore_r07_c02_2022_2023.png,VEHICLE_OR_ACTIVITY,0.411,Indore_r07_c02,22.638818548143263,75.81981696665999
2.32696533203125,0.27310165762901306,0.5652347207069397,23,0.2685546875,Indore,Indore_r07_c02.tif,2023,2024,LOW_PRIORITY_REVIEW,SCATTERED_CHANGE,True,2020 -> 2021,6,PERSISTENT_CHANGE_SIGNAL,TEMPORAL_ONLY_EVIDENCE,0.0004119873046875,0.0005950927734375,0.007476806640625,1.52587890625e-05,1.0,1.0,0.15144430852216573,False,-0.19504651427268982,0.16950838267803192,0.04013395309448242,1.0970873786407767,False,NONE_DETECTED,/content/drive/MyDrive/satellite_change_detection/masks/Indore/Indore_r07_c02_2023_2024.png,CONSTRUCTION,0.323,Indore_r07_c02,22.638818548143263,75.81981696665999
2.46124267578125,0.30202820897102356,0.7045996189117432,19,0.51116943359375,Indore,Indore_r07_c02.tif,2024,2025,LOW_PRIORITY_REVIEW,SCATTERED_CHANGE,True,2020 -> 2021,6,PERSISTENT_CHANGE_SIGNAL,TEMPORAL_ONLY_EVIDENCE,0.0005950927734375,0.0008697509765625,1.52587890625e-05,0.000152587890625,1.0,1.0,0.02755827850227812,False,-0.2039819061756134,0.11720450967550278,0.055588752031326294,1.2777777777777777,False,NONE_DETECTED,/content/drive/MyDrive/satellite_change_detection/masks/Indore/Indore_r07_c02_2024_2025.png,CONSTRUCTION,0.351,Indore_r07_c02,22.638818548143263,75.81981696665999
1.1016845703125,0.2999848425388336,0.5653281807899475,13,0.28533935546875,Indore,Indore_r07_c02.tif,2025,2026,LOW_PRIORITY_REVIEW,SCATTERED_CHANGE,False,2020 -> 2021,6,PERSISTENT_CHANGE_SIGNAL,TEMPORAL_ONLY_EVIDENCE,0.0008697509765625,0.0009307861328125,0.000152587890625,7.62939453125e-05,1.0,1.0,0.06223182344957256,False,-0.14854803681373596,0.10650017857551575,0.03739434480667114,1.1,False,NONE_DETECTED,/content/drive/MyDrive/satellite_change_detection/masks/Indore/Indore_r07_c02_2025_2026.png,CONSTRUCTION,0.156,Indore_r07_c02,22.638818548143263,75.81981696665999
6.2408447265625,0.2639283537864685,0.7240461111068726,27,2.25372314453125,Indore,Indore_r07_c03.tif,2020,2021,REVIEW_REQUIRED,MODERATELY_CONNECTED,True,2020 -> 2021,6,PERSISTENT_CHANGE_SIGNAL,MODERATE_EVIDENCE,0.0,0.0002288818359375,0.0077972412109375,0.0007781982421875,1.0,1.0,0.03334660088187907,False,-0.06938442587852478,0.08691899478435516,-0.017930656671524048,1.0909090909090908,False,NONE_DETECTED,/content/drive/MyDrive/satellite_change_detection/masks/Indore/Indore_r07_c03_2020_2021.png,UNKNOWN,0.738,Indore_r07_c03,22.638689244344203,75.84472863192839
4.3792724609375,0.24504578113555908,0.5484025478363037,30,0.6378173828125,Indore,Indore_r07_c03.tif,2021,2022,LOW_PRIORITY_REVIEW,SCATTERED_CHANGE,True,2020 -> 2021,6,PERSISTENT_CHANGE_SIGNAL,TEMPORAL_ONLY_EVIDENCE,0.0002288818359375,0.000457763671875,0.0007781982421875,0.0,1.0,1.0,0.07882394434081205,False,0.019585400819778442,-0.06718003004789352,0.06644836068153381,1.0448979591836736,False,NONE_DETECTED,/content/drive/MyDrive/satellite_change_detection/masks/Indore/Indore_r07_c03_2021_2022.png,UNKNOWN,0.603,Indore_r07_c03,22.638689244344203,75.84472863192839
3.66668701171875,0.2916647791862488,0.7553352117538452,18,1.9073486328125,Indore,Indore_r07_c03.tif,2022,2023,REVIEW_REQUIRED,SCATTERED_CHANGE,True,2020 -> 2021,6,PERSISTENT_CHANGE_SIGNAL,TEMPORAL_ONLY_EVIDENCE,0.000457763671875,0.0004730224609375,0.0,0.0059051513671875,1.0,1.0,0.06485074183076998,False,-0.20904551446437836,0.1482771933078766,-0.012448549270629883,1.1516587677725119,False,NONE_DETECTED,/content/drive/MyDrive/satellite_change_detection/masks/Indore/Indore_r07_c03_2022_2023.png,CONSTRUCTION,0.545,Indore_r07_c03,22.638689244344203,75.84472863192839
3.01971435546875,0.2654814124107361,0.7196837663650513,25,0.25482177734375,Indore,Indore_r07_c03.tif,2023,2024,LOW_PRIORITY_REVIEW,SCATTERED_CHANGE,True,2020 -> 2021,6,PERSISTENT_CHANGE_SIGNAL,TEMPORAL_ONLY_EVIDENCE,0.0004730224609375,0.000640869140625,0.0059051513671875,9.1552734375e-05,1.0,1.0,0.05697212995786646,False,-0.09136167168617249,0.05263979732990265,0.06760749220848083,1.050420168067227,False,NONE_DETECTED,/content/drive/MyDrive/satellite_change_detection/masks/Indore/Indore_r07_c03_2023_2024.png,UNKNOWN,0.416,Indore_r07_c03,22.638689244344203,75.84472863192839
4.1534423828125,0.27353233098983765,0.626194953918457,24,0.7232666015625,Indore,Indore_r07_c03.tif,2024,2025,LOW_PRIORITY_REVIEW,SCATTERED_CHANGE,True,2020 -> 2021,6,PERSISTENT_CHANGE_SIGNAL,TEMPORAL_ONLY_EVIDENCE,0.000640869140625,0.0003814697265625,9.1552734375e-05,1.52587890625e-05,1.0,1.0,0.04958726650846614,False,-0.1119212806224823,0.02494239993393421,0.057981133460998535,1.0578512396694215,False,NONE_DETECTED,/content/drive/MyDrive/satellite_change_detection/masks/Indore/Indore_r07_c03_2024_2025.png,UNKNOWN,0.586,Indore_r07_c03,22.638689244344203,75.84472863192839
4.3182373046875,0.2758837938308716,0.6332229375839233,23,0.7537841796875,Indore,Indore_r07_c03.tif,2025,2026,LOW_PRIORITY_REVIEW,SCATTERED_CHANGE,True,2020 -> 2021,6,PERSISTENT_CHANGE_SIGNAL,TEMPORAL_ONLY_EVIDENCE,0.0003814697265625,0.000213623046875,1.52587890625e-05,0.0001068115234375,1.0,1.0,0.02164549473846873,False,-0.05315466225147247,0.06226036697626114,-0.010750502347946167,1.050420168067227,False,NONE_DETECTED,/content/drive/MyDrive/satellite_change_detection/masks/Indore/Indore_r07_c03_2025_2026.png,UNKNOWN,0.61,Indore_r07_c03,22.638689244344203,75.84472863192839
5.95245361328125,0.25324326753616333,0.6900469064712524,38,0.95062255859375,Indore,Indore_r07_c04.tif,2020,2021,LOW_PRIORITY_REVIEW,SCATTERED_CHANGE,True,2020 -> 2021,6,PERSISTENT_CHANGE_SIGNAL,TEMPORAL_ONLY_EVIDENCE,0.0,0.0004425048828125,0.0243682861328125,0.0067138671875,1.0,1.0,0.06430702895748167,False,-0.014777392148971558,0.14887361228466034,-0.14964383840560913,1.0940170940170941,False,NONE_DETECTED,/content/drive/MyDrive/satellite_change_detection/masks/Indore/Indore_r07_c04_2020_2021.png,CONSTRUCTION,0.7,Indore_r07_c04,22.638556071235957,75.86964011305375
11.6851806640625,0.2603398859500885,0.7707066535949707,60,1.568603515625,Indore,Indore_r07_c04.tif,2021,2022,REVIEW_REQUIRED,SCATTERED_CHANGE,True,2020 -> 2021,6,PERSISTENT_CHANGE_SIGNAL,TEMPORAL_ONLY_EVIDENCE,0.0004425048828125,0.0003662109375,0.0067138671875,0.0,1.0,1.0,0.18175258302625297,False,0.2191264033317566,-0.040733933448791504,-0.1562371551990509,1.0118577075098814,True,SEASONAL_VARIATION_LIKELY,/content/drive/MyDrive/satellite_change_detection/masks/Indore/Indore_r07_c04_2021_2022.png,UNKNOWN,0.3,Indore_r07_c04,22.638556071235957,75.86964011305375
10.028076171875,0.26186683773994446,0.8869060277938843,39,2.38037109375,Indore,Indore_r07_c04.tif,2022,2023,REVIEW_REQUIRED,MODERATELY_CONNECTED,True,2020 -> 2021,6,PERSISTENT_CHANGE_SIGNAL,MODERATE_EVIDENCE,0.0003662109375,0.00048828125,0.0,0.030548095703125,1.0,1.0,0.15333408679079968,False,-0.3619333505630493,0.013764530420303345,0.3548634946346283,1.1428571428571428,False,NONE_DETECTED,/content/drive/MyDrive/satellite_change_detection/masks/Indore/Indore_r07_c04_2022_2023.png,WATER,0.74,Indore_r07_c04,22.638556071235957,75.86964011305375
6.9000244140625,0.261745423078537,0.7279343605041504,37,1.483154296875,Indore,Indore_r07_c04.tif,2023,2024,REVIEW_REQUIRED,SCATTERED_CHANGE,True,2020 -> 2021,6,PERSISTENT_CHANGE_SIGNAL,TEMPORAL_ONLY_EVIDENCE,0.00048828125,0.0004119873046875,0.030548095703125,9.1552734375e-05,1.0,1.0,0.0639950844711204,False,-0.20283275842666626,0.15364772081375122,0.05551797151565552,1.0,False,NONE_DETECTED,/content/drive/MyDrive/satellite_change_detection/masks/Indore/Indore_r07_c04_2023_2024.png,CONSTRUCTION,0.718,Indore_r07_c04,22.638556071235957,75.86964011305375
8.73870849609375,0.26695752143859863,0.7153921127319336,38,1.7486572265625,Indore,Indore_r07_c04.tif,2024,2025,REVIEW_REQUIRED,SCATTERED_CHANGE,True,2020 -> 2021,6,PERSISTENT_CHANGE_SIGNAL,TEMPORAL_ONLY_EVIDENCE,0.0004119873046875,0.00018310546875,9.1552734375e-05,3.0517578125e-05,1.0,1.0,0.044497317733776125,False,0.2989146113395691,-0.08652165532112122,-0.23982104659080505,1.0,False,NONE_DETECTED,/content/drive/MyDrive/satellite_change_detection/masks/Indore/Indore_r07_c04_2024_2025.png,WATER,0.727,Indore_r07_c04,22.638556071235957,75.86964011305375
5.54962158203125,0.25897958874702454,0.7575976848602295,41,0.6744384765625,Indore,Indore_r07_c04.tif,2025,2026,LOW_PRIORITY_REVIEW,SCATTERED_CHANGE,True,2020 -> 2021,6,PERSISTENT_CHANGE_SIGNAL,TEMPORAL_ONLY_EVIDENCE,0.00018310546875,0.00030517578125,3.0517578125e-05,0.0004119873046875,1.0,1.0,0.006901292960245685,False,0.01433473825454712,0.02968357503414154,-0.06166559457778931,1.024,False,NONE_DETECTED,/content/drive/MyDrive/satellite_change_detection/masks/Indore/Indore_r07_c04_2025_2026.png,UNKNOWN,0.696,Indore_r07_c04,22.638556071235957,75.86964011305375
2.7557373046875,0.23795223236083984,0.5129891037940979,28,0.3265380859375,Indore,Indore_r07_c05.tif,2020,2021,LOW_PRIORITY_REVIEW,SCATTERED_CHANGE,True,2020 -> 2021,6,PERSISTENT_CHANGE_SIGNAL,TEMPORAL_ONLY_EVIDENCE,0.00030517578125,0.0005645751953125,0.0339813232421875,0.0103912353515625,1.0,1.0,0.06464580896062587,False,-0.10038155317306519,0.09420423209667206,-0.004805922508239746,1.0510638297872341,False,NONE_DETECTED,/content/drive/MyDrive/satellite_change_detection/masks/Indore/Indore_r07_c05_2020_2021.png,VEHICLE_OR_ACTIVITY,0.373,Indore_r07_c05,22.63841902893683,75.89455140460782
5.029296875,0.2488195300102234,0.5683308243751526,35,0.65460205078125,Indore,Indore_r07_c05.tif,2021,2022,LOW_PRIORITY_REVIEW,SCATTERED_CHANGE,True,2020 -> 2021,6,PERSISTENT_CHANGE_SIGNAL,TEMPORAL_ONLY_EVIDENCE,0.0005645751953125,0.00054931640625,0.0103912353515625,0.0,1.0,1.0,0.09696677546686731,False,-0.11843681335449219,0.03851000964641571,0.10116755962371826,1.024,False,NONE_DETECTED,/content/drive/MyDrive/satellite_change_detection/masks/Indore/Indore_r07_c05_2021_2022.png,UNKNOWN,0.691,Indore_r07_c05,22.63841902893683,75.89455140460782
2.886962890625,0.28825733065605164,0.7590256929397583,18,0.89569091796875,Indore,Indore_r07_c05.tif,2022,2023,LOW_PRIORITY_REVIEW,SCATTERED_CHANGE,True,2020 -> 2021,6,PERSISTENT_CHANGE_SIGNAL,TEMPORAL_ONLY_EVIDENCE,0.00054931640625,0.0006256103515625,0.0,0.02569580078125,1.0,1.0,0.06239566114931236,False,0.010807216167449951,-0.0133524090051651,-0.04026573896408081,1.180094786729858,False,NONE_DETECTED,/content/drive/MyDrive/satellite_change_detection/masks/Indore/Indore_r07_c05_2022_2023.png,UNKNOWN,0.414,Indore_r07_c05,22.63841902893683,75.89455140460782
3.09295654296875,0.26670393347740173,0.7732099890708923,31,0.445556640625,Indore,Indore_r07_c05.tif,2023,2024,LOW_PRIORITY_REVIEW,SCATTERED_CHANGE,True,2020 -> 2021,6,PERSISTENT_CHANGE_SIGNAL,TEMPORAL_ONLY_EVIDENCE,0.0006256103515625,0.000457763671875,0.02569580078125,0.000823974609375,1.0,1.0,0.051859402394365026,False,-0.27391812205314636,0.18786203861236572,0.08283650875091553,1.0158730158730158,False,NONE_DETECTED,/content/drive/MyDrive/satellite_change_detection/masks/Indore/Indore_r07_c05_2023_2024.png,CONSTRUCTION,0.43,Indore_r07_c05,22.63841902893683,75.89455140460782
4.4342041015625,0.28627899289131165,0.8150416612625122,41,0.29296875,Indore,Indore_r07_c05.tif,2024,2025,LOW_PRIORITY_REVIEW,SCATTERED_CHANGE,True,2020 -> 2021,6,PERSISTENT_CHANGE_SIGNAL,TEMPORAL_ONLY_EVIDENCE,0.000457763671875,0.0005340576171875,0.000823974609375,0.0002288818359375,1.0,1.0,0.10627727425353138,False,0.01847127079963684,-0.008022405207157135,-0.012929975986480713,1.0534979423868314,False,NONE_DETECTED,/content/drive/MyDrive/satellite_change_detection/masks/Indore/Indore_r07_c05_2024_2025.png,UNKNOWN,0.621,Indore_r07_c05,22.63841902893683,75.89455140460782
1.22833251953125,0.2881522476673126,0.6808676719665527,13,0.201416015625,Indore,Indore_r07_c05.tif,2025,2026,LOW_PRIORITY_REVIEW,SCATTERED_CHANGE,False,2020 -> 2021,6,PERSISTENT_CHANGE_SIGNAL,TEMPORAL_ONLY_EVIDENCE,0.0005340576171875,0.0004730224609375,0.0002288818359375,0.001922607421875,1.0,1.0,0.06540498099538594,False,-0.03249266743659973,0.006348110735416412,0.003729879856109619,1.0534979423868314,False,NONE_DETECTED,/content/drive/MyDrive/satellite_change_detection/masks/Indore/Indore_r07_c05_2025_2026.png,UNKNOWN,0.172,Indore_r07_c05,22.63841902893683,75.89455140460782
5.206298828125,0.2985617220401764,0.8270735740661621,44,0.445556640625,Indore,Indore_r07_c06.tif,2020,2021,LOW_PRIORITY_REVIEW,SCATTERED_CHANGE,True,2020 -> 2021,6,PERSISTENT_CHANGE_SIGNAL,TEMPORAL_ONLY_EVIDENCE,3.0517578125e-05,0.000274658203125,0.013031005859375,0.00250244140625,1.0,1.0,0.07703603243527891,False,-0.1938285529613495,0.14861944317817688,0.0007824599742889404,1.0,False,NONE_DETECTED,/content/drive/MyDrive/satellite_change_detection/masks/Indore/Indore_r07_c06_2020_2021.png,CONSTRUCTION,0.71,Indore_r07_c06,22.638278117568632,75.91946250116273
6.085205078125,0.30653128027915955,0.8563835620880127,43,0.8819580078125,Indore,Indore_r07_c06.tif,2021,2022,LOW_PRIORITY_REVIEW,SCATTERED_CHANGE,True,2020 -> 2021,6,PERSISTENT_CHANGE_SIGNAL,TEMPORAL_ONLY_EVIDENCE,0.000274658203125,0.0001373291015625,0.00250244140625,0.0,1.0,1.0,0.08291475259189227,False,-0.04018792510032654,-0.021524783223867416,0.09418439865112305,1.0,False,NONE_DETECTED,/content/drive/MyDrive/satellite_change_detection/masks/Indore/Indore_r07_c06_2021_2022.png,UNKNOWN,0.725,Indore_r07_c06,22.638278117568632,75.91946250116273
4.425048828125,0.2668681740760803,0.6410062313079834,32,0.59814453125,Indore,Indore_r07_c06.tif,2022,2023,LOW_PRIORITY_REVIEW,SCATTERED_CHANGE,True,2020 -> 2021,6,PERSISTENT_CHANGE_SIGNAL,TEMPORAL_ONLY_EVIDENCE,0.0001373291015625,0.000274658203125,0.0,0.00982666015625,1.0,1.0,0.04760976742482205,False,0.21992358565330505,-0.13458043336868286,-0.08081221580505371,1.0491803278688525,False,NONE_DETECTED,/content/drive/MyDrive/satellite_change_detection/masks/Indore/Indore_r07_c06_2022_2023.png,VEGETATION_GAIN,0.618,Indore_r07_c06,22.638278117568632,75.91946250116273
9.62982177734375,0.29455500841140747,0.9206094741821289,36,2.68402099609375,Indore,Indore_r07_c06.tif,2023,2024,REVIEW_REQUIRED,MODERATELY_CONNECTED,True,2020 -> 2021,6,PERSISTENT_CHANGE_SIGNAL,MODERATE_EVIDENCE,0.000274658203125,0.0001220703125,0.00982666015625,0.0,1.0,1.0,0.1311658178628852,False,-0.21644443273544312,0.16690455377101898,0.030650556087493896,1.0,False,NONE_DETECTED,/content/drive/MyDrive/satellite_change_detection/masks/Indore/Indore_r07_c06_2023_2024.png,CONSTRUCTION,0.764,Indore_r07_c06,22.638278117568632,75.91946250116273
6.45751953125,0.2982320189476013,0.9321541786193848,42,0.73394775390625,Indore,Indore_r07_c06.tif,2024,2025,LOW_PRIORITY_REVIEW,SCATTERED_CHANGE,True,2020 -> 2021,6,PERSISTENT_CHANGE_SIGNAL,TEMPORAL_ONLY_EVIDENCE,0.0001220703125,0.000213623046875,0.0,1.52587890625e-05,1.0,1.0,0.003973913475322276,False,0.11799082159996033,-0.10187090933322906,0.013733386993408203,1.0,False,NONE_DETECTED,/content/drive/MyDrive/satellite_change_detection/masks/Indore/Indore_r07_c06_2024_2025.png,UNKNOWN,0.717,Indore_r07_c06,22.638278117568632,75.91946250116273
3.08685302734375,0.2677116096019745,0.5643250942230225,32,0.50811767578125,Indore,Indore_r07_c06.tif,2025,2026,LOW_PRIORITY_REVIEW,SCATTERED_CHANGE,True,2020 -> 2021,6,PERSISTENT_CHANGE_SIGNAL,TEMPORAL_ONLY_EVIDENCE,0.000213623046875,0.0001678466796875,1.52587890625e-05,7.62939453125e-05,1.0,1.0,0.07261566197578317,False,-0.09034717082977295,0.07585601508617401,-0.012176811695098877,1.1495327102803738,False,NONE_DETECTED,/content/drive/MyDrive/satellite_change_detection/masks/Indore/Indore_r07_c06_2025_2026.png,UNKNOWN,0.43,Indore_r07_c06,22.638278117568632,75.91946250116273
14.6453857421875,0.27258339524269104,0.9245803356170654,52,2.25067138671875,Indore,Indore_r07_c07.tif,2020,2021,REVIEW_REQUIRED,MODERATELY_CONNECTED,True,2020 -> 2021,6,PERSISTENT_CHANGE_SIGNAL,MODERATE_EVIDENCE,0.0005035400390625,0.0008087158203125,0.041351318359375,0.0009765625,1.0,1.0,0.10952512889005966,False,-0.2615944445133209,0.17700077593326569,0.03771001100540161,1.0,False,NONE_DETECTED,/content/drive/MyDrive/satellite_change_detection/masks/Indore/Indore_r07_c07_2020_2021.png,CONSTRUCTION,0.743,Indore_r07_c07,22.63813333725657,75.9443733972907
7.244873046875,0.2752537131309509,0.7593158483505249,56,0.52490234375,Indore,Indore_r07_c07.tif,2021,2022,LOW_PRIORITY_REVIEW,SCATTERED_CHANGE,True,2020 -> 2021,6,PERSISTENT_CHANGE_SIGNAL,TEMPORAL_ONLY_EVIDENCE,0.0008087158203125,0.00048828125,0.0009765625,0.0,1.0,1.0,0.10882147220787634,False,0.06155940890312195,-0.06549933552742004,0.05453234910964966,1.0118577075098814,False,NONE_DETECTED,/content/drive/MyDrive/satellite_change_detection/masks/Indore/Indore_r07_c07_2021_2022.png,UNKNOWN,0.701,Indore_r07_c07,22.63813333725657,75.9443733972907
9.014892578125,0.2732049822807312,0.8977222442626953,42,1.59454345703125,Indore,Indore_r07_c07.tif,2022,2023,REVIEW_REQUIRED,SCATTERED_CHANGE,True,2020 -> 2021,6,PERSISTENT_CHANGE_SIGNAL,TEMPORAL_ONLY_EVIDENCE,0.00048828125,0.000244140625,0.0,0.0397491455078125,1.0,1.0,0.01989401394477689,False,0.06659805774688721,-0.01605135202407837,-0.0675797164440155,1.0,False,NONE_DETECTED,/content/drive/MyDrive/satellite_change_detection/masks/Indore/Indore_r07_c07_2022_2023.png,UNKNOWN,0.726,Indore_r07_c07,22.63813333725657,75.9443733972907
14.8529052734375,0.31492993235588074,0.8436816930770874,53,4.80499267578125,Indore,Indore_r07_c07.tif,2023,2024,REVIEW_REQUIRED,MODERATELY_CONNECTED,True,2020 -> 2021,6,PERSISTENT_CHANGE_SIGNAL,MODERATE_EVIDENCE,0.000244140625,0.0008392333984375,0.0397491455078125,0.0,1.0,1.0,0.08454484886709766,False,-0.23096299171447754,0.15871001780033112,0.05093720555305481,1.0,False,NONE_DETECTED,/content/drive/MyDrive/satellite_change_detection/masks/Indore/Indore_r07_c07_2023_2024.png,CONSTRUCTION,0.828,Indore_r07_c07,22.63813333725657,75.9443733972907
15.0482177734375,0.31935325264930725,0.8256831765174866,50,3.63616943359375,Indore,Indore_r07_c07.tif,2024,2025,REVIEW_REQUIRED,MODERATELY_CONNECTED,True,2020 -> 2021,6,PERSISTENT_CHANGE_SIGNAL,MODERATE_EVIDENCE,0.0008392333984375,0.001190185546875,0.0,0.0,1.0,1.0,0.03039872029378182,False,0.14526519179344177,-0.1264655590057373,0.02434709668159485,1.0,False,NONE_DETECTED,/content/drive/MyDrive/satellite_change_detection/masks/Indore/Indore_r07_c07_2024_2025.png,UNKNOWN,0.801,Indore_r07_c07,22.63813333725657,75.9443733972907
5.340576171875,0.26829764246940613,0.7618876695632935,39,0.70953369140625,Indore,Indore_r07_c07.tif,2025,2026,LOW_PRIORITY_REVIEW,SCATTERED_CHANGE,True,2020 -> 2021,6,PERSISTENT_CHANGE_SIGNAL,TEMPORAL_ONLY_EVIDENCE,0.001190185546875,0.0009613037109375,0.0,3.0517578125e-05,1.0,1.0,0.08439905957877808,False,-0.12082666158676147,0.09824883937835693,0.0017528235912322998,1.0,False,NONE_DETECTED,/content/drive/MyDrive/satellite_change_detection/masks/Indore/Indore_r07_c07_2025_2026.png,UNKNOWN,0.702,Indore_r07_c07,22.63813333725657,75.9443733972907
0.421142578125,0.2536645829677582,0.5695316791534424,4,0.15869140625,Mumbai,Mumbai_r00_c00.tif,2020,2021,LIKELY_NO_CHANGE,SCATTERED_CHANGE,False,No supported change interval,0,NO_SIGNIFICANT_CHANGE,LOW_PRIORITY_REVIEW,0.00030517578125,0.000335693359375,0.0626373291015625,0.2074432373046875,1.0,1.0,0.009493134190673136,False,-0.07984557747840881,-0.010581201873719692,0.09766142070293427,1.0419161676646707,False,SHADOW,/content/drive/MyDrive/satellite_change_detection/masks/Mumbai/Mumbai_r00_c00_2020_2021.png,UNKNOWN,0.023,Mumbai_r00_c00,19.155926942377565,72.79152339045825
0.03814697265625,0.2781979739665985,0.42309707403182983,1,0.03814697265625,Mumbai,Mumbai_r00_c00.tif,2021,2022,LIKELY_NO_CHANGE,SCATTERED_CHANGE,False,No supported change interval,0,NO_SIGNIFICANT_CHANGE,LOW_PRIORITY_REVIEW,0.000335693359375,0.0008087158203125,0.2074432373046875,0.220001220703125,1.0,1.0,0.13856478280358567,False,0.18638938665390015,-0.1034553274512291,0.0051305294036865234,1.0,False,SHADOW,/content/drive/MyDrive/satellite_change_detection/masks/Mumbai/Mumbai_r00_c00_2021_2022.png,UNKNOWN,0.002,Mumbai_r00_c00,19.155926942377565,72.79152339045825
0.506591796875,0.3391648232936859,0.6105971932411194,4,0.36163330078125,Mumbai,Mumbai_r00_c00.tif,2022,2023,LIKELY_NO_CHANGE,SCATTERED_CHANGE,False,No supported change interval,0,NO_SIGNIFICANT_CHANGE,LOW_PRIORITY_REVIEW,0.0008087158203125,0.0001068115234375,0.220001220703125,0.2570037841796875,1.0,1.0,0.012289268541547898,False,-0.04637719690799713,0.06637544929981232,-0.07786941528320312,1.126984126984127,False,SHADOW,/content/drive/MyDrive/satellite_change_detection/masks/Mumbai/Mumbai_r00_c00_2022_2023.png,UNKNOWN,0.032,Mumbai_r00_c00,19.155926942377565,72.79152339045825
0.2349853515625,0.36047372221946716,0.587716817855835,1,0.2349853515625,Mumbai,Mumbai_r00_c00.tif,2023,2024,LIKELY_NO_CHANGE,SCATTERED_CHANGE,False,No supported change interval,0,NO_SIGNIFICANT_CHANGE,LOW_PRIORITY_REVIEW,0.0001068115234375,0.000152587890625,0.2570037841796875,0.0086212158203125,1.0,1.0,0.09386404808033717,False,-0.0803937315940857,-0.05510663986206055,0.15968069434165955,1.0666666666666667,False,SHADOW,/content/drive/MyDrive/satellite_change_detection/masks/Mumbai/Mumbai_r00_c00_2023_2024.png,UNKNOWN,0.015,Mumbai_r00_c00,19.155926942377565,72.79152339045825
0.299072265625,0.3259477913379669,0.6347939372062683,5,0.1129150390625,Mumbai,Mumbai_r00_c00.tif,2024,2025,LIKELY_NO_CHANGE,SCATTERED_CHANGE,False,No supported change interval,0,NO_SIGNIFICANT_CHANGE,LOW_PRIORITY_REVIEW,0.000152587890625,7.62939453125e-05,0.0086212158203125,0.0045013427734375,1.0,1.0,0.030642969502666775,False,-0.18600375950336456,0.12374953925609589,0.04064679145812988,1.4112903225806452,False,NONE_DETECTED,/content/drive/MyDrive/satellite_change_detection/masks/Mumbai/Mumbai_r00_c00_2024_2025.png,UNKNOWN,0.022,Mumbai_r00_c00,19.155926942377565,72.79152339045825
0.396728515625,0.32149603962898254,0.5483052730560303,6,0.1556396484375,Mumbai,Mumbai_r00_c00.tif,2025,2026,LIKELY_NO_CHANGE,SCATTERED_CHANGE,False,No supported change interval,0,NO_SIGNIFICANT_CHANGE,LOW_PRIORITY_REVIEW,7.62939453125e-05,0.0001220703125,0.0045013427734375,0.000640869140625,1.0,1.0,0.019134295470083572,False,-0.020568937063217163,0.011844992637634277,-0.010639816522598267,2.0113636363636362,False,NONE_DETECTED,/content/drive/MyDrive/satellite_change_detection/masks/Mumbai/Mumbai_r00_c00_2025_2026.png,UNKNOWN,0.029,Mumbai_r00_c00,19.155926942377565,72.79152339045825
1.62506103515625,0.25985288619995117,0.4588843882083893,7,0.46844482421875,Mumbai,Mumbai_r00_c01.tif,2020,2021,LOW_PRIORITY_REVIEW,SCATTERED_CHANGE,False,2020 -> 2023,3,PERSISTENT_CHANGE_SIGNAL,TEMPORAL_ONLY_EVIDENCE,4.57763671875e-05,0.0,0.128265380859375,0.133209228515625,1.0,1.0,0.04243518533464596,False,-0.0810316652059555,0.05917659401893616,0.033147335052490234,1.5970149253731343,False,NONE_DETECTED,/content/drive/MyDrive/satellite_change_detection/masks/Mumbai/Mumbai_r00_c01_2020_2021.png,UNKNOWN,0.225,Mumbai_r00_c01,19.15621789297749,72.81585126267986
1.5655517578125,0.3242996633052826,0.7184133529663086,7,0.50201416015625,Mumbai,Mumbai_r00_c01.tif,2021,2022,LOW_PRIORITY_REVIEW,SCATTERED_CHANGE,False,2020 -> 2023,3,PERSISTENT_CHANGE_SIGNAL,TEMPORAL_ONLY_EVIDENCE,0.0,4.57763671875e-05,0.133209228515625,0.1736602783203125,1.0,1.0,0.08878480656945623,False,0.09372919797897339,-0.07798507809638977,-0.001941978931427002,1.3580246913580247,False,SHADOW,/content/drive/MyDrive/satellite_change_detection/masks/Mumbai/Mumbai_r00_c01_2021_2022.png,UNKNOWN,0.208,Mumbai_r00_c01,19.15621789297749,72.81585126267986
1.84783935546875,0.2864743769168854,0.7735339403152466,12,0.47760009765625,Mumbai,Mumbai_r00_c01.tif,2022,2023,LOW_PRIORITY_REVIEW,SCATTERED_CHANGE,False,2020 -> 2023,3,PERSISTENT_CHANGE_SIGNAL,TEMPORAL_ONLY_EVIDENCE,4.57763671875e-05,1.52587890625e-05,0.1736602783203125,0.2140960693359375,1.0,1.0,0.06793640253212219,False,0.08605577051639557,0.04569745063781738,-0.16306596994400024,1.2087912087912087,False,SHADOW,/content/drive/MyDrive/satellite_change_detection/masks/Mumbai/Mumbai_r00_c01_2022_2023.png,UNKNOWN,0.238,Mumbai_r00_c01,19.15621789297749,72.81585126267986
2.01873779296875,0.29362815618515015,0.7407182455062866,8,0.56915283203125,Mumbai,Mumbai_r00_c01.tif,2023,2024,LOW_PRIORITY_REVIEW,SCATTERED_CHANGE,True,2020 -> 2023,3,PERSISTENT_CHANGE_SIGNAL,TEMPORAL_ONLY_EVIDENCE,1.52587890625e-05,0.0,0.2140960693359375,0.0037078857421875,1.0,1.0,0.15341469184665033,False,-0.10550135374069214,0.07165725529193878,0.006799489259719849,1.14,False,SHADOW,/content/drive/MyDrive/satellite_change_detection/masks/Mumbai/Mumbai_r00_c01_2023_2024.png,UNKNOWN,0.263,Mumbai_r00_c01,19.15621789297749,72.81585126267986
8.42742919921875,0.3529886305332184,0.9020542502403259,8,7.17315673828125,Mumbai,Mumbai_r00_c01.tif,2024,2025,MODERATE_STRUCTURED_CHANGE,MODERATELY_CONNECTED,True,2020 -> 2023,3,PERSISTENT_CHANGE_SIGNAL,MODERATE_EVIDENCE,0.0,0.0,0.0037078857421875,0.0045623779296875,1.0,1.0,0.0888521906175927,False,0.01117350161075592,-0.04142830893397331,0.017062336206436157,1.0865800865800865,False,NONE_DETECTED,/content/drive/MyDrive/satellite_change_detection/masks/Mumbai/Mumbai_r00_c01_2024_2025.png,UNKNOWN,0.906,Mumbai_r00_c01,19.15621789297749,72.81585126267986
9.7381591796875,0.4462534189224243,0.9400920867919922,5,9.37347412109375,Mumbai,Mumbai_r00_c01.tif,2025,2026,MODERATE_STRUCTURED_CHANGE,MODERATELY_CONNECTED,True,2020 -> 2023,3,PERSISTENT_CHANGE_SIGNAL,MODERATE_EVIDENCE,0.0,1.52587890625e-05,0.0045623779296875,0.0001220703125,1.0,1.0,0.058626004838509556,False,-0.09044569730758667,0.03747583553195,0.01962420344352722,1.4065934065934067,False,NONE_DETECTED,/content/drive/MyDrive/satellite_change_detection/masks/Mumbai/Mumbai_r00_c01_2025_2026.png,UNKNOWN,0.984,Mumbai_r00_c01,19.15621789297749,72.81585126267986
0.9552001953125,0.28559207916259766,0.49480491876602173,1,0.9552001953125,Mumbai,Mumbai_r00_c02.tif,2020,2021,LIKELY_NO_CHANGE,SCATTERED_CHANGE,False,2020 -> 2026,1,SINGLE_INTERVAL_CHANGE,LOW_PRIORITY_REVIEW,0.000823974609375,0.00054931640625,0.0222015380859375,0.017120361328125,1.0,1.0,0.01105644370381609,False,-0.07264518737792969,0.0857948511838913,0.01654273271560669,3.0,False,NONE_DETECTED,/content/drive/MyDrive/satellite_change_detection/masks/Mumbai/Mumbai_r00_c02_2020_2021.png,UNKNOWN,0.092,Mumbai_r00_c02,19.1565056264802,72.84017957341165
0.2227783203125,0.3425340950489044,0.6981867551803589,3,0.09613037109375,Mumbai,Mumbai_r00_c02.tif,2021,2022,LIKELY_NO_CHANGE,SCATTERED_CHANGE,False,2020 -> 2026,1,SINGLE_INTERVAL_CHANGE,LOW_PRIORITY_REVIEW,0.00054931640625,0.00079345703125,0.017120361328125,0.0373077392578125,1.0,1.0,0.05407785278395527,False,0.011722952127456665,0.0008444637060165405,-0.011081188917160034,1.5571428571428572,False,NONE_DETECTED,/content/drive/MyDrive/satellite_change_detection/masks/Mumbai/Mumbai_r00_c02_2021_2022.png,UNKNOWN,0.022,Mumbai_r00_c02,19.1565056264802,72.84017957341165
0.3326416015625,0.3107025921344757,0.584648072719574,6,0.10833740234375,Mumbai,Mumbai_r00_c02.tif,2022,2023,LIKELY_NO_CHANGE,SCATTERED_CHANGE,False,2020 -> 2026,1,SINGLE_INTERVAL_CHANGE,LOW_PRIORITY_REVIEW,0.00079345703125,0.0004119873046875,0.0373077392578125,0.03582763671875,1.0,1.0,0.035787600505147454,False,-0.10688026249408722,0.007369175553321838,0.06010064482688904,1.9140625,False,NONE_DETECTED,/content/drive/MyDrive/satellite_change_detection/masks/Mumbai/Mumbai_r00_c02_2022_2023.png,UNKNOWN,0.032,Mumbai_r00_c02,19.1565056264802,72.84017957341165
0.31585693359375,0.3396562933921814,0.6694363355636597,5,0.0885009765625,Mumbai,Mumbai_r00_c02.tif,2023,2024,LIKELY_NO_CHANGE,SCATTERED_CHANGE,False,2020 -> 2026,1,SINGLE_INTERVAL_CHANGE,LOW_PRIORITY_REVIEW,0.0004119873046875,0.0007476806640625,0.03582763671875,0.0036163330078125,1.0,1.0,0.11722237021219511,False,-0.08699940890073776,0.036642443388700485,0.080345019698143,2.028169014084507,False,NONE_DETECTED,/content/drive/MyDrive/satellite_change_detection/masks/Mumbai/Mumbai_r00_c02_2023_2024.png,UNKNOWN,0.031,Mumbai_r00_c02,19.1565056264802,72.84017957341165
0.13885498046875,0.2846233546733856,0.49676477909088135,3,0.054931640625,Mumbai,Mumbai_r00_c02.tif,2024,2025,LIKELY_NO_CHANGE,SCATTERED_CHANGE,False,2020 -> 2026,1,SINGLE_INTERVAL_CHANGE,LOW_PRIORITY_REVIEW,0.0007476806640625,0.00048828125,0.0036163330078125,0.0061492919921875,1.0,1.0,0.04293551716529807,False,-0.027044259011745453,-0.010409597307443619,0.030677199363708496,5.0606060606060606,False,NONE_DETECTED,/content/drive/MyDrive/satellite_change_detection/masks/Mumbai/Mumbai_r00_c02_2024_2025.png,UNKNOWN,0.013,Mumbai_r00_c02,19.1565056264802,72.84017957341165
1.71356201171875,0.4181235432624817,0.7980251908302307,4,1.57623291015625,Mumbai,Mumbai_r00_c02.tif,2025,2026,REVIEW_REQUIRED,SCATTERED_CHANGE,False,2020 -> 2026,1,SINGLE_INTERVAL_CHANGE,REVIEW_REQUIRED,0.00048828125,0.0004119873046875,0.0061492919921875,0.001068115234375,1.0,1.0,0.04596625825172427,False,-0.12989774346351624,-0.005151405930519104,0.1257789433002472,1.4545454545454546,False,NONE_DETECTED,/content/drive/MyDrive/satellite_change_detection/masks/Mumbai/Mumbai_r00_c02_2025_2026.png,UNKNOWN,0.191,Mumbai_r00_c02,19.1565056264802,72.84017957341165
0.2410888671875,0.35861289501190186,0.6034693121910095,3,0.1007080078125,Mumbai,Mumbai_r00_c03.tif,2020,2021,LIKELY_NO_CHANGE,SCATTERED_CHANGE,False,No supported change interval,0,NO_SIGNIFICANT_CHANGE,LOW_PRIORITY_REVIEW,0.001617431640625,0.0008544921875,0.0124969482421875,0.0113067626953125,1.0,1.0,0.05118437167352052,False,0.025037266314029694,0.026479829102754593,-0.03769168257713318,1.1758241758241759,False,NONE_DETECTED,/content/drive/MyDrive/satellite_change_detection/masks/Mumbai/Mumbai_r00_c03_2020_2021.png,UNKNOWN,0.018,Mumbai_r00_c03,19.156790142637558,72.86450831778126
0.25787353515625,0.2925274074077606,0.5774673819541931,3,0.1434326171875,Mumbai,Mumbai_r00_c03.tif,2021,2022,LIKELY_NO_CHANGE,SCATTERED_CHANGE,False,No supported change interval,0,NO_SIGNIFICANT_CHANGE,LOW_PRIORITY_REVIEW,0.0008544921875,0.0019073486328125,0.0113067626953125,0.0528106689453125,1.0,1.0,0.05815438496990547,False,-0.08717994391918182,-0.015355601906776428,0.07159695029258728,1.903225806451613,False,NONE_DETECTED,/content/drive/MyDrive/satellite_change_detection/masks/Mumbai/Mumbai_r00_c03_2021_2022.png,UNKNOWN,0.018,Mumbai_r00_c03,19.156790142637558,72.86450831778126
0.21209716796875,0.23472291231155396,0.3742430806159973,2,0.1495361328125,Mumbai,Mumbai_r00_c03.tif,2022,2023,LIKELY_NO_CHANGE,SCATTERED_CHANGE,False,No supported change interval,0,NO_SIGNIFICANT_CHANGE,LOW_PRIORITY_REVIEW,0.0019073486328125,0.0012664794921875,0.0528106689453125,0.0555419921875,1.0,1.0,0.0962702583647519,False,0.044135741889476776,-0.027385495603084564,-0.023740917444229126,1.6595744680851063,False,NONE_DETECTED,/content/drive/MyDrive/satellite_change_detection/masks/Mumbai/Mumbai_r00_c03_2022_2023.png,UNKNOWN,0.014,Mumbai_r00_c03,19.156790142637558,72.86450831778126
0.5340576171875,0.3105599880218506,0.6153444647789001,6,0.2471923828125,Mumbai,Mumbai_r00_c03.tif,2023,2024,LIKELY_NO_CHANGE,SCATTERED_CHANGE,False,No supported change interval,0,NO_SIGNIFICANT_CHANGE,LOW_PRIORITY_REVIEW,0.0012664794921875,0.000732421875,0.0555419921875,4.57763671875e-05,1.0,1.0,0.08650745926857173,False,-0.05428330600261688,-0.001998409628868103,0.0891137421131134,1.6984126984126984,False,NONE_DETECTED,/content/drive/MyDrive/satellite_change_detection/masks/Mumbai/Mumbai_r00_c03_2023_2024.png,UNKNOWN,0.039,Mumbai_r00_c03,19.156790142637558,72.86450831778126
0.33721923828125,0.397021621465683,0.7435574531555176,1,0.33721923828125,Mumbai,Mumbai_r00_c03.tif,2024,2025,LIKELY_NO_CHANGE,SCATTERED_CHANGE,False,No supported change interval,0,NO_SIGNIFICANT_CHANGE,LOW_PRIORITY_REVIEW,0.000732421875,0.0005340576171875,4.57763671875e-05,0.00079345703125,1.0,1.0,0.061095159978633504,False,-0.043591007590293884,0.09871520102024078,-0.04864160716533661,1.3846153846153846,False,NONE_DETECTED,/content/drive/MyDrive/satellite_change_detection/masks/Mumbai/Mumbai_r00_c03_2024_2025.png,UNKNOWN,0.027,Mumbai_r00_c03,19.156790142637558,72.86450831778126
0.23651123046875,0.301254004240036,0.5623209476470947,2,0.1983642578125,Mumbai,Mumbai_r00_c03.tif,2025,2026,LIKELY_NO_CHANGE,SCATTERED_CHANGE,False,No supported change interval,0,NO_SIGNIFICANT_CHANGE,LOW_PRIORITY_REVIEW,0.0005340576171875,0.0004730224609375,0.00079345703125,0.0002899169921875,1.0,1.0,0.033121504102737905,False,-0.14077600836753845,0.0838717669248581,0.019281089305877686,4.230769230769231,False,NONE_DETECTED,/content/drive/MyDrive/satellite_change_detection/masks/Mumbai/Mumbai_r00_c03_2025_2026.png,UNKNOWN,0.017,Mumbai_r00_c03,19.156790142637558,72.86450831778126
0.87127685546875,0.3016996383666992,0.6235414743423462,4,0.72479248046875,Mumbai,Mumbai_r00_c04.tif,2020,2021,LIKELY_NO_CHANGE,SCATTERED_CHANGE,False,No supported change interval,0,NO_SIGNIFICANT_CHANGE,LOW_PRIORITY_REVIEW,0.00042724609375,1.52587890625e-05,0.003143310546875,0.000823974609375,1.0,1.0,0.028665640376576262,False,0.12780022621154785,0.011692896485328674,-0.08145201206207275,1.8214285714285714,False,NONE_DETECTED,/content/drive/MyDrive/satellite_change_detection/masks/Mumbai/Mumbai_r00_c04_2020_2021.png,UNKNOWN,0.064,Mumbai_r00_c04,19.1570714412042,72.88883749091585
0.62255859375,0.39026373624801636,0.7817709445953369,7,0.2777099609375,Mumbai,Mumbai_r00_c04.tif,2021,2022,LIKELY_NO_CHANGE,SCATTERED_CHANGE,False,No supported change interval,0,NO_SIGNIFICANT_CHANGE,LOW_PRIORITY_REVIEW,1.52587890625e-05,0.000274658203125,0.000823974609375,0.0082550048828125,1.0,1.0,0.016450948350001403,False,-0.12201869487762451,0.007661163806915283,0.08964306116104126,1.928,False,NONE_DETECTED,/content/drive/MyDrive/satellite_change_detection/masks/Mumbai/Mumbai_r00_c04_2021_2022.png,UNKNOWN,0.05,Mumbai_r00_c04,19.1570714412042,72.88883749091585
0.58441162109375,0.31697168946266174,0.5190468430519104,5,0.3387451171875,Mumbai,Mumbai_r00_c04.tif,2022,2023,LIKELY_NO_CHANGE,SCATTERED_CHANGE,False,No supported change interval,0,NO_SIGNIFICANT_CHANGE,LOW_PRIORITY_REVIEW,0.000274658203125,0.0003509521484375,0.0082550048828125,0.00634765625,1.0,1.0,0.1133528674394704,False,-0.028026193380355835,-0.06476198136806488,0.04033249616622925,1.34375,False,NONE_DETECTED,/content/drive/MyDrive/satellite_change_detection/masks/Mumbai/Mumbai_r00_c04_2022_2023.png,UNKNOWN,0.043,Mumbai_r00_c04,19.1570714412042,72.88883749091585
0.0701904296875,0.32399678230285645,0.5485098958015442,1,0.0701904296875,Mumbai,Mumbai_r00_c04.tif,2023,2024,LIKELY_NO_CHANGE,SCATTERED_CHANGE,False,No supported change interval,0,NO_SIGNIFICANT_CHANGE,LOW_PRIORITY_REVIEW,0.0003509521484375,0.0005035400390625,0.00634765625,0.0,1.0,1.0,0.07764290835128562,False,0.10681349039077759,0.022832302376627922,-0.07433459162712097,1.3333333333333333,False,NONE_DETECTED,/content/drive/MyDrive/satellite_change_detection/masks/Mumbai/Mumbai_r00_c04_2023_2024.png,UNKNOWN,0.005,Mumbai_r00_c04,19.1570714412042,72.88883749091585
0.4547119140625,0.33355996012687683,0.7117577195167542,3,0.18463134765625,Mumbai,Mumbai_r00_c04.tif,2024,2025,LIKELY_NO_CHANGE,SCATTERED_CHANGE,False,No supported change interval,0,NO_SIGNIFICANT_CHANGE,LOW_PRIORITY_REVIEW,0.0005035400390625,0.0001068115234375,0.0,6.103515625e-05,1.0,1.0,0.07681239947676621,False,-0.07982779294252396,-0.03282669186592102,0.06722292304039001,1.425,False,NONE_DETECTED,/content/drive/MyDrive/satellite_change_detection/masks/Mumbai/Mumbai_r00_c04_2024_2025.png,UNKNOWN,0.034,Mumbai_r00_c04,19.1570714412042,72.88883749091585
0.79803466796875,0.36369290947914124,0.7944612503051758,9,0.19683837890625,Mumbai,Mumbai_r00_c04.tif,2025,2026,LIKELY_NO_CHANGE,SCATTERED_CHANGE,False,No supported change interval,0,NO_SIGNIFICANT_CHANGE,LOW_PRIORITY_REVIEW,0.0001068115234375,0.001312255859375,6.103515625e-05,0.0,1.0,1.0,0.048390531672828446,False,-0.23873651027679443,0.07356911152601242,0.14448246359825134,1.3254437869822486,False,NONE_DETECTED,/content/drive/MyDrive/satellite_change_detection/masks/Mumbai/Mumbai_r00_c04_2025_2026.png,UNKNOWN,0.062,Mumbai_r00_c04,19.1570714412042,72.88883749091585
0.0,0.0,0.0,0,0.0,Mumbai,Mumbai_r00_c05.tif,2020,2021,LIKELY_NO_CHANGE,SCATTERED_CHANGE,False,No supported change interval,0,NO_SIGNIFICANT_CHANGE,LOW_PRIORITY_REVIEW,0.0,0.0,0.00042724609375,0.0,1.0,1.0,0.05680821428856016,False,0.0,0.0,0.0,1.0,False,NONE_DETECTED,/content/drive/MyDrive/satellite_change_detection/masks/Mumbai/Mumbai_r00_c05_2020_2021.png,UNKNOWN,0.0,Mumbai_r00_c05,19.157349521937537,72.91316708794206
0.66986083984375,0.2609812617301941,0.5158786177635193,6,0.28228759765625,Mumbai,Mumbai_r00_c05.tif,2021,2022,LIKELY_NO_CHANGE,SCATTERED_CHANGE,False,No supported change interval,0,NO_SIGNIFICANT_CHANGE,LOW_PRIORITY_REVIEW,0.0,0.0,0.0,0.0002899169921875,1.0,1.0,0.16515920203575213,False,0.2691822648048401,0.01484169065952301,-0.33920711278915405,1.024390243902439,True,SEASONAL_VARIATION_LIKELY,/content/drive/MyDrive/satellite_change_detection/masks/Mumbai/Mumbai_r00_c05_2021_2022.png,UNKNOWN,0.037,Mumbai_r00_c05,19.157349521937537,72.91316708794206
0.11444091796875,0.24497535824775696,0.38448116183280945,1,0.11444091796875,Mumbai,Mumbai_r00_c05.tif,2022,2023,LIKELY_NO_CHANGE,SCATTERED_CHANGE,False,No supported change interval,0,NO_SIGNIFICANT_CHANGE,LOW_PRIORITY_REVIEW,0.0,0.0,0.0002899169921875,0.00115966796875,1.0,1.0,0.08455005207653093,False,-0.230442613363266,-0.019624516367912292,0.30710339546203613,3.0,True,SEASONAL_VARIATION_LIKELY,/content/drive/MyDrive/satellite_change_detection/masks/Mumbai/Mumbai_r00_c05_2022_2023.png,UNKNOWN,0.006,Mumbai_r00_c05,19.157349521937537,72.91316708794206
0.08544921875,0.24428077042102814,0.3668997287750244,1,0.08544921875,Mumbai,Mumbai_r00_c05.tif,2023,2024,LIKELY_NO_CHANGE,SCATTERED_CHANGE,False,No supported change interval,0,NO_SIGNIFICANT_CHANGE,LOW_PRIORITY_REVIEW,0.0,0.0,0.00115966796875,0.0,1.0,1.0,0.09281776214276911,False,-0.1398247480392456,-0.16539323329925537,0.26137542724609375,1.8333333333333333,False,NONE_DETECTED,/content/drive/MyDrive/satellite_change_detection/masks/Mumbai/Mumbai_r00_c05_2023_2024.png,UNKNOWN,0.006,Mumbai_r00_c05,19.157349521937537,72.91316708794206
0.0,0.0,0.0,0,0.0,Mumbai,Mumbai_r00_c05.tif,2024,2025,LIKELY_NO_CHANGE,SCATTERED_CHANGE,False,No supported change interval,0,NO_SIGNIFICANT_CHANGE,LOW_PRIORITY_REVIEW,0.0,0.0001220703125,0.0,0.025238037109375,1.0,1.0,0.05846434772432709,False,0.0,0.0,0.0,1.0,False,NONE_DETECTED,/content/drive/MyDrive/satellite_change_detection/masks/Mumbai/Mumbai_r00_c05_2024_2025.png,UNKNOWN,0.0,Mumbai_r00_c05,19.157349521937537,72.91316708794206
0.079345703125,0.6113928556442261,0.7976168394088745,1,0.079345703125,Mumbai,Mumbai_r00_c05.tif,2025,2026,LIKELY_NO_CHANGE,SCATTERED_CHANGE,False,No supported change interval,0,NO_SIGNIFICANT_CHANGE,LOW_PRIORITY_REVIEW,0.0001220703125,0.0,0.025238037109375,0.0,1.0,1.0,0.08104139347344405,False,0.21271619200706482,0.005977272987365723,-0.36068180203437805,1.1428571428571428,True,SEASONAL_VARIATION_LIKELY,/content/drive/MyDrive/satellite_change_detection/masks/Mumbai/Mumbai_r00_c05_2025_2026.png,UNKNOWN,0.005,Mumbai_r00_c05,19.157349521937537,72.91316708794206
0.22125244140625,0.30560022592544556,0.5231313705444336,3,0.10223388671875,Mumbai,Mumbai_r00_c06.tif,2020,2021,LIKELY_NO_CHANGE,SCATTERED_CHANGE,False,2020 -> 2024,3,PERSISTENT_CHANGE_SIGNAL,TEMPORAL_ONLY_EVIDENCE,9.1552734375e-05,4.57763671875e-05,0.0001678466796875,3.0517578125e-05,1.0,1.0,0.04683704199763262,False,0.08323338627815247,0.008845195174217224,-0.0357913076877594,1.16875,False,NONE_DETECTED,/content/drive/MyDrive/satellite_change_detection/masks/Mumbai/Mumbai_r00_c06_2020_2021.png,UNKNOWN,0.031,Mumbai_r00_c06,19.157624384597742,72.93749710398606
0.372314453125,0.3508705496788025,0.9142627716064453,4,0.1495361328125,Mumbai,Mumbai_r00_c06.tif,2021,2022,LIKELY_NO_CHANGE,SCATTERED_CHANGE,False,2020 -> 2024,3,PERSISTENT_CHANGE_SIGNAL,TEMPORAL_ONLY_EVIDENCE,4.57763671875e-05,0.0001678466796875,3.0517578125e-05,0.0020904541015625,1.0,1.0,0.09649365059395945,False,-0.06261910498142242,-0.040004879236221313,0.08060771226882935,2.188679245283019,False,NONE_DETECTED,/content/drive/MyDrive/satellite_change_detection/masks/Mumbai/Mumbai_r00_c06_2021_2022.png,UNKNOWN,0.054,Mumbai_r00_c06,19.157624384597742,72.93749710398606
0.286865234375,0.3437846601009369,0.9739401340484619,5,0.09613037109375,Mumbai,Mumbai_r00_c06.tif,2022,2023,LIKELY_NO_CHANGE,SCATTERED_CHANGE,False,2020 -> 2024,3,PERSISTENT_CHANGE_SIGNAL,TEMPORAL_ONLY_EVIDENCE,0.0001678466796875,1.52587890625e-05,0.0020904541015625,0.0003204345703125,1.0,1.0,0.04540084877247,False,-0.052206024527549744,-0.027518484741449356,0.09078794717788696,1.2108843537414966,False,NONE_DETECTED,/content/drive/MyDrive/satellite_change_detection/masks/Mumbai/Mumbai_r00_c06_2022_2023.png,UNKNOWN,0.042,Mumbai_r00_c06,19.157624384597742,72.93749710398606
0.714111328125,0.32444965839385986,0.6234846115112305,5,0.36468505859375,Mumbai,Mumbai_r00_c06.tif,2023,2024,LIKELY_NO_CHANGE,SCATTERED_CHANGE,False,2020 -> 2024,3,PERSISTENT_CHANGE_SIGNAL,TEMPORAL_ONLY_EVIDENCE,1.52587890625e-05,0.0008544921875,0.0003204345703125,0.0,1.0,1.0,0.08934296313235952,False,-0.11348529160022736,0.059292424470186234,0.09620088338851929,1.146788990825688,False,NONE_DETECTED,/content/drive/MyDrive/satellite_change_detection/masks/Mumbai/Mumbai_r00_c06_2023_2024.png,UNKNOWN,0.103,Mumbai_r00_c06,19.157624384597742,72.93749710398606
0.3265380859375,0.2806291878223419,0.6800510287284851,5,0.13580322265625,Mumbai,Mumbai_r00_c06.tif,2024,2025,LIKELY_NO_CHANGE,SCATTERED_CHANGE,False,2020 -> 2024,3,PERSISTENT_CHANGE_SIGNAL,TEMPORAL_ONLY_EVIDENCE,0.0008544921875,0.0002899169921875,0.0,0.0076751708984375,1.0,1.0,0.07487287504722934,False,-0.09647592902183533,0.0015220101922750473,0.08266273140907288,2.515151515151515,False,NONE_DETECTED,/content/drive/MyDrive/satellite_change_detection/masks/Mumbai/Mumbai_r00_c06_2024_2025.png,UNKNOWN,0.045,Mumbai_r00_c06,19.157624384597742,72.93749710398606
1.36566162109375,0.302358478307724,0.6318597793579102,5,1.043701171875,Mumbai,Mumbai_r00_c06.tif,2025,2026,REVIEW_REQUIRED,SCATTERED_CHANGE,False,2020 -> 2024,3,PERSISTENT_CHANGE_SIGNAL,TEMPORAL_ONLY_EVIDENCE,0.0002899169921875,7.62939453125e-05,0.0076751708984375,3.0517578125e-05,1.0,1.0,0.03847898704089143,False,-0.23785185813903809,0.037005715072155,0.1841849982738495,1.5495495495495495,True,SEASONAL_VARIATION_LIKELY,/content/drive/MyDrive/satellite_change_detection/masks/Mumbai/Mumbai_r00_c06_2025_2026.png,UNKNOWN,0.182,Mumbai_r00_c06,19.157624384597742,72.93749710398606
0.03814697265625,0.31707918643951416,0.41297662258148193,1,0.03814697265625,Mumbai,Mumbai_r00_c07.tif,2020,2021,LIKELY_NO_CHANGE,SCATTERED_CHANGE,False,2020 -> 2023,4,PERSISTENT_CHANGE_SIGNAL,TEMPORAL_ONLY_EVIDENCE,0.0001220703125,0.0,0.0,0.0,1.0,1.0,0.05289200641356156,False,-0.19447115063667297,0.08438552916049957,0.06944838166236877,1.0,False,NONE_DETECTED,/content/drive/MyDrive/satellite_change_detection/masks/Mumbai/Mumbai_r00_c07_2020_2021.png,VEGETATION_LOSS,0.005,Mumbai_r00_c07,19.157896028947743,72.9618275341736
1.3519287109375,0.3182050585746765,0.8167610764503479,11,0.3692626953125,Mumbai,Mumbai_r00_c07.tif,2021,2022,LOW_PRIORITY_REVIEW,SCATTERED_CHANGE,False,2020 -> 2023,4,PERSISTENT_CHANGE_SIGNAL,TEMPORAL_ONLY_EVIDENCE,0.0,0.0,0.0,0.0,1.0,1.0,0.15177343549530042,False,0.10665251314640045,0.008772775530815125,-0.06214315444231033,1.6382978723404256,False,NONE_DETECTED,/content/drive/MyDrive/satellite_change_detection/masks/Mumbai/Mumbai_r00_c07_2021_2022.png,UNKNOWN,0.194,Mumbai_r00_c07,19.157896028947743,72.9618275341736
1.7669677734375,0.3362762928009033,0.6553187966346741,10,0.75836181640625,Mumbai,Mumbai_r00_c07.tif,2022,2023,LOW_PRIORITY_REVIEW,SCATTERED_CHANGE,False,2020 -> 2023,4,PERSISTENT_CHANGE_SIGNAL,TEMPORAL_ONLY_EVIDENCE,0.0,0.0,0.0,6.103515625e-05,1.0,1.0,0.06543871470476458,False,-0.12113858759403229,0.17768508195877075,-0.1318543702363968,1.4085365853658536,False,NONE_DETECTED,/content/drive/MyDrive/satellite_change_detection/masks/Mumbai/Mumbai_r00_c07_2022_2023.png,CONSTRUCTION,0.26,Mumbai_r00_c07,19.157896028947743,72.9618275341736
3.18603515625,0.3088759481906891,0.7791541814804077,7,1.00860595703125,Mumbai,Mumbai_r00_c07.tif,2023,2024,REVIEW_REQUIRED,SCATTERED_CHANGE,True,2020 -> 2023,4,PERSISTENT_CHANGE_SIGNAL,TEMPORAL_ONLY_EVIDENCE,0.0,0.0,6.103515625e-05,0.0,1.0,1.0,0.12475784148889649,False,-0.09042699635028839,0.03153641149401665,0.059403665363788605,1.0,False,NONE_DETECTED,/content/drive/MyDrive/satellite_change_detection/masks/Mumbai/Mumbai_r00_c07_2023_2024.png,UNKNOWN,0.465,Mumbai_r00_c07,19.157896028947743,72.9618275341736
4.70428466796875,0.3613201379776001,0.7970001697540283,12,2.05535888671875,Mumbai,Mumbai_r00_c07.tif,2024,2025,REVIEW_REQUIRED,MODERATELY_CONNECTED,True,2020 -> 2023,4,PERSISTENT_CHANGE_SIGNAL,MODERATE_EVIDENCE,0.0,0.0,0.0,0.0008544921875,1.0,1.0,0.04874322444107832,False,0.013930156826972961,0.2912832200527191,-0.36502039432525635,1.396551724137931,False,NONE_DETECTED,/content/drive/MyDrive/satellite_change_detection/masks/Mumbai/Mumbai_r00_c07_2024_2025.png,WATER,0.736,Mumbai_r00_c07,19.157896028947743,72.9618275341736
6.8817138671875,0.31333428621292114,0.7810842990875244,11,3.09295654296875,Mumbai,Mumbai_r00_c07.tif,2025,2026,REVIEW_REQUIRED,MODERATELY_CONNECTED,True,2020 -> 2023,4,PERSISTENT_CHANGE_SIGNAL,MODERATE_EVIDENCE,0.0,0.0,0.0008544921875,0.0,1.0,1.0,0.07776793730637906,False,-0.08268986642360687,0.014711931347846985,0.05705028027296066,1.2058823529411764,False,NONE_DETECTED,/content/drive/MyDrive/satellite_change_detection/masks/Mumbai/Mumbai_r00_c07_2025_2026.png,UNKNOWN,0.784,Mumbai_r00_c07,19.157896028947743,72.9618275341736
0.25177001953125,0.29129353165626526,0.4766941964626312,4,0.0762939453125,Mumbai,Mumbai_r01_c00.tif,2020,2021,LIKELY_NO_CHANGE,SCATTERED_CHANGE,False,No supported change interval,0,NO_SIGNIFICANT_CHANGE,LOW_PRIORITY_REVIEW,0.0001068115234375,7.62939453125e-05,0.0,6.103515625e-05,1.0,1.0,0.06068798140251463,False,-0.018371179699897766,-0.03667508438229561,0.029797345399856567,1.0085470085470085,False,NONE_DETECTED,/content/drive/MyDrive/satellite_change_detection/masks/Mumbai/Mumbai_r01_c00_2020_2021.png,UNKNOWN,0.018,Mumbai_r01_c00,19.132808103300533,72.7918310253229
0.24261474609375,0.33912214636802673,0.5793949961662292,2,0.16632080078125,Mumbai,Mumbai_r01_c00.tif,2021,2022,LIKELY_NO_CHANGE,SCATTERED_CHANGE,False,No supported change interval,0,NO_SIGNIFICANT_CHANGE,LOW_PRIORITY_REVIEW,7.62939453125e-05,0.000152587890625,6.103515625e-05,0.0008392333984375,1.0,1.0,0.10120248924192968,False,-0.1639939695596695,-0.07524395734071732,0.26705801486968994,1.5890410958904109,False,NONE_DETECTED,/content/drive/MyDrive/satellite_change_detection/masks/Mumbai/Mumbai_r01_c00_2021_2022.png,UNKNOWN,0.018,Mumbai_r01_c00,19.132808103300533,72.7918310253229
0.244140625,0.30247363448143005,0.5598138570785522,2,0.152587890625,Mumbai,Mumbai_r01_c00.tif,2022,2023,LIKELY_NO_CHANGE,SCATTERED_CHANGE,False,No supported change interval,0,NO_SIGNIFICANT_CHANGE,LOW_PRIORITY_REVIEW,0.000152587890625,3.0517578125e-05,0.0008392333984375,0.0009765625,1.0,1.0,0.11951108831117244,False,0.05797458812594414,0.01929113268852234,-0.16352646052837372,1.328125,False,NONE_DETECTED,/content/drive/MyDrive/satellite_change_detection/masks/Mumbai/Mumbai_r01_c00_2022_2023.png,UNKNOWN,0.017,Mumbai_r01_c00,19.132808103300533,72.7918310253229
0.067138671875,0.29088708758354187,0.43885454535484314,1,0.067138671875,Mumbai,Mumbai_r01_c00.tif,2023,2024,LIKELY_NO_CHANGE,SCATTERED_CHANGE,False,No supported change interval,0,NO_SIGNIFICANT_CHANGE,LOW_PRIORITY_REVIEW,3.0517578125e-05,1.52587890625e-05,0.0009765625,0.0,1.0,1.0,0.0992823572014681,False,0.13673846423625946,-0.06605604290962219,-0.002830326557159424,2.0,False,NONE_DETECTED,/content/drive/MyDrive/satellite_change_detection/masks/Mumbai/Mumbai_r01_c00_2023_2024.png,UNKNOWN,0.005,Mumbai_r01_c00,19.132808103300533,72.7918310253229
0.0,0.0,0.0,0,0.0,Mumbai,Mumbai_r01_c00.tif,2024,2025,LIKELY_NO_CHANGE,SCATTERED_CHANGE,False,No supported change interval,0,NO_SIGNIFICANT_CHANGE,LOW_PRIORITY_REVIEW,1.52587890625e-05,1.52587890625e-05,0.0,0.0,1.0,1.0,0.11413578898640936,False,0.0,0.0,0.0,1.0,False,NONE_DETECTED,/content/drive/MyDrive/satellite_change_detection/masks/Mumbai/Mumbai_r01_c00_2024_2025.png,UNKNOWN,0.0,Mumbai_r01_c00,19.132808103300533,72.7918310253229
0.0,0.0,0.0,0,0.0,Mumbai,Mumbai_r01_c00.tif,2025,2026,LIKELY_NO_CHANGE,SCATTERED_CHANGE,False,No supported change interval,0,NO_SIGNIFICANT_CHANGE,LOW_PRIORITY_REVIEW,1.52587890625e-05,0.0,0.0,0.0,1.0,1.0,0.05774646488295909,False,0.0,0.0,0.0,1.0,False,NONE_DETECTED,/content/drive/MyDrive/satellite_change_detection/masks/Mumbai/Mumbai_r01_c00_2025_2026.png,UNKNOWN,0.0,Mumbai_r01_c00,19.132808103300533,72.7918310253229
0.286865234375,0.24238237738609314,0.41717150807380676,2,0.24871826171875,Mumbai,Mumbai_r01_c01.tif,2020,2021,LIKELY_NO_CHANGE,SCATTERED_CHANGE,False,No supported change interval,0,NO_SIGNIFICANT_CHANGE,LOW_PRIORITY_REVIEW,0.000640869140625,0.0003662109375,0.0051422119140625,0.0164337158203125,1.0,1.0,0.021066643558084998,False,0.19546224176883698,-0.01876934990286827,-0.13696271181106567,1.3666666666666667,True,SEASONAL_VARIATION_LIKELY,/content/drive/MyDrive/satellite_change_detection/masks/Mumbai/Mumbai_r01_c01_2020_2021.png,UNKNOWN,0.015,Mumbai_r01_c01,19.13309867618552,72.8161555153409
0.0,0.0,0.0,0,0.0,Mumbai,Mumbai_r01_c01.tif,2021,2022,LIKELY_NO_CHANGE,SCATTERED_CHANGE,False,No supported change interval,0,NO_SIGNIFICANT_CHANGE,LOW_PRIORITY_REVIEW,0.0003662109375,0.0008392333984375,0.0164337158203125,0.0295257568359375,1.0,1.0,0.05992252630626402,False,0.0,0.0,0.0,1.0,False,NONE_DETECTED,/content/drive/MyDrive/satellite_change_detection/masks/Mumbai/Mumbai_r01_c01_2021_2022.png,UNKNOWN,0.0,Mumbai_r01_c01,19.13309867618552,72.8161555153409
0.28228759765625,0.2536136209964752,0.3858783543109894,2,0.164794921875,Mumbai,Mumbai_r01_c01.tif,2022,2023,LIKELY_NO_CHANGE,SCATTERED_CHANGE,False,No supported change interval,0,NO_SIGNIFICANT_CHANGE,LOW_PRIORITY_REVIEW,0.0008392333984375,0.00030517578125,0.0295257568359375,0.035491943359375,1.0,1.0,0.051429965569343025,False,-0.24032728374004364,0.04899567738175392,0.13304418325424194,1.6428571428571428,True,SEASONAL_VARIATION_LIKELY,/content/drive/MyDrive/satellite_change_detection/masks/Mumbai/Mumbai_r01_c01_2022_2023.png,UNKNOWN,0.015,Mumbai_r01_c01,19.13309867618552,72.8161555153409
0.33416748046875,0.24744082987308502,0.5171891450881958,3,0.25787353515625,Mumbai,Mumbai_r01_c01.tif,2023,2024,LIKELY_NO_CHANGE,SCATTERED_CHANGE,False,No supported change interval,0,NO_SIGNIFICANT_CHANGE,LOW_PRIORITY_REVIEW,0.00030517578125,0.0005035400390625,0.035491943359375,0.000152587890625,1.0,1.0,0.06899417846953565,False,0.104927197098732,-0.029422417283058167,-0.03428250551223755,1.4583333333333333,False,NONE_DETECTED,/content/drive/MyDrive/satellite_change_detection/masks/Mumbai/Mumbai_r01_c01_2023_2024.png,UNKNOWN,0.022,Mumbai_r01_c01,19.13309867618552,72.8161555153409
0.0,0.0,0.0,0,0.0,Mumbai,Mumbai_r01_c01.tif,2024,2025,LIKELY_NO_CHANGE,SCATTERED_CHANGE,False,No supported change interval,0,NO_SIGNIFICANT_CHANGE,LOW_PRIORITY_REVIEW,0.0005035400390625,0.000274658203125,0.000152587890625,0.000640869140625,1.0,1.0,0.07108710274853623,False,0.0,0.0,0.0,1.0,False,NONE_DETECTED,/content/drive/MyDrive/satellite_change_detection/masks/Mumbai/Mumbai_r01_c01_2024_2025.png,UNKNOWN,0.0,Mumbai_r01_c01,19.13309867618552,72.8161555153409
0.0,0.0,0.0,0,0.0,Mumbai,Mumbai_r01_c01.tif,2025,2026,LIKELY_NO_CHANGE,SCATTERED_CHANGE,False,No supported change interval,0,NO_SIGNIFICANT_CHANGE,LOW_PRIORITY_REVIEW,0.000274658203125,0.000213623046875,0.000640869140625,3.0517578125e-05,1.0,1.0,0.050110888782835365,False,0.0,0.0,0.0,1.0,False,NONE_DETECTED,/content/drive/MyDrive/satellite_change_detection/masks/Mumbai/Mumbai_r01_c01_2025_2026.png,UNKNOWN,0.0,Mumbai_r01_c01,19.13309867618552,72.8161555153409
0.494384765625,0.26596778631210327,0.8398579359054565,5,0.20751953125,Mumbai,Mumbai_r01_c02.tif,2020,2021,LIKELY_NO_CHANGE,SCATTERED_CHANGE,False,No supported change interval,0,NO_SIGNIFICANT_CHANGE,LOW_PRIORITY_REVIEW,0.0010833740234375,0.000885009765625,0.002532958984375,0.0024566650390625,1.0,1.0,0.006999307016559231,False,0.16498124599456787,-0.05315716192126274,-0.02427104115486145,2.1,False,NONE_DETECTED,/content/drive/MyDrive/satellite_change_detection/masks/Mumbai/Mumbai_r01_c02_2020_2021.png,UNKNOWN,0.033,Mumbai_r01_c02,19.133386036148483,72.84048044358875
0.03814697265625,0.364544153213501,0.5039137005805969,1,0.03814697265625,Mumbai,Mumbai_r01_c02.tif,2021,2022,LIKELY_NO_CHANGE,SCATTERED_CHANGE,False,No supported change interval,0,NO_SIGNIFICANT_CHANGE,LOW_PRIORITY_REVIEW,0.000885009765625,0.001495361328125,0.0024566650390625,0.0055999755859375,1.0,1.0,0.03512072402171826,False,0.034320980310440063,0.07463794946670532,-0.1271723061800003,1.0,False,NONE_DETECTED,/content/drive/MyDrive/satellite_change_detection/masks/Mumbai/Mumbai_r01_c02_2021_2022.png,UNKNOWN,0.003,Mumbai_r01_c02,19.133386036148483,72.84048044358875
0.531005859375,0.3175314962863922,0.9544703960418701,6,0.15411376953125,Mumbai,Mumbai_r01_c02.tif,2022,2023,LIKELY_NO_CHANGE,SCATTERED_CHANGE,False,No supported change interval,0,NO_SIGNIFICANT_CHANGE,LOW_PRIORITY_REVIEW,0.001495361328125,0.001220703125,0.0055999755859375,0.011505126953125,1.0,1.0,0.025243172555025204,False,-0.05420757830142975,-0.015798360109329224,-0.00529363751411438,5.297872340425532,False,NONE_DETECTED,/content/drive/MyDrive/satellite_change_detection/masks/Mumbai/Mumbai_r01_c02_2022_2023.png,UNKNOWN,0.039,Mumbai_r01_c02,19.133386036148483,72.84048044358875
0.18310546875,0.3559757471084595,0.6401616334915161,4,0.05340576171875,Mumbai,Mumbai_r01_c02.tif,2023,2024,LIKELY_NO_CHANGE,SCATTERED_CHANGE,False,No supported change interval,0,NO_SIGNIFICANT_CHANGE,LOW_PRIORITY_REVIEW,0.001220703125,0.00091552734375,0.011505126953125,0.0001068115234375,1.0,1.0,0.10473807935668857,False,-0.12827159464359283,-0.01159496046602726,0.16296641528606415,3.32,False,NONE_DETECTED,/content/drive/MyDrive/satellite_change_detection/masks/Mumbai/Mumbai_r01_c02_2023_2024.png,UNKNOWN,0.014,Mumbai_r01_c02,19.133386036148483,72.84048044358875
0.0,0.0,0.0,0,0.0,Mumbai,Mumbai_r01_c02.tif,2024,2025,LIKELY_NO_CHANGE,SCATTERED_CHANGE,False,No supported change interval,0,NO_SIGNIFICANT_CHANGE,LOW_PRIORITY_REVIEW,0.00091552734375,0.0002593994140625,0.0001068115234375,0.0011749267578125,1.0,1.0,0.030177803909174756,False,0.0,0.0,0.0,1.0,False,NONE_DETECTED,/content/drive/MyDrive/satellite_change_detection/masks/Mumbai/Mumbai_r01_c02_2024_2025.png,UNKNOWN,0.0,Mumbai_r01_c02,19.133386036148483,72.84048044358875
0.29754638671875,0.3501228392124176,0.6661794781684875,4,0.1617431640625,Mumbai,Mumbai_r01_c02.tif,2025,2026,LIKELY_NO_CHANGE,SCATTERED_CHANGE,False,No supported change interval,0,NO_SIGNIFICANT_CHANGE,LOW_PRIORITY_REVIEW,0.0002593994140625,0.000701904296875,0.0011749267578125,7.62939453125e-05,1.0,1.0,0.06985262022544161,False,-0.007365457713603973,-0.0018660351634025574,0.04752488434314728,1.8421052631578947,False,NONE_DETECTED,/content/drive/MyDrive/satellite_change_detection/masks/Mumbai/Mumbai_r01_c02_2025_2026.png,UNKNOWN,0.023,Mumbai_r01_c02,19.133386036148483,72.84048044358875
0.06103515625,0.4149109423160553,0.724075198173523,1,0.06103515625,Mumbai,Mumbai_r01_c03.tif,2020,2021,LIKELY_NO_CHANGE,SCATTERED_CHANGE,False,No supported change interval,0,NO_SIGNIFICANT_CHANGE,LOW_PRIORITY_REVIEW,0.0009918212890625,0.0005035400390625,0.0029754638671875,0.003692626953125,1.0,1.0,0.02003944081220039,False,0.2849627435207367,-0.08098644018173218,-0.1492629051208496,1.1666666666666667,False,NONE_DETECTED,/content/drive/MyDrive/satellite_change_detection/masks/Mumbai/Mumbai_r01_c03_2020_2021.png,UNKNOWN,0.005,Mumbai_r01_c03,19.133670182941657,72.86480580519721
0.115966796875,0.4807291030883789,0.8299890756607056,1,0.115966796875,Mumbai,Mumbai_r01_c03.tif,2021,2022,LIKELY_NO_CHANGE,SCATTERED_CHANGE,False,No supported change interval,0,NO_SIGNIFICANT_CHANGE,LOW_PRIORITY_REVIEW,0.0005035400390625,0.00140380859375,0.003692626953125,0.00738525390625,1.0,1.0,0.061283042857556494,False,0.0036457180976867676,0.003944825381040573,0.06321313977241516,1.1111111111111112,False,NONE_DETECTED,/content/drive/MyDrive/satellite_change_detection/masks/Mumbai/Mumbai_r01_c03_2021_2022.png,UNKNOWN,0.009,Mumbai_r01_c03,19.133670182941657,72.86480580519721
0.29449462890625,0.349484384059906,0.7175643444061279,4,0.12969970703125,Mumbai,Mumbai_r01_c03.tif,2022,2023,LIKELY_NO_CHANGE,SCATTERED_CHANGE,False,No supported change interval,0,NO_SIGNIFICANT_CHANGE,LOW_PRIORITY_REVIEW,0.00140380859375,0.0006256103515625,0.00738525390625,0.010894775390625,1.0,1.0,0.0573538068673597,False,-0.23328231275081635,0.04813070222735405,0.11068624258041382,1.6274509803921569,True,SEASONAL_VARIATION_LIKELY,/content/drive/MyDrive/satellite_change_detection/masks/Mumbai/Mumbai_r01_c03_2022_2023.png,UNKNOWN,0.019,Mumbai_r01_c03,19.133670182941657,72.86480580519721
0.03814697265625,0.30523842573165894,0.4205724596977234,1,0.03814697265625,Mumbai,Mumbai_r01_c03.tif,2023,2024,LIKELY_NO_CHANGE,SCATTERED_CHANGE,False,No supported change interval,0,NO_SIGNIFICANT_CHANGE,LOW_PRIORITY_REVIEW,0.0006256103515625,0.000885009765625,0.010894775390625,0.0001220703125,1.0,1.0,0.08594046660562091,False,-0.011608153581619263,0.005796648561954498,0.07411587238311768,1.0,False,NONE_DETECTED,/content/drive/MyDrive/satellite_change_detection/masks/Mumbai/Mumbai_r01_c03_2023_2024.png,UNKNOWN,0.003,Mumbai_r01_c03,19.133670182941657,72.86480580519721
0.6988525390625,0.3736605942249298,0.778167188167572,2,0.59051513671875,Mumbai,Mumbai_r01_c03.tif,2024,2025,LIKELY_NO_CHANGE,SCATTERED_CHANGE,False,No supported change interval,0,NO_SIGNIFICANT_CHANGE,LOW_PRIORITY_REVIEW,0.000885009765625,0.0005035400390625,0.0001220703125,0.001068115234375,1.0,1.0,0.02176154935350603,False,-0.19406428933143616,0.009232476353645325,0.12227189540863037,4.5588235294117645,True,SEASONAL_VARIATION_LIKELY,/content/drive/MyDrive/satellite_change_detection/masks/Mumbai/Mumbai_r01_c03_2024_2025.png,UNKNOWN,0.048,Mumbai_r01_c03,19.133670182941657,72.86480580519721
0.12054443359375,0.4205740988254547,0.9600781798362732,2,0.07476806640625,Mumbai,Mumbai_r01_c03.tif,2025,2026,LIKELY_NO_CHANGE,SCATTERED_CHANGE,False,No supported change interval,0,NO_SIGNIFICANT_CHANGE,LOW_PRIORITY_REVIEW,0.0005035400390625,0.0007781982421875,0.001068115234375,6.103515625e-05,1.0,1.0,0.02862863517039871,False,0.14952680468559265,0.053148943930864334,-0.09399212896823883,1.813953488372093,False,NONE_DETECTED,/content/drive/MyDrive/satellite_change_detection/masks/Mumbai/Mumbai_r01_c03_2025_2026.png,UNKNOWN,0.01,Mumbai_r01_c03,19.133670182941657,72.86480580519721
1.568603515625,0.2437611222267151,0.4731387794017792,3,1.1016845703125,Mumbai,Mumbai_r01_c04.tif,2020,2021,REVIEW_REQUIRED,SCATTERED_CHANGE,False,2020 -> 2022,4,PERSISTENT_CHANGE_SIGNAL,TEMPORAL_ONLY_EVIDENCE,0.00042724609375,4.57763671875e-05,0.0025634765625,0.002532958984375,1.0,1.0,0.06558370497768573,False,0.15938396751880646,0.024020761251449585,-0.12468421459197998,1.6875,True,SEASONAL_VARIATION_LIKELY,/content/drive/MyDrive/satellite_change_detection/masks/Mumbai/Mumbai_r01_c04_2020_2021.png,UNKNOWN,0.201,Mumbai_r01_c04,19.13395111632005,72.88913159529649
0.3265380859375,0.35927388072013855,0.655584454536438,2,0.18157958984375,Mumbai,Mumbai_r01_c04.tif,2021,2022,LIKELY_NO_CHANGE,SCATTERED_CHANGE,False,2020 -> 2022,4,PERSISTENT_CHANGE_SIGNAL,TEMPORAL_ONLY_EVIDENCE,4.57763671875e-05,0.0001068115234375,0.002532958984375,0.01141357421875,1.0,1.0,0.08402902782682999,False,-0.2541150450706482,0.050353094935417175,0.12722092866897583,1.0921052631578947,False,NONE_DETECTED,/content/drive/MyDrive/satellite_change_detection/masks/Mumbai/Mumbai_r01_c04_2021_2022.png,VEGETATION_LOSS,0.048,Mumbai_r01_c04,19.13395111632005,72.88913159529649
4.74700927734375,0.35194432735443115,0.7045725584030151,11,4.04510498046875,Mumbai,Mumbai_r01_c04.tif,2022,2023,REVIEW_REQUIRED,MODERATELY_CONNECTED,True,2020 -> 2022,4,PERSISTENT_CHANGE_SIGNAL,MODERATE_EVIDENCE,0.0001068115234375,1.52587890625e-05,0.01141357421875,0.014495849609375,1.0,1.0,0.02844150237660542,False,-0.3617601990699768,0.07152317464351654,0.19574260711669922,1.2883435582822085,False,NONE_DETECTED,/content/drive/MyDrive/satellite_change_detection/masks/Mumbai/Mumbai_r01_c04_2022_2023.png,WATER,0.785,Mumbai_r01_c04,19.13395111632005,72.88913159529649
1.5380859375,0.2605765759944916,0.5922208428382874,7,0.7110595703125,Mumbai,Mumbai_r01_c04.tif,2023,2024,LOW_PRIORITY_REVIEW,SCATTERED_CHANGE,False,2020 -> 2022,4,PERSISTENT_CHANGE_SIGNAL,TEMPORAL_ONLY_EVIDENCE,1.52587890625e-05,3.0517578125e-05,0.014495849609375,0.0,1.0,1.0,0.1263275481400789,False,-0.08792069554328918,0.09613605588674545,0.06367337703704834,1.6,False,NONE_DETECTED,/content/drive/MyDrive/satellite_change_detection/masks/Mumbai/Mumbai_r01_c04_2023_2024.png,UNKNOWN,0.215,Mumbai_r01_c04,19.13395111632005,72.88913159529649
0.49285888671875,0.2560375928878784,0.553971529006958,7,0.140380859375,Mumbai,Mumbai_r01_c04.tif,2024,2025,LIKELY_NO_CHANGE,SCATTERED_CHANGE,False,2020 -> 2022,4,PERSISTENT_CHANGE_SIGNAL,TEMPORAL_ONLY_EVIDENCE,3.0517578125e-05,0.000244140625,0.0,0.0018768310546875,1.0,1.0,0.10786941083242325,False,0.3034488558769226,-0.035751648247241974,-0.27972474694252014,1.1746031746031746,True,SEASONAL_VARIATION_LIKELY,/content/drive/MyDrive/satellite_change_detection/masks/Mumbai/Mumbai_r01_c04_2024_2025.png,UNKNOWN,0.061,Mumbai_r01_c04,19.13395111632005,72.88913159529649
0.44403076171875,0.222311332821846,0.5670229196548462,4,0.28228759765625,Mumbai,Mumbai_r01_c04.tif,2025,2026,LIKELY_NO_CHANGE,SCATTERED_CHANGE,False,2020 -> 2022,4,PERSISTENT_CHANGE_SIGNAL,TEMPORAL_ONLY_EVIDENCE,0.000244140625,1.52587890625e-05,0.0018768310546875,9.1552734375e-05,1.0,1.0,0.023583728570012813,False,-0.55726158618927,0.13851448893547058,0.4811214208602905,2.3010752688172045,False,NONE_DETECTED,/content/drive/MyDrive/satellite_change_detection/masks/Mumbai/Mumbai_r01_c04_2025_2026.png,WATER,0.059,Mumbai_r01_c04,19.13395111632005,72.88913159529649
0.03814697265625,0.18629597127437592,0.22165793180465698,1,0.03814697265625,Mumbai,Mumbai_r01_c05.tif,2020,2021,LIKELY_NO_CHANGE,SCATTERED_CHANGE,False,No supported change interval,0,NO_SIGNIFICANT_CHANGE,LOW_PRIORITY_REVIEW,3.0517578125e-05,1.52587890625e-05,3.0517578125e-05,0.0,1.0,1.0,0.0245792572332102,False,-0.0717710554599762,0.04037433862686157,-0.02855604887008667,1.0,False,NONE_DETECTED,/content/drive/MyDrive/satellite_change_detection/masks/Mumbai/Mumbai_r01_c05_2020_2021.png,UNKNOWN,0.002,Mumbai_r01_c05,19.13422883604141,72.9134578090164
0.0823974609375,0.25134366750717163,0.440326064825058,1,0.0823974609375,Mumbai,Mumbai_r01_c05.tif,2021,2022,LIKELY_NO_CHANGE,SCATTERED_CHANGE,False,No supported change interval,0,NO_SIGNIFICANT_CHANGE,LOW_PRIORITY_REVIEW,1.52587890625e-05,7.62939453125e-05,0.0,0.000518798828125,1.0,1.0,0.023130735959506016,False,-0.29425790905952454,0.024136262014508247,0.22312061488628387,6.0,True,SEASONAL_VARIATION_LIKELY,/content/drive/MyDrive/satellite_change_detection/masks/Mumbai/Mumbai_r01_c05_2021_2022.png,UNKNOWN,0.004,Mumbai_r01_c05,19.13422883604141,72.9134578090164
0.1739501953125,0.23885571956634521,0.3249749541282654,3,0.0701904296875,Mumbai,Mumbai_r01_c05.tif,2022,2023,LIKELY_NO_CHANGE,SCATTERED_CHANGE,False,No supported change interval,0,NO_SIGNIFICANT_CHANGE,LOW_PRIORITY_REVIEW,7.62939453125e-05,4.57763671875e-05,0.000518798828125,0.01641845703125,1.0,1.0,0.09173140770548402,False,0.5779133439064026,-0.19371801614761353,-0.5299180150032043,1.6973684210526316,False,NONE_DETECTED,/content/drive/MyDrive/satellite_change_detection/masks/Mumbai/Mumbai_r01_c05_2022_2023.png,UNKNOWN,0.011,Mumbai_r01_c05,19.13422883604141,72.9134578090164
0.2166748046875,0.2917328476905823,0.6126452088356018,4,0.08087158203125,Mumbai,Mumbai_r01_c05.tif,2023,2024,LIKELY_NO_CHANGE,SCATTERED_CHANGE,False,No supported change interval,0,NO_SIGNIFICANT_CHANGE,LOW_PRIORITY_REVIEW,4.57763671875e-05,0.000335693359375,0.01641845703125,0.0,1.0,1.0,0.11439246926761915,False,-0.25200557708740234,0.09557940065860748,0.13153383135795593,1.2947976878612717,False,NONE_DETECTED,/content/drive/MyDrive/satellite_change_detection/masks/Mumbai/Mumbai_r01_c05_2023_2024.png,UNKNOWN,0.015,Mumbai_r01_c05,19.13422883604141,72.9134578090164
0.12969970703125,0.29673224687576294,0.4448288083076477,2,0.091552734375,Mumbai,Mumbai_r01_c05.tif,2024,2025,LIKELY_NO_CHANGE,SCATTERED_CHANGE,False,No supported change interval,0,NO_SIGNIFICANT_CHANGE,LOW_PRIORITY_REVIEW,0.000335693359375,3.0517578125e-05,0.0,0.0239105224609375,1.0,1.0,0.07916559088291301,False,-0.12158244848251343,0.07845047116279602,0.03762783110141754,1.6923076923076923,False,NONE_DETECTED,/content/drive/MyDrive/satellite_change_detection/masks/Mumbai/Mumbai_r01_c05_2024_2025.png,UNKNOWN,0.009,Mumbai_r01_c05,19.13422883604141,72.9134578090164
0.28076171875,0.2769339680671692,0.5245926380157471,3,0.18157958984375,Mumbai,Mumbai_r01_c05.tif,2025,2026,LIKELY_NO_CHANGE,SCATTERED_CHANGE,False,No supported change interval,0,NO_SIGNIFICANT_CHANGE,LOW_PRIORITY_REVIEW,3.0517578125e-05,0.0005645751953125,0.0239105224609375,0.000396728515625,1.0,1.0,0.02813401229644406,False,0.4008640646934509,-0.16483557224273682,-0.2891940474510193,1.7583333333333333,False,NONE_DETECTED,/content/drive/MyDrive/satellite_change_detection/masks/Mumbai/Mumbai_r01_c05_2025_2026.png,UNKNOWN,0.019,Mumbai_r01_c05,19.13422883604141,72.9134578090164
0.32958984375,0.3220648169517517,0.6541673541069031,4,0.140380859375,Mumbai,Mumbai_r01_c06.tif,2020,2021,LIKELY_NO_CHANGE,SCATTERED_CHANGE,False,2020 -> 2024,3,PERSISTENT_CHANGE_SIGNAL,TEMPORAL_ONLY_EVIDENCE,0.0003509521484375,0.000244140625,0.00115966796875,0.0,1.0,1.0,0.021403505521051806,False,0.028538063168525696,0.01533731073141098,-0.11838153004646301,5.953488372093023,False,NONE_DETECTED,/content/drive/MyDrive/satellite_change_detection/masks/Mumbai/Mumbai_r01_c06_2020_2021.png,UNKNOWN,0.047,Mumbai_r01_c06,19.13450334186628,72.93778444148623
0.140380859375,0.24872465431690216,0.4450784921646118,3,0.06103515625,Mumbai,Mumbai_r01_c06.tif,2021,2022,LIKELY_NO_CHANGE,SCATTERED_CHANGE,False,2020 -> 2024,3,PERSISTENT_CHANGE_SIGNAL,TEMPORAL_ONLY_EVIDENCE,0.000244140625,0.00030517578125,0.0,0.0024566650390625,1.0,1.0,0.04839338819184445,False,-0.348524808883667,0.2703019678592682,0.02827736735343933,2.6575342465753424,False,NONE_DETECTED,/content/drive/MyDrive/satellite_change_detection/masks/Mumbai/Mumbai_r01_c06_2021_2022.png,CONSTRUCTION,0.019,Mumbai_r01_c06,19.13450334186628,72.93778444148623
0.555419921875,0.26369914412498474,0.5959115624427795,7,0.1068115234375,Mumbai,Mumbai_r01_c06.tif,2022,2023,LIKELY_NO_CHANGE,SCATTERED_CHANGE,False,2020 -> 2024,3,PERSISTENT_CHANGE_SIGNAL,TEMPORAL_ONLY_EVIDENCE,0.00030517578125,1.52587890625e-05,0.0024566650390625,0.0013275146484375,1.0,1.0,0.04054271488386522,False,0.006598666310310364,-0.0416339710354805,0.033843427896499634,1.7482014388489209,False,NONE_DETECTED,/content/drive/MyDrive/satellite_change_detection/masks/Mumbai/Mumbai_r01_c06_2022_2023.png,UNKNOWN,0.076,Mumbai_r01_c06,19.13450334186628,72.93778444148623
1.90277099609375,0.38370564579963684,0.7109237909317017,10,0.70953369140625,Mumbai,Mumbai_r01_c06.tif,2023,2024,LOW_PRIORITY_REVIEW,SCATTERED_CHANGE,False,2020 -> 2024,3,PERSISTENT_CHANGE_SIGNAL,TEMPORAL_ONLY_EVIDENCE,1.52587890625e-05,0.000152587890625,0.0013275146484375,0.000152587890625,1.0,1.0,0.0638503381636314,False,-0.3752756118774414,0.2171568125486374,0.1079292893409729,1.220125786163522,False,NONE_DETECTED,/content/drive/MyDrive/satellite_change_detection/masks/Mumbai/Mumbai_r01_c06_2023_2024.png,CONSTRUCTION,0.289,Mumbai_r01_c06,19.13450334186628,72.93778444148623
0.92926025390625,0.2753428816795349,0.5380727648735046,8,0.28076171875,Mumbai,Mumbai_r01_c06.tif,2024,2025,LIKELY_NO_CHANGE,SCATTERED_CHANGE,False,2020 -> 2024,3,PERSISTENT_CHANGE_SIGNAL,TEMPORAL_ONLY_EVIDENCE,0.000152587890625,0.0001068115234375,0.000152587890625,0.005157470703125,1.0,1.0,0.007465740874638684,False,-0.03696240484714508,0.00868573784828186,0.00825732946395874,1.105726872246696,False,NONE_DETECTED,/content/drive/MyDrive/satellite_change_detection/masks/Mumbai/Mumbai_r01_c06_2024_2025.png,UNKNOWN,0.129,Mumbai_r01_c06,19.13450334186628,72.93778444148623
0.25177001953125,0.26543787121772766,0.4421400725841522,3,0.09918212890625,Mumbai,Mumbai_r01_c06.tif,2025,2026,LIKELY_NO_CHANGE,SCATTERED_CHANGE,False,2020 -> 2024,3,PERSISTENT_CHANGE_SIGNAL,TEMPORAL_ONLY_EVIDENCE,0.0001068115234375,0.0002899169921875,0.005157470703125,9.1552734375e-05,1.0,1.0,0.010929922421586321,False,-0.03470367193222046,-0.0073857381939888,0.06481572985649109,1.528735632183908,False,NONE_DETECTED,/content/drive/MyDrive/satellite_change_detection/masks/Mumbai/Mumbai_r01_c06_2025_2026.png,UNKNOWN,0.035,Mumbai_r01_c06,19.13450334186628,72.93778444148623
0.49285888671875,0.32305678725242615,0.7338292598724365,2,0.28228759765625,Mumbai,Mumbai_r01_c07.tif,2020,2021,LIKELY_NO_CHANGE,SCATTERED_CHANGE,False,2020 -> 2024,3,PERSISTENT_CHANGE_SIGNAL,TEMPORAL_ONLY_EVIDENCE,0.0,0.0,0.0,0.0,1.0,1.0,0.10152247365872034,False,0.011120960116386414,-0.0994495078921318,0.14720243215560913,1.75,False,NONE_DETECTED,/content/drive/MyDrive/satellite_change_detection/masks/Mumbai/Mumbai_r01_c07_2020_2021.png,UNKNOWN,0.071,Mumbai_r01_c07,19.13477463355792,72.96211148783475
1.2451171875,0.28407058119773865,0.7517389059066772,5,0.63018798828125,Mumbai,Mumbai_r01_c07.tif,2021,2022,LOW_PRIORITY_REVIEW,SCATTERED_CHANGE,False,2020 -> 2024,3,PERSISTENT_CHANGE_SIGNAL,TEMPORAL_ONLY_EVIDENCE,0.0,0.0,0.0,0.0,1.0,1.0,0.17837333334946961,False,-0.1189412996172905,-0.02035164088010788,0.10478709638118744,2.1818181818181817,False,NONE_DETECTED,/content/drive/MyDrive/satellite_change_detection/masks/Mumbai/Mumbai_r01_c07_2021_2022.png,UNKNOWN,0.176,Mumbai_r01_c07,19.13477463355792,72.96211148783475
0.5096435546875,0.2926928400993347,0.6010144948959351,4,0.244140625,Mumbai,Mumbai_r01_c07.tif,2022,2023,LIKELY_NO_CHANGE,SCATTERED_CHANGE,False,2020 -> 2024,3,PERSISTENT_CHANGE_SIGNAL,TEMPORAL_ONLY_EVIDENCE,0.0,0.0,0.0,0.0,1.0,1.0,0.08956497845978138,False,-0.07996498048305511,0.0848056823015213,-0.05374087393283844,3.125,False,NONE_DETECTED,/content/drive/MyDrive/satellite_change_detection/masks/Mumbai/Mumbai_r01_c07_2022_2023.png,UNKNOWN,0.072,Mumbai_r01_c07,19.13477463355792,72.96211148783475
1.75933837890625,0.4349542558193207,0.85552978515625,4,1.2115478515625,Mumbai,Mumbai_r01_c07.tif,2023,2024,REVIEW_REQUIRED,SCATTERED_CHANGE,False,2020 -> 2024,3,PERSISTENT_CHANGE_SIGNAL,TEMPORAL_ONLY_EVIDENCE,0.0,0.0,0.0,0.0,1.0,1.0,0.19457052139579378,False,-0.07027335464954376,0.14387203752994537,-0.12786434590816498,1.880952380952381,False,NONE_DETECTED,/content/drive/MyDrive/satellite_change_detection/masks/Mumbai/Mumbai_r01_c07_2023_2024.png,CONSTRUCTION,0.275,Mumbai_r01_c07,19.13477463355792,72.96211148783475
0.69427490234375,0.28724217414855957,0.5248237252235413,6,0.1953125,Mumbai,Mumbai_r01_c07.tif,2024,2025,LIKELY_NO_CHANGE,SCATTERED_CHANGE,False,2020 -> 2024,3,PERSISTENT_CHANGE_SIGNAL,TEMPORAL_ONLY_EVIDENCE,0.0,0.0,0.0,3.0517578125e-05,1.0,1.0,0.15774149441977217,False,-0.013082757592201233,0.0022369995713233948,-0.010648369789123535,1.8083333333333333,False,NONE_DETECTED,/content/drive/MyDrive/satellite_change_detection/masks/Mumbai/Mumbai_r01_c07_2024_2025.png,UNKNOWN,0.097,Mumbai_r01_c07,19.13477463355792,72.96211148783475
0.3143310546875,0.2040758579969406,0.3176445960998535,3,0.15869140625,Mumbai,Mumbai_r01_c07.tif,2025,2026,LIKELY_NO_CHANGE,SCATTERED_CHANGE,False,2020 -> 2024,3,PERSISTENT_CHANGE_SIGNAL,TEMPORAL_ONLY_EVIDENCE,0.0,0.0,3.0517578125e-05,0.0,1.0,1.0,0.16665871093599666,False,-0.24031397700309753,0.1965046525001526,0.033509403467178345,1.2887323943661972,False,NONE_DETECTED,/content/drive/MyDrive/satellite_change_detection/masks/Mumbai/Mumbai_r01_c07_2025_2026.png,CONSTRUCTION,0.041,Mumbai_r01_c07,19.13477463355792,72.96211148783475
12.31689453125,0.27833378314971924,0.642765998840332,24,3.44390869140625,Mumbai,Mumbai_r02_c00.tif,2020,2021,REVIEW_REQUIRED,MODERATELY_CONNECTED,True,2020 -> 2021,6,PERSISTENT_CHANGE_SIGNAL,MODERATE_EVIDENCE,0.0,0.0,0.0,0.0,1.0,1.0,0.14206243575831107,False,0.054888248443603516,0.08510616421699524,-0.10739171504974365,1.0,False,NONE_DETECTED,/content/drive/MyDrive/satellite_change_detection/masks/Mumbai/Mumbai_r02_c00_2020_2021.png,UNKNOWN,0.775,Mumbai_r02_c00,19.109689201412664,72.79213821708883
12.042236328125,0.26018938422203064,0.6102582812309265,22,7.58056640625,Mumbai,Mumbai_r02_c00.tif,2021,2022,MODERATE_STRUCTURED_CHANGE,MODERATELY_CONNECTED,True,2020 -> 2021,6,PERSISTENT_CHANGE_SIGNAL,MODERATE_EVIDENCE,0.0,0.0,0.0,0.0,1.0,1.0,0.12185626971265422,False,-0.09893479943275452,-0.09885397553443909,0.135353684425354,1.0448979591836736,False,NONE_DETECTED,/content/drive/MyDrive/satellite_change_detection/masks/Mumbai/Mumbai_r02_c00_2021_2022.png,UNKNOWN,0.87,Mumbai_r02_c00,19.109689201412664,72.79213821708883
20.965576171875,0.2791807949542999,0.6975733041763306,21,10.6170654296875,Mumbai,Mumbai_r02_c00.tif,2022,2023,MODERATE_STRUCTURED_CHANGE,SPATIALLY_CONNECTED,True,2020 -> 2021,6,PERSISTENT_CHANGE_SIGNAL,REVIEW_REQUIRED,0.0,0.0,0.0,0.0,1.0,1.0,14.902847073464766,True,0.039715468883514404,0.04960954189300537,-0.0502856969833374,1.0158730158730158,False,MISALIGNMENT_SUSPECTED,/content/drive/MyDrive/satellite_change_detection/masks/Mumbai/Mumbai_r02_c00_2022_2023.png,UNKNOWN,0.3,Mumbai_r02_c00,19.109689201412664,72.79213821708883
38.5711669921875,0.2760675847530365,0.7187368869781494,32,23.00567626953125,Mumbai,Mumbai_r02_c00.tif,2023,2024,STRUCTURED_CHANGE,SPATIALLY_CONNECTED,True,2020 -> 2021,6,PERSISTENT_CHANGE_SIGNAL,STRONG_EVIDENCE,0.0,0.0,0.0,0.0,1.0,1.0,0.301759820846335,False,0.06403976678848267,-0.08675922453403473,0.0008420944213867188,1.0118577075098814,False,NONE_DETECTED,/content/drive/MyDrive/satellite_change_detection/masks/Mumbai/Mumbai_r02_c00_2023_2024.png,UNKNOWN,0.938,Mumbai_r02_c00,19.109689201412664,72.79213821708883
10.97412109375,0.26966631412506104,0.5649877786636353,17,7.43560791015625,Mumbai,Mumbai_r02_c00.tif,2024,2025,MODERATE_STRUCTURED_CHANGE,MODERATELY_CONNECTED,True,2020 -> 2021,6,PERSISTENT_CHANGE_SIGNAL,MODERATE_EVIDENCE,0.0,0.0,0.0,0.0,1.0,1.0,0.11510082605729091,False,-0.009117305278778076,-0.03776830434799194,0.047478318214416504,1.0,False,NONE_DETECTED,/content/drive/MyDrive/satellite_change_detection/masks/Mumbai/Mumbai_r02_c00_2024_2025.png,UNKNOWN,0.871,Mumbai_r02_c00,19.109689201412664,72.79213821708883
50.46539306640625,0.2966258227825165,0.6741851568222046,19,24.62310791015625,Mumbai,Mumbai_r02_c00.tif,2025,2026,STRUCTURED_CHANGE,SPATIALLY_CONNECTED,True,2020 -> 2021,6,PERSISTENT_CHANGE_SIGNAL,STRONG_EVIDENCE,0.0,0.0,0.0,0.0,1.0,1.0,0.09277400153615198,False,0.01920369267463684,0.0773325264453888,-0.08245158195495605,1.0,False,NONE_DETECTED,/content/drive/MyDrive/satellite_change_detection/masks/Mumbai/Mumbai_r02_c00_2025_2026.png,UNKNOWN,0.948,Mumbai_r02_c00,19.109689201412664,72.79213821708883
0.0762939453125,0.2434139996767044,0.3672346770763397,2,0.03814697265625,Mumbai,Mumbai_r02_c01.tif,2020,2021,LIKELY_NO_CHANGE,SCATTERED_CHANGE,False,No supported change interval,0,NO_SIGNIFICANT_CHANGE,LOW_PRIORITY_REVIEW,0.0004730224609375,0.00048828125,7.62939453125e-05,0.002777099609375,1.0,1.0,0.05233166932169291,False,-0.011394143104553223,0.04064669832587242,-0.01809653639793396,2.5081967213114753,False,NONE_DETECTED,/content/drive/MyDrive/satellite_change_detection/masks/Mumbai/Mumbai_r02_c01_2020_2021.png,UNKNOWN,0.005,Mumbai_r02_c01,19.10997939668416,72.81645932977197
0.26092529296875,0.35429418087005615,0.7157943248748779,2,0.1373291015625,Mumbai,Mumbai_r02_c01.tif,2021,2022,LIKELY_NO_CHANGE,SCATTERED_CHANGE,False,No supported change interval,0,NO_SIGNIFICANT_CHANGE,LOW_PRIORITY_REVIEW,0.00048828125,0.0006256103515625,0.002777099609375,0.00201416015625,1.0,1.0,0.06479852098072669,False,0.11855567991733551,0.06187118589878082,-0.22303441166877747,1.1851851851851851,False,NONE_DETECTED,/content/drive/MyDrive/satellite_change_detection/masks/Mumbai/Mumbai_r02_c01_2021_2022.png,UNKNOWN,0.02,Mumbai_r02_c01,19.10997939668416,72.81645932977197
0.2471923828125,0.3007827699184418,0.5369085669517517,2,0.1434326171875,Mumbai,Mumbai_r02_c01.tif,2022,2023,LIKELY_NO_CHANGE,SCATTERED_CHANGE,False,No supported change interval,0,NO_SIGNIFICANT_CHANGE,LOW_PRIORITY_REVIEW,0.0006256103515625,0.0004119873046875,0.00201416015625,0.007904052734375,1.0,1.0,0.034415639863571185,False,-0.15046311914920807,-0.04122240096330643,0.20642416179180145,1.2857142857142858,True,SEASONAL_VARIATION_LIKELY,/content/drive/MyDrive/satellite_change_detection/masks/Mumbai/Mumbai_r02_c01_2022_2023.png,UNKNOWN,0.015,Mumbai_r02_c01,19.10997939668416,72.81645932977197
0.1312255859375,0.3871561884880066,0.6607334613800049,2,0.067138671875,Mumbai,Mumbai_r02_c01.tif,2023,2024,LIKELY_NO_CHANGE,SCATTERED_CHANGE,False,No supported change interval,0,NO_SIGNIFICANT_CHANGE,LOW_PRIORITY_REVIEW,0.0004119873046875,0.000335693359375,0.007904052734375,0.0,1.0,1.0,0.05143066040679303,False,-0.028781581670045853,0.027422871440649033,0.023612409830093384,1.5,False,NONE_DETECTED,/content/drive/MyDrive/satellite_change_detection/masks/Mumbai/Mumbai_r02_c01_2023_2024.png,UNKNOWN,0.01,Mumbai_r02_c01,19.10997939668416,72.81645932977197
0.19683837890625,0.30393186211586,0.5755335092544556,3,0.09002685546875,Mumbai,Mumbai_r02_c01.tif,2024,2025,LIKELY_NO_CHANGE,SCATTERED_CHANGE,False,No supported change interval,0,NO_SIGNIFICANT_CHANGE,LOW_PRIORITY_REVIEW,0.000335693359375,0.0002288818359375,0.0,0.0,1.0,1.0,0.0756890059412889,False,-0.016710199415683746,-0.05035766214132309,0.0873025581240654,2.4,False,NONE_DETECTED,/content/drive/MyDrive/satellite_change_detection/masks/Mumbai/Mumbai_r02_c01_2024_2025.png,UNKNOWN,0.014,Mumbai_r02_c01,19.10997939668416,72.81645932977197
0.0457763671875,0.3210602104663849,0.44991597533226013,1,0.0457763671875,Mumbai,Mumbai_r02_c01.tif,2025,2026,LIKELY_NO_CHANGE,SCATTERED_CHANGE,False,No supported change interval,0,NO_SIGNIFICANT_CHANGE,LOW_PRIORITY_REVIEW,0.0002288818359375,0.0001983642578125,0.0,0.0,1.0,1.0,0.021855619355557365,False,0.1543836146593094,0.18791955709457397,-0.38323482871055603,1.2,False,NONE_DETECTED,/content/drive/MyDrive/satellite_change_detection/masks/Mumbai/Mumbai_r02_c01_2025_2026.png,UNKNOWN,0.003,Mumbai_r02_c01,19.10997939668416,72.81645932977197
0.091552734375,0.3204222023487091,0.6172662377357483,2,0.05340576171875,Mumbai,Mumbai_r02_c02.tif,2020,2021,LIKELY_NO_CHANGE,SCATTERED_CHANGE,False,No supported change interval,0,NO_SIGNIFICANT_CHANGE,LOW_PRIORITY_REVIEW,0.0016021728515625,0.000701904296875,0.000640869140625,0.000335693359375,1.0,1.0,0.040990390389645845,False,0.14721542596817017,0.10243162512779236,-0.11252591013908386,2.7419354838709675,False,NONE_DETECTED,/content/drive/MyDrive/satellite_change_detection/masks/Mumbai/Mumbai_r02_c02_2020_2021.png,UNKNOWN,0.007,Mumbai_r02_c02,19.110266383207712,72.84078088040513
0.20751953125,0.3178916275501251,0.708021879196167,3,0.0885009765625,Mumbai,Mumbai_r02_c02.tif,2021,2022,LIKELY_NO_CHANGE,SCATTERED_CHANGE,False,No supported change interval,0,NO_SIGNIFICANT_CHANGE,LOW_PRIORITY_REVIEW,0.000701904296875,0.002197265625,0.000335693359375,0.00140380859375,1.0,1.0,0.023501872403954172,False,-0.11955194175243378,-0.030268516391515732,0.1628556251525879,5.0285714285714285,False,NONE_DETECTED,/content/drive/MyDrive/satellite_change_detection/masks/Mumbai/Mumbai_r02_c02_2021_2022.png,UNKNOWN,0.015,Mumbai_r02_c02,19.110266383207712,72.84078088040513
1.96685791015625,0.23883628845214844,0.558899998664856,3,1.84173583984375,Mumbai,Mumbai_r02_c02.tif,2022,2023,REVIEW_REQUIRED,SCATTERED_CHANGE,False,No supported change interval,0,NO_SIGNIFICANT_CHANGE,REVIEW_REQUIRED,0.002197265625,0.0003662109375,0.00140380859375,0.0236663818359375,1.0,1.0,0.0011703784470495132,False,-0.3500097095966339,0.3381038308143616,-0.039862871170043945,1.6,False,NONE_DETECTED,/content/drive/MyDrive/satellite_change_detection/masks/Mumbai/Mumbai_r02_c02_2022_2023.png,CONSTRUCTION,0.144,Mumbai_r02_c02,19.110266383207712,72.84078088040513
0.09918212890625,0.32510098814964294,0.7341755032539368,2,0.06103515625,Mumbai,Mumbai_r02_c02.tif,2023,2024,LIKELY_NO_CHANGE,SCATTERED_CHANGE,False,No supported change interval,0,NO_SIGNIFICANT_CHANGE,LOW_PRIORITY_REVIEW,0.0003662109375,0.0008392333984375,0.0236663818359375,0.0,1.0,1.0,0.06781487546540965,False,0.052156299352645874,-0.11753013730049133,0.11066484451293945,1.3796296296296295,False,NONE_DETECTED,/content/drive/MyDrive/satellite_change_detection/masks/Mumbai/Mumbai_r02_c02_2023_2024.png,UNKNOWN,0.007,Mumbai_r02_c02,19.110266383207712,72.84078088040513
0.27313232421875,0.2856779992580414,0.49666109681129456,2,0.146484375,Mumbai,Mumbai_r02_c02.tif,2024,2025,LIKELY_NO_CHANGE,SCATTERED_CHANGE,False,No supported change interval,0,NO_SIGNIFICANT_CHANGE,LOW_PRIORITY_REVIEW,0.0008392333984375,0.0001678466796875,0.0,4.57763671875e-05,1.0,1.0,0.04562904483255617,False,-0.19067707657814026,0.1106376200914383,0.037143826484680176,8.56,False,NONE_DETECTED,/content/drive/MyDrive/satellite_change_detection/masks/Mumbai/Mumbai_r02_c02_2024_2025.png,UNKNOWN,0.019,Mumbai_r02_c02,19.110266383207712,72.84078088040513
0.4150390625,0.294750452041626,0.5149155855178833,3,0.2471923828125,Mumbai,Mumbai_r02_c02.tif,2025,2026,LIKELY_NO_CHANGE,SCATTERED_CHANGE,False,No supported change interval,0,NO_SIGNIFICANT_CHANGE,LOW_PRIORITY_REVIEW,0.0001678466796875,0.0007476806640625,4.57763671875e-05,0.0,1.0,1.0,0.027734172144177754,False,-0.30782023072242737,0.17756980657577515,0.07351881265640259,1.553191489361702,False,NONE_DETECTED,/content/drive/MyDrive/satellite_change_detection/masks/Mumbai/Mumbai_r02_c02_2025_2026.png,UNKNOWN,0.029,Mumbai_r02_c02,19.110266383207712,72.84078088040513
0.40435791015625,0.24219843745231628,0.42826515436172485,5,0.12359619140625,Mumbai,Mumbai_r02_c03.tif,2020,2021,LIKELY_NO_CHANGE,SCATTERED_CHANGE,False,No supported change interval,0,NO_SIGNIFICANT_CHANGE,LOW_PRIORITY_REVIEW,0.0044403076171875,0.0023651123046875,0.0005950927734375,6.103515625e-05,1.0,1.0,0.022192668588061855,False,0.11413709819316864,0.02489670366048813,-0.0998765230178833,1.639344262295082,False,NONE_DETECTED,/content/drive/MyDrive/satellite_change_detection/masks/Mumbai/Mumbai_r02_c03_2020_2021.png,UNKNOWN,0.026,Mumbai_r02_c03,19.11055016073592,72.86510286412216
0.0885009765625,0.34977635741233826,0.5926612615585327,1,0.0885009765625,Mumbai,Mumbai_r02_c03.tif,2021,2022,LIKELY_NO_CHANGE,SCATTERED_CHANGE,False,No supported change interval,0,NO_SIGNIFICANT_CHANGE,LOW_PRIORITY_REVIEW,0.0023651123046875,0.0055084228515625,6.103515625e-05,0.000244140625,1.0,1.0,0.052589131593618416,False,0.06878755986690521,-0.0681888684630394,-0.012987181544303894,1.6666666666666667,False,NONE_DETECTED,/content/drive/MyDrive/satellite_change_detection/masks/Mumbai/Mumbai_r02_c03_2021_2022.png,UNKNOWN,0.007,Mumbai_r02_c03,19.11055016073592,72.86510286412216
0.32806396484375,0.3017140328884125,0.5995739698410034,4,0.1068115234375,Mumbai,Mumbai_r02_c03.tif,2022,2023,LIKELY_NO_CHANGE,SCATTERED_CHANGE,False,No supported change interval,0,NO_SIGNIFICANT_CHANGE,LOW_PRIORITY_REVIEW,0.0055084228515625,0.001434326171875,0.000244140625,0.0009613037109375,1.0,1.0,0.020461534269647613,False,-0.1525866836309433,0.12301015108823776,-0.0100802481174469,1.63013698630137,False,NONE_DETECTED,/content/drive/MyDrive/satellite_change_detection/masks/Mumbai/Mumbai_r02_c03_2022_2023.png,UNKNOWN,0.023,Mumbai_r02_c03,19.11055016073592,72.86510286412216
0.12359619140625,0.41645097732543945,0.6861207485198975,2,0.08544921875,Mumbai,Mumbai_r02_c03.tif,2023,2024,LIKELY_NO_CHANGE,SCATTERED_CHANGE,False,No supported change interval,0,NO_SIGNIFICANT_CHANGE,LOW_PRIORITY_REVIEW,0.001434326171875,0.00177001953125,0.0009613037109375,0.0,1.0,1.0,0.08021438508951315,False,0.0012580454349517822,0.000674515962600708,0.028207927942276,15.4,False,NONE_DETECTED,/content/drive/MyDrive/satellite_change_detection/masks/Mumbai/Mumbai_r02_c03_2023_2024.png,UNKNOWN,0.01,Mumbai_r02_c03,19.11055016073592,72.86510286412216
0.19683837890625,0.31607216596603394,0.49787434935569763,3,0.0885009765625,Mumbai,Mumbai_r02_c03.tif,2024,2025,LIKELY_NO_CHANGE,SCATTERED_CHANGE,False,No supported change interval,0,NO_SIGNIFICANT_CHANGE,LOW_PRIORITY_REVIEW,0.00177001953125,0.00146484375,0.0,0.0,1.0,1.0,0.05042458089725368,False,-0.14531701803207397,-0.010196942836046219,0.11575350165367126,1.009090909090909,False,NONE_DETECTED,/content/drive/MyDrive/satellite_change_detection/masks/Mumbai/Mumbai_r02_c03_2024_2025.png,UNKNOWN,0.014,Mumbai_r02_c03,19.11055016073592,72.86510286412216
0.23345947265625,0.32537391781806946,0.6834840178489685,5,0.0732421875,Mumbai,Mumbai_r02_c03.tif,2025,2026,LIKELY_NO_CHANGE,SCATTERED_CHANGE,False,No supported change interval,0,NO_SIGNIFICANT_CHANGE,LOW_PRIORITY_REVIEW,0.00146484375,0.0029144287109375,0.0,0.0,1.0,1.0,0.03282044575673869,False,0.009810186922550201,0.0034082047641277313,-0.0009685307741165161,1.0273972602739727,False,NONE_DETECTED,/content/drive/MyDrive/satellite_change_detection/masks/Mumbai/Mumbai_r02_c03_2025_2026.png,UNKNOWN,0.017,Mumbai_r02_c03,19.11055016073592,72.86510286412216
0.16326904296875,0.26413920521736145,0.3432057499885559,1,0.16326904296875,Mumbai,Mumbai_r02_c04.tif,2020,2021,LIKELY_NO_CHANGE,SCATTERED_CHANGE,False,No supported change interval,0,NO_SIGNIFICANT_CHANGE,LOW_PRIORITY_REVIEW,0.0017852783203125,0.0008544921875,0.0011749267578125,0.0002593994140625,1.0,1.0,0.039540864371231305,False,0.2245335429906845,0.03763732314109802,-0.18439453840255737,1.6666666666666667,True,SEASONAL_VARIATION_LIKELY,/content/drive/MyDrive/satellite_change_detection/masks/Mumbai/Mumbai_r02_c04_2020_2021.png,UNKNOWN,0.009,Mumbai_r02_c04,19.110830729024165,72.88942527605643
0.091552734375,0.3358915448188782,0.5612918734550476,2,0.0457763671875,Mumbai,Mumbai_r02_c04.tif,2021,2022,LIKELY_NO_CHANGE,SCATTERED_CHANGE,False,No supported change interval,0,NO_SIGNIFICANT_CHANGE,LOW_PRIORITY_REVIEW,0.0008544921875,0.0018310546875,0.0002593994140625,0.00286865234375,1.0,1.0,0.1021117077411367,False,0.012308269739151001,0.008515719324350357,0.0034072399139404297,1.2352941176470589,False,NONE_DETECTED,/content/drive/MyDrive/satellite_change_detection/masks/Mumbai/Mumbai_r02_c04_2021_2022.png,UNKNOWN,0.007,Mumbai_r02_c04,19.110830729024165,72.88942527605643
0.32501220703125,0.2405717819929123,0.4714784622192383,3,0.20599365234375,Mumbai,Mumbai_r02_c04.tif,2022,2023,LIKELY_NO_CHANGE,SCATTERED_CHANGE,False,No supported change interval,0,NO_SIGNIFICANT_CHANGE,LOW_PRIORITY_REVIEW,0.0018310546875,0.0007476806640625,0.00286865234375,0.003021240234375,1.0,1.0,0.08572944261905628,False,-0.08390754461288452,0.08634036779403687,-0.042721062898635864,2.522222222222222,False,NONE_DETECTED,/content/drive/MyDrive/satellite_change_detection/masks/Mumbai/Mumbai_r02_c04_2022_2023.png,UNKNOWN,0.021,Mumbai_r02_c04,19.110830729024165,72.88942527605643
0.11444091796875,0.44736018776893616,0.6950691938400269,2,0.06103515625,Mumbai,Mumbai_r02_c04.tif,2023,2024,LIKELY_NO_CHANGE,SCATTERED_CHANGE,False,No supported change interval,0,NO_SIGNIFICANT_CHANGE,LOW_PRIORITY_REVIEW,0.0007476806640625,0.0012054443359375,0.003021240234375,0.0,1.0,1.0,0.15119838066600072,False,-0.032811298966407776,-0.02147277072072029,0.07588981091976166,1.3846153846153846,False,NONE_DETECTED,/content/drive/MyDrive/satellite_change_detection/masks/Mumbai/Mumbai_r02_c04_2023_2024.png,UNKNOWN,0.009,Mumbai_r02_c04,19.110830729024165,72.88942527605643
0.46234130859375,0.3446783125400543,0.6410126686096191,6,0.15411376953125,Mumbai,Mumbai_r02_c04.tif,2024,2025,LIKELY_NO_CHANGE,SCATTERED_CHANGE,False,No supported change interval,0,NO_SIGNIFICANT_CHANGE,LOW_PRIORITY_REVIEW,0.0012054443359375,0.001007080078125,0.0,0.004730224609375,1.0,1.0,0.037995629790176996,False,-0.10791753232479095,0.005617588758468628,0.08117440342903137,1.033112582781457,False,NONE_DETECTED,/content/drive/MyDrive/satellite_change_detection/masks/Mumbai/Mumbai_r02_c04_2024_2025.png,UNKNOWN,0.035,Mumbai_r02_c04,19.110830729024165,72.88942527605643
0.14190673828125,0.28316599130630493,0.44678565859794617,2,0.07781982421875,Mumbai,Mumbai_r02_c04.tif,2025,2026,LIKELY_NO_CHANGE,SCATTERED_CHANGE,False,No supported change interval,0,NO_SIGNIFICANT_CHANGE,LOW_PRIORITY_REVIEW,0.001007080078125,0.0007781982421875,0.004730224609375,1.52587890625e-05,1.0,1.0,0.029825447288799895,False,0.23974134027957916,-0.06718578934669495,-0.08479970693588257,1.3,False,NONE_DETECTED,/content/drive/MyDrive/satellite_change_detection/masks/Mumbai/Mumbai_r02_c04_2025_2026.png,UNKNOWN,0.01,Mumbai_r02_c04,19.110830729024165,72.88942527605643
0.1373291015625,0.2909923195838928,0.47997263073921204,2,0.09918212890625,Mumbai,Mumbai_r02_c05.tif,2020,2021,LIKELY_NO_CHANGE,SCATTERED_CHANGE,False,2020 -> 2025,2,PERSISTENT_CHANGE_SIGNAL,TEMPORAL_ONLY_EVIDENCE,0.0002593994140625,0.0,0.0001220703125,0.0,1.0,1.0,0.0632820792175359,False,0.0002629905939102173,-0.010516040027141571,0.024500161409378052,1.4666666666666666,False,NONE_DETECTED,/content/drive/MyDrive/satellite_change_detection/masks/Mumbai/Mumbai_r02_c05_2020_2021.png,UNKNOWN,0.016,Mumbai_r02_c05,19.111108087830537,72.91374811134075
0.13580322265625,0.2659011483192444,0.4848756194114685,2,0.09002685546875,Mumbai,Mumbai_r02_c05.tif,2021,2022,LIKELY_NO_CHANGE,SCATTERED_CHANGE,False,2020 -> 2025,2,PERSISTENT_CHANGE_SIGNAL,TEMPORAL_ONLY_EVIDENCE,0.0,0.0001068115234375,0.0,0.0021514892578125,1.0,1.0,0.06938357486646426,False,-0.06422349065542221,-0.0052852630615234375,0.08504337072372437,1.4782608695652173,False,NONE_DETECTED,/content/drive/MyDrive/satellite_change_detection/masks/Mumbai/Mumbai_r02_c05_2021_2022.png,UNKNOWN,0.015,Mumbai_r02_c05,19.111108087830537,72.91374811134075
0.45928955078125,0.30029815435409546,0.7910230159759521,4,0.189208984375,Mumbai,Mumbai_r02_c05.tif,2022,2023,LIKELY_NO_CHANGE,SCATTERED_CHANGE,False,2020 -> 2025,2,PERSISTENT_CHANGE_SIGNAL,TEMPORAL_ONLY_EVIDENCE,0.0001068115234375,0.00054931640625,0.0021514892578125,0.000640869140625,1.0,1.0,0.05541506705918369,False,-0.05434742569923401,-0.0015574544668197632,0.03899587690830231,1.6754385964912282,False,NONE_DETECTED,/content/drive/MyDrive/satellite_change_detection/masks/Mumbai/Mumbai_r02_c05_2022_2023.png,UNKNOWN,0.054,Mumbai_r02_c05,19.111108087830537,72.91374811134075
0.37689208984375,0.3005317747592926,0.6622173190116882,5,0.12664794921875,Mumbai,Mumbai_r02_c05.tif,2023,2024,LIKELY_NO_CHANGE,SCATTERED_CHANGE,False,2020 -> 2025,2,PERSISTENT_CHANGE_SIGNAL,TEMPORAL_ONLY_EVIDENCE,0.00054931640625,0.0007781982421875,0.000640869140625,0.0,1.0,1.0,0.1289683233433829,False,-0.010129138827323914,-0.038680195808410645,0.07753756642341614,1.3154761904761905,False,NONE_DETECTED,/content/drive/MyDrive/satellite_change_detection/masks/Mumbai/Mumbai_r02_c05_2023_2024.png,UNKNOWN,0.044,Mumbai_r02_c05,19.111108087830537,72.91374811134075
0.341796875,0.30218204855918884,0.5766522288322449,6,0.10223388671875,Mumbai,Mumbai_r02_c05.tif,2024,2025,LIKELY_NO_CHANGE,SCATTERED_CHANGE,False,2020 -> 2025,2,PERSISTENT_CHANGE_SIGNAL,TEMPORAL_ONLY_EVIDENCE,0.0007781982421875,0.00067138671875,0.0,0.0075531005859375,1.0,1.0,0.06734971383129597,False,-0.0170041024684906,-0.03225386142730713,0.019058451056480408,1.304054054054054,False,NONE_DETECTED,/content/drive/MyDrive/satellite_change_detection/masks/Mumbai/Mumbai_r02_c05_2024_2025.png,UNKNOWN,0.04,Mumbai_r02_c05,19.111108087830537,72.91374811134075
0.55999755859375,0.34454038739204407,0.6981238126754761,5,0.244140625,Mumbai,Mumbai_r02_c05.tif,2025,2026,LIKELY_NO_CHANGE,SCATTERED_CHANGE,False,2020 -> 2025,2,PERSISTENT_CHANGE_SIGNAL,TEMPORAL_ONLY_EVIDENCE,0.00067138671875,0.0008087158203125,0.0075531005859375,0.000396728515625,1.0,1.0,0.06557638043895997,False,-0.07358652353286743,-0.040131278336048126,0.10320106148719788,1.2285714285714286,False,NONE_DETECTED,/content/drive/MyDrive/satellite_change_detection/masks/Mumbai/Mumbai_r02_c05_2025_2026.png,UNKNOWN,0.069,Mumbai_r02_c05,19.111108087830537,72.91374811134075
0.103759765625,0.29413506388664246,0.5208097100257874,2,0.06561279296875,Mumbai,Mumbai_r02_c06.tif,2020,2021,LIKELY_NO_CHANGE,SCATTERED_CHANGE,False,No supported change interval,0,NO_SIGNIFICANT_CHANGE,LOW_PRIORITY_REVIEW,4.57763671875e-05,0.0,0.0,0.0,1.0,1.0,0.03299402360513286,False,0.0004724860191345215,0.023188866674900055,0.002733081579208374,5.235294117647059,False,NONE_DETECTED,/content/drive/MyDrive/satellite_change_detection/masks/Mumbai/Mumbai_r02_c06_2020_2021.png,UNKNOWN,0.007,Mumbai_r02_c06,19.11138223691593,72.93807136510755
0.48828125,0.3151492476463318,0.6205101013183594,2,0.45013427734375,Mumbai,Mumbai_r02_c06.tif,2021,2022,LIKELY_NO_CHANGE,SCATTERED_CHANGE,False,No supported change interval,0,NO_SIGNIFICANT_CHANGE,LOW_PRIORITY_REVIEW,0.0,0.0,0.0,0.0005035400390625,1.0,1.0,0.07348633392931425,False,-0.13912737369537354,-0.00368306040763855,0.11965036392211914,6.65,False,NONE_DETECTED,/content/drive/MyDrive/satellite_change_detection/masks/Mumbai/Mumbai_r02_c06_2021_2022.png,UNKNOWN,0.036,Mumbai_r02_c06,19.11138223691593,72.93807136510755
0.3387451171875,0.2774154841899872,0.5665109157562256,4,0.152587890625,Mumbai,Mumbai_r02_c06.tif,2022,2023,LIKELY_NO_CHANGE,SCATTERED_CHANGE,False,No supported change interval,0,NO_SIGNIFICANT_CHANGE,LOW_PRIORITY_REVIEW,0.0,0.0,0.0005035400390625,3.0517578125e-05,1.0,1.0,0.05733319592271305,False,-0.1363900899887085,0.051208700984716415,0.027116745710372925,1.5241379310344827,False,NONE_DETECTED,/content/drive/MyDrive/satellite_change_detection/masks/Mumbai/Mumbai_r02_c06_2022_2023.png,UNKNOWN,0.023,Mumbai_r02_c06,19.11138223691593,72.93807136510755
0.19683837890625,0.2771199941635132,0.5007147192955017,3,0.0823974609375,Mumbai,Mumbai_r02_c06.tif,2023,2024,LIKELY_NO_CHANGE,SCATTERED_CHANGE,False,No supported change interval,0,NO_SIGNIFICANT_CHANGE,LOW_PRIORITY_REVIEW,0.0,0.0,3.0517578125e-05,0.0,1.0,1.0,0.13090331962764248,False,-0.07604755461215973,-0.01991695538163185,0.14644268155097961,1.1522842639593909,False,NONE_DETECTED,/content/drive/MyDrive/satellite_change_detection/masks/Mumbai/Mumbai_r02_c06_2023_2024.png,UNKNOWN,0.013,Mumbai_r02_c06,19.11138223691593,72.93807136510755
1.08184814453125,0.25701311230659485,0.7122812271118164,10,0.27313232421875,Mumbai,Mumbai_r02_c06.tif,2024,2025,LOW_PRIORITY_REVIEW,SCATTERED_CHANGE,False,No supported change interval,0,NO_SIGNIFICANT_CHANGE,LOW_PRIORITY_REVIEW,0.0,0.0,0.0,0.002685546875,1.0,1.0,0.01164078352582791,False,-0.04880805313587189,-0.08490647375583649,0.1683049350976944,1.2222222222222223,False,NONE_DETECTED,/content/drive/MyDrive/satellite_change_detection/masks/Mumbai/Mumbai_r02_c06_2024_2025.png,UNKNOWN,0.073,Mumbai_r02_c06,19.11138223691593,72.93807136510755
0.5401611328125,0.2640168070793152,0.6710591912269592,6,0.1953125,Mumbai,Mumbai_r02_c06.tif,2025,2026,LIKELY_NO_CHANGE,SCATTERED_CHANGE,False,No supported change interval,0,NO_SIGNIFICANT_CHANGE,LOW_PRIORITY_REVIEW,0.0,0.0,0.002685546875,0.0,1.0,1.0,0.018146753009240346,False,0.0037661492824554443,0.09659825265407562,-0.14566722512245178,1.0700934579439252,False,NONE_DETECTED,/content/drive/MyDrive/satellite_change_detection/masks/Mumbai/Mumbai_r02_c06_2025_2026.png,UNKNOWN,0.036,Mumbai_r02_c06,19.11138223691593,72.93807136510755
0.69427490234375,0.20031006634235382,0.3170623779296875,3,0.4364013671875,Mumbai,Mumbai_r02_c07.tif,2020,2021,LIKELY_NO_CHANGE,SCATTERED_CHANGE,False,2020 -> 2025,1,SINGLE_INTERVAL_CHANGE,LOW_PRIORITY_REVIEW,0.0,0.0,0.0,0.0,1.0,1.0,0.07935888776996962,False,0.1430790275335312,0.09648150205612183,-0.24744130671024323,2.690909090909091,False,NONE_DETECTED,/content/drive/MyDrive/satellite_change_detection/masks/Mumbai/Mumbai_r02_c07_2020_2021.png,UNKNOWN,0.059,Mumbai_r02_c07,19.11165317604396,72.96239503248873
2.276611328125,0.1950465589761734,0.29112499952316284,4,1.287841796875,Mumbai,Mumbai_r02_c07.tif,2021,2022,REVIEW_REQUIRED,SCATTERED_CHANGE,True,2020 -> 2025,1,SINGLE_INTERVAL_CHANGE,REVIEW_REQUIRED,0.0,0.0,0.0,0.0,1.0,1.0,0.04305329559799837,False,-0.10275950282812119,-0.15126024186611176,0.2577470541000366,1.49645390070922,False,NONE_DETECTED,/content/drive/MyDrive/satellite_change_detection/masks/Mumbai/Mumbai_r02_c07_2021_2022.png,WATER,0.203,Mumbai_r02_c07,19.11165317604396,72.96239503248873
0.30059814453125,0.3279215693473816,0.638380765914917,1,0.30059814453125,Mumbai,Mumbai_r02_c07.tif,2022,2023,LIKELY_NO_CHANGE,SCATTERED_CHANGE,False,2020 -> 2025,1,SINGLE_INTERVAL_CHANGE,LOW_PRIORITY_REVIEW,0.0,0.0002288818359375,0.0,1.52587890625e-05,1.0,1.0,0.1324939153332961,False,-0.2415010929107666,0.11471423506736755,0.0466485321521759,2.4166666666666665,False,NONE_DETECTED,/content/drive/MyDrive/satellite_change_detection/masks/Mumbai/Mumbai_r02_c07_2022_2023.png,UNKNOWN,0.029,Mumbai_r02_c07,19.11165317604396,72.96239503248873
0.360107421875,0.3033062517642975,0.6574226021766663,1,0.360107421875,Mumbai,Mumbai_r02_c07.tif,2023,2024,LIKELY_NO_CHANGE,SCATTERED_CHANGE,False,2020 -> 2025,1,SINGLE_INTERVAL_CHANGE,LOW_PRIORITY_REVIEW,0.0002288818359375,0.0,1.52587890625e-05,0.0,1.0,1.0,0.3363895193096775,False,-0.2072525918483734,0.11986483633518219,0.0715475082397461,1.1111111111111112,False,NONE_DETECTED,/content/drive/MyDrive/satellite_change_detection/masks/Mumbai/Mumbai_r02_c07_2023_2024.png,UNKNOWN,0.034,Mumbai_r02_c07,19.11165317604396,72.96239503248873
0.14190673828125,0.382985919713974,0.5120254755020142,1,0.14190673828125,Mumbai,Mumbai_r02_c07.tif,2024,2025,LIKELY_NO_CHANGE,SCATTERED_CHANGE,False,2020 -> 2025,1,SINGLE_INTERVAL_CHANGE,LOW_PRIORITY_REVIEW,0.0,0.0,0.0,0.0,1.0,1.0,0.11970354619251442,False,0.014200136065483093,-0.2186720371246338,0.28946253657341003,1.4444444444444444,False,NONE_DETECTED,/content/drive/MyDrive/satellite_change_detection/masks/Mumbai/Mumbai_r02_c07_2024_2025.png,UNKNOWN,0.015,Mumbai_r02_c07,19.11165317604396,72.96239503248873
0.77667236328125,0.23642605543136597,0.4852387309074402,5,0.43792724609375,Mumbai,Mumbai_r02_c07.tif,2025,2026,LIKELY_NO_CHANGE,SCATTERED_CHANGE,False,2020 -> 2025,1,SINGLE_INTERVAL_CHANGE,LOW_PRIORITY_REVIEW,0.0,0.0,0.0,0.0,1.0,1.0,0.14577473995563917,False,0.08461471647024155,0.18491002917289734,-0.2975584864616394,1.4463276836158192,False,NONE_DETECTED,/content/drive/MyDrive/satellite_change_detection/masks/Mumbai/Mumbai_r02_c07_2025_2026.png,UNKNOWN,0.069,Mumbai_r02_c07,19.11165317604396,72.96239503248873
27.9052734375,0.28638145327568054,0.8806233406066895,54,5.6304931640625,Mumbai,Mumbai_r03_c00.tif,2020,2021,MODERATE_STRUCTURED_CHANGE,MODERATELY_CONNECTED,True,2020 -> 2021,6,PERSISTENT_CHANGE_SIGNAL,REVIEW_REQUIRED,0.0,0.0,0.0,0.0,1.0,1.0,56.7558226541772,True,0.07847347855567932,0.05912846326828003,-0.11018997430801392,1.0,False,MISALIGNMENT_SUSPECTED,/content/drive/MyDrive/satellite_change_detection/masks/Mumbai/Mumbai_r03_c00_2020_2021.png,UNKNOWN,0.3,Mumbai_r03_c00,19.086570236780663,72.79244496603893
14.9658203125,0.3037402331829071,0.7751278877258301,34,6.9793701171875,Mumbai,Mumbai_r03_c00.tif,2021,2022,MODERATE_STRUCTURED_CHANGE,MODERATELY_CONNECTED,True,2020 -> 2021,6,PERSISTENT_CHANGE_SIGNAL,MODERATE_EVIDENCE,0.0,0.0,0.0,0.0,1.0,1.0,0.13627381655132928,False,-0.07960963249206543,-0.08896957337856293,0.11510109901428223,1.0,False,NONE_DETECTED,/content/drive/MyDrive/satellite_change_detection/masks/Mumbai/Mumbai_r03_c00_2021_2022.png,UNKNOWN,0.876,Mumbai_r03_c00,19.086570236780663,72.79244496603893
12.5,0.27963030338287354,0.6620663404464722,36,4.58526611328125,Mumbai,Mumbai_r03_c00.tif,2022,2023,REVIEW_REQUIRED,MODERATELY_CONNECTED,True,2020 -> 2021,6,PERSISTENT_CHANGE_SIGNAL,MODERATE_EVIDENCE,0.0,0.0,0.0,0.0,1.0,1.0,0.5310755670879189,False,0.009759902954101562,0.07244114577770233,-0.044409334659576416,1.0,False,NONE_DETECTED,/content/drive/MyDrive/satellite_change_detection/masks/Mumbai/Mumbai_r03_c00_2022_2023.png,UNKNOWN,0.804,Mumbai_r03_c00,19.086570236780663,72.79244496603893
40.48309326171875,0.2937932014465332,0.7291369438171387,26,19.95697021484375,Mumbai,Mumbai_r03_c00.tif,2023,2024,MODERATE_STRUCTURED_CHANGE,SPATIALLY_CONNECTED,True,2020 -> 2021,6,PERSISTENT_CHANGE_SIGNAL,REVIEW_REQUIRED,0.0,0.0,0.0,0.0,1.0,1.0,116.03541087733915,True,0.07981392741203308,-0.09795191884040833,-0.0004665851593017578,1.0,False,MISALIGNMENT_SUSPECTED,/content/drive/MyDrive/satellite_change_detection/masks/Mumbai/Mumbai_r03_c00_2023_2024.png,UNKNOWN,0.3,Mumbai_r03_c00,19.086570236780663,72.79244496603893
48.69232177734375,0.31770771741867065,0.7490557432174683,24,34.130859375,Mumbai,Mumbai_r03_c00.tif,2024,2025,STRUCTURED_CHANGE,SPATIALLY_CONNECTED,True,2020 -> 2021,6,PERSISTENT_CHANGE_SIGNAL,REVIEW_REQUIRED,0.0,0.0,0.0,0.0,1.0,1.0,85.49544866347303,True,0.016947627067565918,-0.009783565998077393,-0.011072397232055664,1.0,False,MISALIGNMENT_SUSPECTED,/content/drive/MyDrive/satellite_change_detection/masks/Mumbai/Mumbai_r03_c00_2024_2025.png,UNKNOWN,0.3,Mumbai_r03_c00,19.086570236780663,72.79244496603893
50.360107421875,0.32181400060653687,0.7618934512138367,24,30.67474365234375,Mumbai,Mumbai_r03_c00.tif,2025,2026,STRUCTURED_CHANGE,SPATIALLY_CONNECTED,True,2020 -> 2021,6,PERSISTENT_CHANGE_SIGNAL,REVIEW_REQUIRED,0.0,0.0,0.0,0.0,1.0,1.0,24.919152906206513,True,0.033277928829193115,0.053832948207855225,-0.06340289115905762,1.0,False,MISALIGNMENT_SUSPECTED,/content/drive/MyDrive/satellite_change_detection/masks/Mumbai/Mumbai_r03_c00_2025_2026.png,UNKNOWN,0.3,Mumbai_r03_c00,19.086570236780663,72.79244496603893
0.6072998046875,0.23717203736305237,0.6272865533828735,4,0.41046142578125,Mumbai,Mumbai_r03_c01.tif,2020,2021,LIKELY_NO_CHANGE,SCATTERED_CHANGE,False,No supported change interval,0,NO_SIGNIFICANT_CHANGE,LOW_PRIORITY_REVIEW,1.52587890625e-05,0.0,0.0002593994140625,0.0,1.0,1.0,0.06972996813764257,False,-0.02587679773569107,0.031223909929394722,0.013952523469924927,5.21875,False,NONE_DETECTED,/content/drive/MyDrive/satellite_change_detection/masks/Mumbai/Mumbai_r03_c01_2020_2021.png,UNKNOWN,0.04,Mumbai_r03_c01,19.08686005453996,72.8167627062529
0.18463134765625,0.4093523919582367,0.9928340315818787,2,0.1251220703125,Mumbai,Mumbai_r03_c01.tif,2021,2022,LIKELY_NO_CHANGE,SCATTERED_CHANGE,False,No supported change interval,0,NO_SIGNIFICANT_CHANGE,LOW_PRIORITY_REVIEW,0.0,1.52587890625e-05,0.0,0.0,1.0,1.0,0.04048340278950435,False,-0.04040013253688812,-0.06730206310749054,0.07126867771148682,4.6,False,NONE_DETECTED,/content/drive/MyDrive/satellite_change_detection/masks/Mumbai/Mumbai_r03_c01_2021_2022.png,UNKNOWN,0.015,Mumbai_r03_c01,19.08686005453996,72.8167627062529
0.03814697265625,0.3445678949356079,0.519756555557251,1,0.03814697265625,Mumbai,Mumbai_r03_c01.tif,2022,2023,LIKELY_NO_CHANGE,SCATTERED_CHANGE,False,No supported change interval,0,NO_SIGNIFICANT_CHANGE,LOW_PRIORITY_REVIEW,1.52587890625e-05,0.0,0.0,0.0003204345703125,1.0,1.0,0.1522404445805032,False,-0.2501949071884155,0.10223411023616791,0.09255638718605042,1.0,False,NONE_DETECTED,/content/drive/MyDrive/satellite_change_detection/masks/Mumbai/Mumbai_r03_c01_2022_2023.png,UNKNOWN,0.003,Mumbai_r03_c01,19.08686005453996,72.8167627062529
0.1251220703125,0.29890701174736023,0.5115271806716919,2,0.07171630859375,Mumbai,Mumbai_r03_c01.tif,2023,2024,LIKELY_NO_CHANGE,SCATTERED_CHANGE,False,No supported change interval,0,NO_SIGNIFICANT_CHANGE,LOW_PRIORITY_REVIEW,0.0,1.52587890625e-05,0.0003204345703125,0.0,1.0,1.0,0.08349160373700484,False,-0.06504522264003754,0.002163827419281006,0.08096307516098022,1.8,False,NONE_DETECTED,/content/drive/MyDrive/satellite_change_detection/masks/Mumbai/Mumbai_r03_c01_2023_2024.png,UNKNOWN,0.009,Mumbai_r03_c01,19.08686005453996,72.8167627062529
0.0,0.0,0.0,0,0.0,Mumbai,Mumbai_r03_c01.tif,2024,2025,LIKELY_NO_CHANGE,SCATTERED_CHANGE,False,No supported change interval,0,NO_SIGNIFICANT_CHANGE,LOW_PRIORITY_REVIEW,1.52587890625e-05,0.0,0.0,0.0,1.0,1.0,0.06700860435975779,False,0.0,0.0,0.0,1.0,False,NONE_DETECTED,/content/drive/MyDrive/satellite_change_detection/masks/Mumbai/Mumbai_r03_c01_2024_2025.png,UNKNOWN,0.0,Mumbai_r03_c01,19.08686005453996,72.8167627062529
0.0,0.0,0.0,0,0.0,Mumbai,Mumbai_r03_c01.tif,2025,2026,LIKELY_NO_CHANGE,SCATTERED_CHANGE,False,No supported change interval,0,NO_SIGNIFICANT_CHANGE,LOW_PRIORITY_REVIEW,0.0,0.0,0.0,0.0,1.0,1.0,0.09018885083801798,False,0.0,0.0,0.0,1.0,False,NONE_DETECTED,/content/drive/MyDrive/satellite_change_detection/masks/Mumbai/Mumbai_r03_c01_2025_2026.png,UNKNOWN,0.0,Mumbai_r03_c01,19.08686005453996,72.8167627062529
0.634765625,0.2772579789161682,0.514528751373291,6,0.1983642578125,Mumbai,Mumbai_r03_c02.tif,2020,2021,LIKELY_NO_CHANGE,SCATTERED_CHANGE,False,2020 -> 2024,2,PERSISTENT_CHANGE_SIGNAL,TEMPORAL_ONLY_EVIDENCE,0.00128173828125,0.0010223388671875,0.0019073486328125,0.0005035400390625,1.0,1.0,0.04594860202367884,False,0.07058742642402649,0.030772440135478973,-0.08256000280380249,10.227272727272727,False,NONE_DETECTED,/content/drive/MyDrive/satellite_change_detection/masks/Mumbai/Mumbai_r03_c02_2020_2021.png,UNKNOWN,0.073,Mumbai_r03_c02,19.08714666772428,72.84108088413753
0.46234130859375,0.2815299332141876,0.6134470105171204,6,0.16021728515625,Mumbai,Mumbai_r03_c02.tif,2021,2022,LIKELY_NO_CHANGE,SCATTERED_CHANGE,False,2020 -> 2024,2,PERSISTENT_CHANGE_SIGNAL,TEMPORAL_ONLY_EVIDENCE,0.0010223388671875,0.001495361328125,0.0005035400390625,0.0004730224609375,1.0,1.0,0.02790576568566429,False,-0.010452330112457275,-0.06322599947452545,0.10843172669410706,1.03954802259887,False,NONE_DETECTED,/content/drive/MyDrive/satellite_change_detection/masks/Mumbai/Mumbai_r03_c02_2021_2022.png,UNKNOWN,0.053,Mumbai_r03_c02,19.08714666772428,72.84108088413753
0.81024169921875,0.34111136198043823,0.8670365810394287,7,0.2532958984375,Mumbai,Mumbai_r03_c02.tif,2022,2023,LIKELY_NO_CHANGE,SCATTERED_CHANGE,False,2020 -> 2024,2,PERSISTENT_CHANGE_SIGNAL,TEMPORAL_ONLY_EVIDENCE,0.001495361328125,0.00030517578125,0.0004730224609375,0.0052337646484375,1.0,1.0,0.022496214040593043,False,-0.17012599110603333,0.027923619374632835,0.12036287784576416,2.9871794871794872,True,SEASONAL_VARIATION_LIKELY,/content/drive/MyDrive/satellite_change_detection/masks/Mumbai/Mumbai_r03_c02_2022_2023.png,UNKNOWN,0.089,Mumbai_r03_c02,19.08714666772428,72.84108088413753
0.7232666015625,0.2707613706588745,0.7418639659881592,5,0.5401611328125,Mumbai,Mumbai_r03_c02.tif,2023,2024,LIKELY_NO_CHANGE,SCATTERED_CHANGE,False,2020 -> 2024,2,PERSISTENT_CHANGE_SIGNAL,TEMPORAL_ONLY_EVIDENCE,0.00030517578125,0.00079345703125,0.0052337646484375,0.0,1.0,1.0,0.10181400164411623,False,0.16663607954978943,-0.19472286105155945,0.0842355489730835,1.2520325203252032,False,NONE_DETECTED,/content/drive/MyDrive/satellite_change_detection/masks/Mumbai/Mumbai_r03_c02_2023_2024.png,VEGETATION_GAIN,0.084,Mumbai_r03_c02,19.08714666772428,72.84108088413753
0.95062255859375,0.3054894804954529,0.8677391409873962,5,0.55389404296875,Mumbai,Mumbai_r03_c02.tif,2024,2025,LIKELY_NO_CHANGE,SCATTERED_CHANGE,False,2020 -> 2024,2,PERSISTENT_CHANGE_SIGNAL,TEMPORAL_ONLY_EVIDENCE,0.00079345703125,0.0001220703125,0.0,3.0517578125e-05,1.0,1.0,0.014891103116790944,False,-0.14416128396987915,0.11206278204917908,-0.0047605931758880615,1.286764705882353,False,NONE_DETECTED,/content/drive/MyDrive/satellite_change_detection/masks/Mumbai/Mumbai_r03_c02_2024_2025.png,CONSTRUCTION,0.114,Mumbai_r03_c02,19.08714666772428,72.84108088413753
0.5035400390625,0.2865336239337921,0.593219518661499,4,0.28839111328125,Mumbai,Mumbai_r03_c02.tif,2025,2026,LIKELY_NO_CHANGE,SCATTERED_CHANGE,False,2020 -> 2024,2,PERSISTENT_CHANGE_SIGNAL,TEMPORAL_ONLY_EVIDENCE,0.0001220703125,0.0004119873046875,3.0517578125e-05,0.0,1.0,1.0,0.057696520015340494,False,0.08940619230270386,0.0038491934537887573,-0.06334054470062256,1.2543859649122806,False,NONE_DETECTED,/content/drive/MyDrive/satellite_change_detection/masks/Mumbai/Mumbai_r03_c02_2025_2026.png,UNKNOWN,0.059,Mumbai_r03_c02,19.08714666772428,72.84108088413753
1.42364501953125,0.29075703024864197,0.4768068492412567,6,0.52490234375,Mumbai,Mumbai_r03_c03.tif,2020,2021,LOW_PRIORITY_REVIEW,SCATTERED_CHANGE,False,2020 -> 2022,5,PERSISTENT_CHANGE_SIGNAL,TEMPORAL_ONLY_EVIDENCE,0.00799560546875,0.00408935546875,4.57763671875e-05,0.0,1.0,1.0,0.04749852527371165,False,0.16899770498275757,0.04370245337486267,-0.16239860653877258,2.2524271844660193,True,SEASONAL_VARIATION_LIKELY,/content/drive/MyDrive/satellite_change_detection/masks/Mumbai/Mumbai_r03_c03_2020_2021.png,UNKNOWN,0.185,Mumbai_r03_c03,19.0874300760866,72.86539949482983
0.08697509765625,0.4802442789077759,0.7469973564147949,1,0.08697509765625,Mumbai,Mumbai_r03_c03.tif,2021,2022,LIKELY_NO_CHANGE,SCATTERED_CHANGE,False,2020 -> 2022,5,PERSISTENT_CHANGE_SIGNAL,TEMPORAL_ONLY_EVIDENCE,0.00408935546875,0.010467529296875,0.0,0.0,1.0,1.0,0.08612416383969507,False,-0.04174220561981201,-0.09772051870822906,0.17140524089336395,1.4285714285714286,False,NONE_DETECTED,/content/drive/MyDrive/satellite_change_detection/masks/Mumbai/Mumbai_r03_c03_2021_2022.png,WATER,0.013,Mumbai_r03_c03,19.0874300760866,72.86539949482983
0.73699951171875,0.2888067960739136,0.6292426586151123,7,0.19073486328125,Mumbai,Mumbai_r03_c03.tif,2022,2023,LIKELY_NO_CHANGE,SCATTERED_CHANGE,False,2020 -> 2022,5,PERSISTENT_CHANGE_SIGNAL,TEMPORAL_ONLY_EVIDENCE,0.010467529296875,0.00079345703125,0.0,7.62939453125e-05,1.0,1.0,0.030876903694285876,False,-0.14331665635108948,-0.02228633314371109,0.12424567341804504,1.6551724137931034,False,NONE_DETECTED,/content/drive/MyDrive/satellite_change_detection/masks/Mumbai/Mumbai_r03_c03_2022_2023.png,UNKNOWN,0.103,Mumbai_r03_c03,19.0874300760866,72.86539949482983
0.8056640625,0.38395261764526367,0.7249727845191956,6,0.44097900390625,Mumbai,Mumbai_r03_c03.tif,2023,2024,LIKELY_NO_CHANGE,SCATTERED_CHANGE,False,2020 -> 2022,5,PERSISTENT_CHANGE_SIGNAL,TEMPORAL_ONLY_EVIDENCE,0.00079345703125,0.002838134765625,7.62939453125e-05,0.0,1.0,1.0,0.07126100403650615,False,-0.0005163699388504028,-0.01794683188199997,0.04285058379173279,1.119496855345912,False,NONE_DETECTED,/content/drive/MyDrive/satellite_change_detection/masks/Mumbai/Mumbai_r03_c03_2023_2024.png,UNKNOWN,0.121,Mumbai_r03_c03,19.0874300760866,72.86539949482983
0.39520263671875,0.3212241232395172,0.5421470403671265,5,0.1129150390625,Mumbai,Mumbai_r03_c03.tif,2024,2025,LIKELY_NO_CHANGE,SCATTERED_CHANGE,False,2020 -> 2022,5,PERSISTENT_CHANGE_SIGNAL,TEMPORAL_ONLY_EVIDENCE,0.002838134765625,0.0012054443359375,0.0,0.0,1.0,1.0,0.03260603626857051,False,-0.03753982484340668,-0.03350863605737686,0.07294347882270813,1.1325301204819278,False,NONE_DETECTED,/content/drive/MyDrive/satellite_change_detection/masks/Mumbai/Mumbai_r03_c03_2024_2025.png,UNKNOWN,0.056,Mumbai_r03_c03,19.0874300760866,72.86539949482983
0.18463134765625,0.35796505212783813,0.6509177684783936,2,0.146484375,Mumbai,Mumbai_r03_c03.tif,2025,2026,LIKELY_NO_CHANGE,SCATTERED_CHANGE,False,2020 -> 2022,5,PERSISTENT_CHANGE_SIGNAL,TEMPORAL_ONLY_EVIDENCE,0.0012054443359375,0.003204345703125,0.0,0.0,1.0,1.0,0.041151167963269675,False,-0.025324493646621704,0.006133310496807098,0.0809587836265564,1.0434782608695652,False,NONE_DETECTED,/content/drive/MyDrive/satellite_change_detection/masks/Mumbai/Mumbai_r03_c03_2025_2026.png,UNKNOWN,0.027,Mumbai_r03_c03,19.0874300760866,72.86539949482983
0.13275146484375,0.23689450323581696,0.37353721261024475,3,0.048828125,Mumbai,Mumbai_r03_c04.tif,2020,2021,LIKELY_NO_CHANGE,SCATTERED_CHANGE,False,2020 -> 2026,1,SINGLE_INTERVAL_CHANGE,LOW_PRIORITY_REVIEW,0.001007080078125,0.00067138671875,0.003173828125,0.0,1.0,1.0,0.026976327144562297,False,0.03224165737628937,0.022844992578029633,-0.0248296856880188,5.224489795918367,False,NONE_DETECTED,/content/drive/MyDrive/satellite_change_detection/masks/Mumbai/Mumbai_r03_c04_2020_2021.png,UNKNOWN,0.012,Mumbai_r03_c04,19.087710279382623,72.88971853346617
0.17547607421875,0.4988841414451599,0.8428057432174683,3,0.091552734375,Mumbai,Mumbai_r03_c04.tif,2021,2022,LIKELY_NO_CHANGE,SCATTERED_CHANGE,False,2020 -> 2026,1,SINGLE_INTERVAL_CHANGE,LOW_PRIORITY_REVIEW,0.00067138671875,0.001373291015625,0.0,0.000946044921875,1.0,1.0,0.0425234324165685,False,-0.016898423433303833,0.027518846094608307,0.028613388538360596,1.3924050632911393,False,NONE_DETECTED,/content/drive/MyDrive/satellite_change_detection/masks/Mumbai/Mumbai_r03_c04_2021_2022.png,UNKNOWN,0.018,Mumbai_r03_c04,19.087710279382623,72.88971853346617
0.457763671875,0.29000091552734375,0.5716924071311951,4,0.3204345703125,Mumbai,Mumbai_r03_c04.tif,2022,2023,LIKELY_NO_CHANGE,SCATTERED_CHANGE,False,2020 -> 2026,1,SINGLE_INTERVAL_CHANGE,LOW_PRIORITY_REVIEW,0.001373291015625,0.0006561279296875,0.000946044921875,0.00262451171875,1.0,1.0,0.028437721648411806,False,-0.15045757591724396,-0.006574966013431549,0.12237370014190674,1.2463768115942029,True,SEASONAL_VARIATION_LIKELY,/content/drive/MyDrive/satellite_change_detection/masks/Mumbai/Mumbai_r03_c04_2022_2023.png,UNKNOWN,0.038,Mumbai_r03_c04,19.087710279382623,72.88971853346617
0.115966796875,0.271877259016037,0.5238609313964844,3,0.0396728515625,Mumbai,Mumbai_r03_c04.tif,2023,2024,LIKELY_NO_CHANGE,SCATTERED_CHANGE,False,2020 -> 2026,1,SINGLE_INTERVAL_CHANGE,LOW_PRIORITY_REVIEW,0.0006561279296875,0.0009765625,0.00262451171875,0.0,1.0,1.0,0.12104657022568306,False,0.06966085731983185,-0.0826738029718399,0.04013839364051819,2.1414141414141414,False,NONE_DETECTED,/content/drive/MyDrive/satellite_change_detection/masks/Mumbai/Mumbai_r03_c04_2023_2024.png,UNKNOWN,0.011,Mumbai_r03_c04,19.087710279382623,72.88971853346617
0.19378662109375,0.33774396777153015,0.5950499773025513,3,0.0946044921875,Mumbai,Mumbai_r03_c04.tif,2024,2025,LIKELY_NO_CHANGE,SCATTERED_CHANGE,False,2020 -> 2026,1,SINGLE_INTERVAL_CHANGE,LOW_PRIORITY_REVIEW,0.0009765625,0.0007476806640625,0.0,0.0001068115234375,1.0,1.0,0.056830497401867956,False,-0.004676103591918945,-0.053392212837934494,0.0529925674200058,1.4731182795698925,False,NONE_DETECTED,/content/drive/MyDrive/satellite_change_detection/masks/Mumbai/Mumbai_r03_c04_2024_2025.png,UNKNOWN,0.019,Mumbai_r03_c04,19.087710279382623,72.88971853346617
0.0762939453125,0.37309637665748596,0.6494103074073792,2,0.03814697265625,Mumbai,Mumbai_r03_c04.tif,2025,2026,LIKELY_NO_CHANGE,SCATTERED_CHANGE,False,2020 -> 2026,1,SINGLE_INTERVAL_CHANGE,LOW_PRIORITY_REVIEW,0.0007476806640625,0.0008087158203125,0.0001068115234375,0.0,1.0,1.0,0.04879197467090138,False,0.0655456930398941,0.00018694251775741577,-0.026528775691986084,1.328358208955224,False,NONE_DETECTED,/content/drive/MyDrive/satellite_change_detection/masks/Mumbai/Mumbai_r03_c04_2025_2026.png,UNKNOWN,0.008,Mumbai_r03_c04,19.087710279382623,72.88971853346617
0.1190185546875,0.2616890072822571,0.4715573191642761,2,0.08087158203125,Mumbai,Mumbai_r03_c05.tif,2020,2021,LIKELY_NO_CHANGE,SCATTERED_CHANGE,False,2020 -> 2025,2,PERSISTENT_CHANGE_SIGNAL,TEMPORAL_ONLY_EVIDENCE,0.0004119873046875,1.52587890625e-05,0.0,0.0,1.0,1.0,0.05130564444894775,False,0.01235140860080719,0.017411556094884872,0.004086107015609741,1.2857142857142858,False,NONE_DETECTED,/content/drive/MyDrive/satellite_change_detection/masks/Mumbai/Mumbai_r03_c05_2020_2021.png,UNKNOWN,0.013,Mumbai_r03_c05,19.087987277370846,72.91403799518254
0.43487548828125,0.24241332709789276,0.5208404660224915,3,0.225830078125,Mumbai,Mumbai_r03_c05.tif,2021,2022,LIKELY_NO_CHANGE,SCATTERED_CHANGE,False,2020 -> 2025,2,PERSISTENT_CHANGE_SIGNAL,TEMPORAL_ONLY_EVIDENCE,1.52587890625e-05,0.00018310546875,0.0,0.0,1.0,1.0,0.04538140169556036,False,0.06997333467006683,-0.017968647181987762,-0.03534609079360962,1.7523809523809524,False,NONE_DETECTED,/content/drive/MyDrive/satellite_change_detection/masks/Mumbai/Mumbai_r03_c05_2021_2022.png,UNKNOWN,0.049,Mumbai_r03_c05,19.087987277370846,72.91403799518254
0.286865234375,0.39118990302085876,0.6509981155395508,3,0.1312255859375,Mumbai,Mumbai_r03_c05.tif,2022,2023,LIKELY_NO_CHANGE,SCATTERED_CHANGE,False,2020 -> 2025,2,PERSISTENT_CHANGE_SIGNAL,TEMPORAL_ONLY_EVIDENCE,0.00018310546875,0.0,0.0,0.0,1.0,1.0,0.10011263131867189,False,-0.031161509454250336,0.031623080372810364,0.02207738161087036,2.3333333333333335,False,NONE_DETECTED,/content/drive/MyDrive/satellite_change_detection/masks/Mumbai/Mumbai_r03_c05_2022_2023.png,UNKNOWN,0.036,Mumbai_r03_c05,19.087987277370846,72.91403799518254
0.6622314453125,0.416067510843277,0.7337538003921509,4,0.53253173828125,Mumbai,Mumbai_r03_c05.tif,2023,2024,LIKELY_NO_CHANGE,SCATTERED_CHANGE,False,2020 -> 2025,2,PERSISTENT_CHANGE_SIGNAL,TEMPORAL_ONLY_EVIDENCE,0.0,7.62939453125e-05,0.0,0.0,1.0,1.0,0.06375490635969752,False,-0.3527357578277588,0.09702041745185852,0.2049260437488556,1.2524271844660195,False,NONE_DETECTED,/content/drive/MyDrive/satellite_change_detection/masks/Mumbai/Mumbai_r03_c05_2023_2024.png,WATER,0.086,Mumbai_r03_c05,19.087987277370846,72.91403799518254
0.738525390625,0.3035317063331604,0.5894164443016052,3,0.6317138671875,Mumbai,Mumbai_r03_c05.tif,2024,2025,LIKELY_NO_CHANGE,SCATTERED_CHANGE,False,2020 -> 2025,2,PERSISTENT_CHANGE_SIGNAL,TEMPORAL_ONLY_EVIDENCE,7.62939453125e-05,0.00030517578125,0.0,0.0005645751953125,1.0,1.0,0.035860004526892274,False,-0.17736345529556274,0.10891728848218918,0.006824016571044922,1.1645569620253164,False,NONE_DETECTED,/content/drive/MyDrive/satellite_change_detection/masks/Mumbai/Mumbai_r03_c05_2024_2025.png,CONSTRUCTION,0.089,Mumbai_r03_c05,19.087987277370846,72.91403799518254
0.091552734375,0.26916298270225525,0.5641655921936035,2,0.05340576171875,Mumbai,Mumbai_r03_c05.tif,2025,2026,LIKELY_NO_CHANGE,SCATTERED_CHANGE,False,2020 -> 2025,2,PERSISTENT_CHANGE_SIGNAL,TEMPORAL_ONLY_EVIDENCE,0.00030517578125,0.000457763671875,0.0005645751953125,0.0,1.0,1.0,0.05313497667906474,False,-0.11637499928474426,0.08690299093723297,0.022871166467666626,1.3043478260869565,False,NONE_DETECTED,/content/drive/MyDrive/satellite_change_detection/masks/Mumbai/Mumbai_r03_c05_2025_2026.png,UNKNOWN,0.01,Mumbai_r03_c05,19.087987277370846,72.91403799518254
1.2603759765625,0.24709798395633698,0.6899182796478271,11,0.3082275390625,Mumbai,Mumbai_r03_c06.tif,2020,2021,LOW_PRIORITY_REVIEW,SCATTERED_CHANGE,False,2020 -> 2023,4,PERSISTENT_CHANGE_SIGNAL,TEMPORAL_ONLY_EVIDENCE,0.0,0.0,0.0,0.0,1.0,1.0,0.09498417236829779,False,-0.012717023491859436,0.006329943425953388,0.0027606040239334106,1.0164609053497942,False,NONE_DETECTED,/content/drive/MyDrive/satellite_change_detection/masks/Mumbai/Mumbai_r03_c06_2020_2021.png,UNKNOWN,0.172,Mumbai_r03_c06,19.088261069812475,72.93835787511442
1.45416259765625,0.2968965768814087,0.6024318337440491,12,0.5950927734375,Mumbai,Mumbai_r03_c06.tif,2021,2022,LOW_PRIORITY_REVIEW,SCATTERED_CHANGE,False,2020 -> 2023,4,PERSISTENT_CHANGE_SIGNAL,TEMPORAL_ONLY_EVIDENCE,0.0,0.0,0.0,0.0,1.0,1.0,0.1604470393783295,False,0.013625219464302063,-0.021229997277259827,0.00853055715560913,1.6232876712328768,False,NONE_DETECTED,/content/drive/MyDrive/satellite_change_detection/masks/Mumbai/Mumbai_r03_c06_2021_2022.png,UNKNOWN,0.207,Mumbai_r03_c06,19.088261069812475,72.93835787511442
2.98919677734375,0.4045853912830353,0.9723236560821533,9,1.31683349609375,Mumbai,Mumbai_r03_c06.tif,2022,2023,REVIEW_REQUIRED,SCATTERED_CHANGE,True,2020 -> 2023,4,PERSISTENT_CHANGE_SIGNAL,TEMPORAL_ONLY_EVIDENCE,0.0,0.0,0.0,1.52587890625e-05,1.0,1.0,0.07952463743676431,False,0.02480792999267578,0.08577953279018402,-0.17953051626682281,1.0815217391304348,False,NONE_DETECTED,/content/drive/MyDrive/satellite_change_detection/masks/Mumbai/Mumbai_r03_c06_2022_2023.png,WATER,0.468,Mumbai_r03_c06,19.088261069812475,72.93835787511442
0.885009765625,0.23683789372444153,0.6128729581832886,6,0.4180908203125,Mumbai,Mumbai_r03_c06.tif,2023,2024,LIKELY_NO_CHANGE,SCATTERED_CHANGE,False,2020 -> 2023,4,PERSISTENT_CHANGE_SIGNAL,TEMPORAL_ONLY_EVIDENCE,0.0,0.0,1.52587890625e-05,0.0,1.0,1.0,0.16963815566279702,False,-0.07620105147361755,0.06697957217693329,0.03249511122703552,1.0201342281879195,False,NONE_DETECTED,/content/drive/MyDrive/satellite_change_detection/masks/Mumbai/Mumbai_r03_c06_2023_2024.png,UNKNOWN,0.12,Mumbai_r03_c06,19.088261069812475,72.93835787511442
0.21820068359375,0.19459162652492523,0.2647843360900879,2,0.17242431640625,Mumbai,Mumbai_r03_c06.tif,2024,2025,LIKELY_NO_CHANGE,SCATTERED_CHANGE,False,2020 -> 2023,4,PERSISTENT_CHANGE_SIGNAL,TEMPORAL_ONLY_EVIDENCE,0.0,0.0,0.0,1.52587890625e-05,1.0,1.0,0.03391736238066824,False,0.04180087149143219,-0.04003182053565979,-0.00034114718437194824,1.3043478260869565,False,NONE_DETECTED,/content/drive/MyDrive/satellite_change_detection/masks/Mumbai/Mumbai_r03_c06_2024_2025.png,UNKNOWN,0.028,Mumbai_r03_c06,19.088261069812475,72.93835787511442
0.13275146484375,0.3147308826446533,0.6779302358627319,2,0.08697509765625,Mumbai,Mumbai_r03_c06.tif,2025,2026,LIKELY_NO_CHANGE,SCATTERED_CHANGE,False,2020 -> 2023,4,PERSISTENT_CHANGE_SIGNAL,TEMPORAL_ONLY_EVIDENCE,0.0,0.0,1.52587890625e-05,0.0,1.0,1.0,0.07932953569666788,False,-0.036313246935606,-0.027524380013346672,0.12347540259361267,3.111111111111111,False,NONE_DETECTED,/content/drive/MyDrive/satellite_change_detection/masks/Mumbai/Mumbai_r03_c06_2025_2026.png,UNKNOWN,0.019,Mumbai_r03_c06,19.088261069812475,72.93835787511442
0.0457763671875,0.17848849296569824,0.2183939814567566,1,0.0457763671875,Mumbai,Mumbai_r03_c07.tif,2020,2021,LIKELY_NO_CHANGE,SCATTERED_CHANGE,False,2020 -> 2026,1,SINGLE_INTERVAL_CHANGE,LOW_PRIORITY_REVIEW,0.0,0.0,0.0,0.0,1.0,1.0,0.39216786554752636,False,0.03949768841266632,-0.04200837016105652,-0.02461390197277069,1.2,False,NONE_DETECTED,/content/drive/MyDrive/satellite_change_detection/masks/Mumbai/Mumbai_r03_c07_2020_2021.png,UNKNOWN,0.004,Mumbai_r03_c07,19.08853165647149,72.96267816839678
0.27923583984375,0.19591201841831207,0.2673451602458954,2,0.1953125,Mumbai,Mumbai_r03_c07.tif,2021,2022,LIKELY_NO_CHANGE,SCATTERED_CHANGE,False,2020 -> 2026,1,SINGLE_INTERVAL_CHANGE,LOW_PRIORITY_REVIEW,0.0,0.0,0.0,0.0,1.0,1.0,0.17724046184713624,False,-0.1323522925376892,-0.08432713150978088,0.2241586446762085,3.5714285714285716,False,NONE_DETECTED,/content/drive/MyDrive/satellite_change_detection/masks/Mumbai/Mumbai_r03_c07_2021_2022.png,UNKNOWN,0.023,Mumbai_r03_c07,19.08853165647149,72.96267816839678
0.0,0.0,0.0,0,0.0,Mumbai,Mumbai_r03_c07.tif,2022,2023,LIKELY_NO_CHANGE,SCATTERED_CHANGE,False,2020 -> 2026,1,SINGLE_INTERVAL_CHANGE,LOW_PRIORITY_REVIEW,0.0,0.0,0.0,0.0,1.0,1.0,0.2600016731174891,False,0.0,0.0,0.0,1.0,False,NONE_DETECTED,/content/drive/MyDrive/satellite_change_detection/masks/Mumbai/Mumbai_r03_c07_2022_2023.png,UNKNOWN,0.0,Mumbai_r03_c07,19.08853165647149,72.96267816839678
0.12359619140625,0.21106107532978058,0.2912800908088684,2,0.07781982421875,Mumbai,Mumbai_r03_c07.tif,2023,2024,LIKELY_NO_CHANGE,SCATTERED_CHANGE,False,2020 -> 2026,1,SINGLE_INTERVAL_CHANGE,LOW_PRIORITY_REVIEW,0.0,0.0,0.0,0.0,1.0,1.0,0.11964763616206651,False,-0.03488616272807121,0.16991040110588074,-0.13302628695964813,1.8125,False,NONE_DETECTED,/content/drive/MyDrive/satellite_change_detection/masks/Mumbai/Mumbai_r03_c07_2023_2024.png,UNKNOWN,0.01,Mumbai_r03_c07,19.08853165647149,72.96267816839678
0.33416748046875,0.2233613282442093,0.39768534898757935,2,0.28839111328125,Mumbai,Mumbai_r03_c07.tif,2024,2025,LIKELY_NO_CHANGE,SCATTERED_CHANGE,False,2020 -> 2026,1,SINGLE_INTERVAL_CHANGE,LOW_PRIORITY_REVIEW,0.0,0.0,0.0,0.0,1.0,1.0,0.261473126916891,False,-0.13082025945186615,-0.27735471725463867,0.36369645595550537,2.0,False,NONE_DETECTED,/content/drive/MyDrive/satellite_change_detection/masks/Mumbai/Mumbai_r03_c07_2024_2025.png,UNKNOWN,0.029,Mumbai_r03_c07,19.08853165647149,72.96267816839678
1.98516845703125,0.20388969779014587,0.3953898251056671,9,0.68359375,Mumbai,Mumbai_r03_c07.tif,2025,2026,LOW_PRIORITY_REVIEW,SCATTERED_CHANGE,False,2020 -> 2026,1,SINGLE_INTERVAL_CHANGE,LOW_PRIORITY_REVIEW,0.0,0.0,0.0,0.0,1.0,1.0,0.38164647897460235,False,0.20288892090320587,0.22644680738449097,-0.41983741521835327,1.4301675977653632,False,NONE_DETECTED,/content/drive/MyDrive/satellite_change_detection/masks/Mumbai/Mumbai_r03_c07_2025_2026.png,UNKNOWN,0.173,Mumbai_r03_c07,19.08853165647149,72.96267816839678
47.60894775390625,0.3017142117023468,0.8517846465110779,30,24.89013671875,Mumbai,Mumbai_r04_c00.tif,2020,2021,STRUCTURED_CHANGE,SPATIALLY_CONNECTED,True,2020 -> 2021,6,PERSISTENT_CHANGE_SIGNAL,REVIEW_REQUIRED,0.0,0.0,0.0,0.0,1.0,1.0,122.56205191041857,True,0.068775475025177,0.1039612740278244,-0.1180192232131958,1.0,False,MISALIGNMENT_SUSPECTED,/content/drive/MyDrive/satellite_change_detection/masks/Mumbai/Mumbai_r04_c00_2020_2021.png,UNKNOWN,0.3,Mumbai_r04_c00,19.06345120947128,72.79275127245563
12.2314453125,0.2846164405345917,0.7433491349220276,40,2.55889892578125,Mumbai,Mumbai_r04_c00.tif,2021,2022,REVIEW_REQUIRED,MODERATELY_CONNECTED,True,2020 -> 2021,6,PERSISTENT_CHANGE_SIGNAL,REVIEW_REQUIRED,0.0,0.0,0.0,0.0,1.0,1.0,2.6504202226594744,True,-0.06323274970054626,-0.12622235715389252,0.11910080909729004,1.0,False,MISALIGNMENT_SUSPECTED,/content/drive/MyDrive/satellite_change_detection/masks/Mumbai/Mumbai_r04_c00_2021_2022.png,UNKNOWN,0.3,Mumbai_r04_c00,19.06345120947128,72.79275127245563
37.73651123046875,0.2803155183792114,0.7596518993377686,32,28.41796875,Mumbai,Mumbai_r04_c00.tif,2022,2023,STRUCTURED_CHANGE,SPATIALLY_CONNECTED,True,2020 -> 2021,6,PERSISTENT_CHANGE_SIGNAL,STRONG_EVIDENCE,0.0,0.0,0.0,0.0,1.0,1.0,0.22117410421841616,False,-0.021607130765914917,0.08221189677715302,-0.02109593152999878,1.0,False,NONE_DETECTED,/content/drive/MyDrive/satellite_change_detection/masks/Mumbai/Mumbai_r04_c00_2022_2023.png,UNKNOWN,0.94,Mumbai_r04_c00,19.06345120947128,72.79275127245563
13.71917724609375,0.26049625873565674,0.608783483505249,58,3.84674072265625,Mumbai,Mumbai_r04_c00.tif,2023,2024,REVIEW_REQUIRED,MODERATELY_CONNECTED,True,2020 -> 2021,6,PERSISTENT_CHANGE_SIGNAL,REVIEW_REQUIRED,0.0,0.0,0.0,0.0,1.0,1.0,47.60903800072184,True,0.09870040416717529,-0.09725882112979889,-0.006479740142822266,1.0,False,MISALIGNMENT_SUSPECTED,/content/drive/MyDrive/satellite_change_detection/masks/Mumbai/Mumbai_r04_c00_2023_2024.png,UNKNOWN,0.3,Mumbai_r04_c00,19.06345120947128,72.79275127245563
27.1026611328125,0.2759224772453308,0.7153577208518982,45,7.1197509765625,Mumbai,Mumbai_r04_c00.tif,2024,2025,MODERATE_STRUCTURED_CHANGE,MODERATELY_CONNECTED,True,2020 -> 2021,6,PERSISTENT_CHANGE_SIGNAL,REVIEW_REQUIRED,0.0,0.0,0.0,0.0,1.0,1.0,52.092043835874726,True,-0.012732774019241333,0.008063733577728271,-0.007241368293762207,1.0,False,MISALIGNMENT_SUSPECTED,/content/drive/MyDrive/satellite_change_detection/masks/Mumbai/Mumbai_r04_c00_2024_2025.png,UNKNOWN,0.3,Mumbai_r04_c00,19.06345120947128,72.79275127245563
37.56256103515625,0.2993382513523102,0.7679133415222168,40,20.85723876953125,Mumbai,Mumbai_r04_c00.tif,2025,2026,STRUCTURED_CHANGE,SPATIALLY_CONNECTED,True,2020 -> 2021,6,PERSISTENT_CHANGE_SIGNAL,REVIEW_REQUIRED,0.0,0.0,0.0,0.0,1.0,1.0,101.92419414427937,True,0.043432414531707764,0.0257185697555542,-0.04305911064147949,1.0,False,MISALIGNMENT_SUSPECTED,/content/drive/MyDrive/satellite_change_detection/masks/Mumbai/Mumbai_r04_c00_2025_2026.png,UNKNOWN,0.3,Mumbai_r04_c00,19.06345120947128,72.79275127245563
0.164794921875,0.4029102027416229,0.7216902375221252,2,0.09918212890625,Mumbai,Mumbai_r04_c01.tif,2020,2021,LIKELY_NO_CHANGE,SCATTERED_CHANGE,False,No supported change interval,0,NO_SIGNIFICANT_CHANGE,LOW_PRIORITY_REVIEW,0.00018310546875,1.52587890625e-05,0.0009002685546875,0.0005340576171875,1.0,1.0,0.06411441638403713,False,-0.013783484697341919,0.06548488140106201,-0.05056072771549225,2.4878048780487805,False,NONE_DETECTED,/content/drive/MyDrive/satellite_change_detection/masks/Mumbai/Mumbai_r04_c01_2020_2021.png,UNKNOWN,0.013,Mumbai_r04_c01,19.0637406498195,72.817065645063
0.0,0.0,0.0,0,0.0,Mumbai,Mumbai_r04_c01.tif,2021,2022,LIKELY_NO_CHANGE,SCATTERED_CHANGE,False,No supported change interval,0,NO_SIGNIFICANT_CHANGE,LOW_PRIORITY_REVIEW,1.52587890625e-05,0.0001983642578125,0.0005340576171875,0.0012359619140625,1.0,1.0,0.017803204475614027,False,0.0,0.0,0.0,1.0,False,NONE_DETECTED,/content/drive/MyDrive/satellite_change_detection/masks/Mumbai/Mumbai_r04_c01_2021_2022.png,UNKNOWN,0.0,Mumbai_r04_c01,19.0637406498195,72.817065645063
0.0,0.0,0.0,0,0.0,Mumbai,Mumbai_r04_c01.tif,2022,2023,LIKELY_NO_CHANGE,SCATTERED_CHANGE,False,No supported change interval,0,NO_SIGNIFICANT_CHANGE,LOW_PRIORITY_REVIEW,0.0001983642578125,0.0001068115234375,0.0012359619140625,0.0060272216796875,1.0,1.0,0.05505129069210655,False,0.0,0.0,0.0,1.0,False,NONE_DETECTED,/content/drive/MyDrive/satellite_change_detection/masks/Mumbai/Mumbai_r04_c01_2022_2023.png,UNKNOWN,0.0,Mumbai_r04_c01,19.0637406498195,72.817065645063
0.0640869140625,0.27073854207992554,0.4621049463748932,1,0.0640869140625,Mumbai,Mumbai_r04_c01.tif,2023,2024,LIKELY_NO_CHANGE,SCATTERED_CHANGE,False,No supported change interval,0,NO_SIGNIFICANT_CHANGE,LOW_PRIORITY_REVIEW,0.0001068115234375,9.1552734375e-05,0.0060272216796875,1.52587890625e-05,1.0,1.0,0.07288076168502221,False,0.22110161185264587,0.18584923446178436,-0.40583667159080505,1.3333333333333333,False,NONE_DETECTED,/content/drive/MyDrive/satellite_change_detection/masks/Mumbai/Mumbai_r04_c01_2023_2024.png,UNKNOWN,0.004,Mumbai_r04_c01,19.0637406498195,72.817065645063
0.0,0.0,0.0,0,0.0,Mumbai,Mumbai_r04_c01.tif,2024,2025,LIKELY_NO_CHANGE,SCATTERED_CHANGE,False,No supported change interval,0,NO_SIGNIFICANT_CHANGE,LOW_PRIORITY_REVIEW,9.1552734375e-05,3.0517578125e-05,1.52587890625e-05,4.57763671875e-05,1.0,1.0,0.05759247187492967,False,0.0,0.0,0.0,1.0,False,NONE_DETECTED,/content/drive/MyDrive/satellite_change_detection/masks/Mumbai/Mumbai_r04_c01_2024_2025.png,UNKNOWN,0.0,Mumbai_r04_c01,19.0637406498195,72.817065645063
0.30670166015625,0.46998023986816406,0.8015061020851135,2,0.2532958984375,Mumbai,Mumbai_r04_c01.tif,2025,2026,LIKELY_NO_CHANGE,SCATTERED_CHANGE,False,No supported change interval,0,NO_SIGNIFICANT_CHANGE,LOW_PRIORITY_REVIEW,3.0517578125e-05,6.103515625e-05,4.57763671875e-05,0.0,1.0,1.0,0.0603100897720043,False,0.04799196124076843,-0.0017602122388780117,-0.05961435288190842,1.0138888888888888,False,NONE_DETECTED,/content/drive/MyDrive/satellite_change_detection/masks/Mumbai/Mumbai_r04_c01_2025_2026.png,UNKNOWN,0.025,Mumbai_r04_c01,19.0637406498195,72.817065645063
0.0,0.0,0.0,0,0.0,Mumbai,Mumbai_r04_c02.tif,2020,2021,LIKELY_NO_CHANGE,SCATTERED_CHANGE,False,2020 -> 2025,2,PERSISTENT_CHANGE_SIGNAL,TEMPORAL_ONLY_EVIDENCE,0.000732421875,0.000518798828125,0.0037689208984375,0.0002593994140625,1.0,1.0,0.039860703503586614,False,0.0,0.0,0.0,1.0,False,NONE_DETECTED,/content/drive/MyDrive/satellite_change_detection/masks/Mumbai/Mumbai_r04_c02_2020_2021.png,UNKNOWN,0.0,Mumbai_r04_c02,19.06402688976461,72.84138045506221
0.4638671875,0.3138086199760437,0.6834689974784851,3,0.2227783203125,Mumbai,Mumbai_r04_c02.tif,2021,2022,LIKELY_NO_CHANGE,SCATTERED_CHANGE,False,2020 -> 2025,2,PERSISTENT_CHANGE_SIGNAL,TEMPORAL_ONLY_EVIDENCE,0.000518798828125,0.0005950927734375,0.0002593994140625,0.0034942626953125,1.0,1.0,0.03495784005100323,False,0.05601459741592407,0.0249476358294487,-0.06298449635505676,7.03125,False,NONE_DETECTED,/content/drive/MyDrive/satellite_change_detection/masks/Mumbai/Mumbai_r04_c02_2021_2022.png,UNKNOWN,0.055,Mumbai_r04_c02,19.06402688976461,72.84138045506221
0.201416015625,0.29237428307533264,0.6414971351623535,3,0.10223388671875,Mumbai,Mumbai_r04_c02.tif,2022,2023,LIKELY_NO_CHANGE,SCATTERED_CHANGE,False,2020 -> 2025,2,PERSISTENT_CHANGE_SIGNAL,TEMPORAL_ONLY_EVIDENCE,0.0005950927734375,0.0003204345703125,0.0034942626953125,0.0086517333984375,1.0,1.0,0.05213131995469199,False,-0.0965084433555603,-0.02081374078989029,0.0818491280078888,1.6,False,NONE_DETECTED,/content/drive/MyDrive/satellite_change_detection/masks/Mumbai/Mumbai_r04_c02_2022_2023.png,UNKNOWN,0.023,Mumbai_r04_c02,19.06402688976461,72.84138045506221
0.46844482421875,0.24528779089450836,0.7439371347427368,3,0.22735595703125,Mumbai,Mumbai_r04_c02.tif,2023,2024,LIKELY_NO_CHANGE,SCATTERED_CHANGE,False,2020 -> 2025,2,PERSISTENT_CHANGE_SIGNAL,TEMPORAL_ONLY_EVIDENCE,0.0003204345703125,0.0006256103515625,0.0086517333984375,0.0,1.0,1.0,0.05557241642103039,False,0.03016972541809082,-0.09991735219955444,0.07218495011329651,1.0736196319018405,False,NONE_DETECTED,/content/drive/MyDrive/satellite_change_detection/masks/Mumbai/Mumbai_r04_c02_2023_2024.png,UNKNOWN,0.053,Mumbai_r04_c02,19.06402688976461,72.84138045506221
0.55694580078125,0.33966919779777527,0.7554517984390259,4,0.21820068359375,Mumbai,Mumbai_r04_c02.tif,2024,2025,LIKELY_NO_CHANGE,SCATTERED_CHANGE,False,2020 -> 2025,2,PERSISTENT_CHANGE_SIGNAL,TEMPORAL_ONLY_EVIDENCE,0.0006256103515625,0.000457763671875,0.0,1.52587890625e-05,1.0,1.0,0.034823898625665664,False,-0.08785158395767212,0.069207102060318,-0.013850152492523193,1.9736842105263157,False,NONE_DETECTED,/content/drive/MyDrive/satellite_change_detection/masks/Mumbai/Mumbai_r04_c02_2024_2025.png,UNKNOWN,0.068,Mumbai_r04_c02,19.06402688976461,72.84138045506221
0.2227783203125,0.3251275420188904,0.5625783801078796,5,0.054931640625,Mumbai,Mumbai_r04_c02.tif,2025,2026,LIKELY_NO_CHANGE,SCATTERED_CHANGE,False,2020 -> 2025,2,PERSISTENT_CHANGE_SIGNAL,TEMPORAL_ONLY_EVIDENCE,0.000457763671875,0.00030517578125,1.52587890625e-05,0.0,1.0,1.0,0.031621505161495575,False,-0.09771032631397247,0.027424197643995285,0.05340324342250824,4.027777777777778,False,NONE_DETECTED,/content/drive/MyDrive/satellite_change_detection/masks/Mumbai/Mumbai_r04_c02_2025_2026.png,UNKNOWN,0.027,Mumbai_r04_c02,19.06402688976461,72.84138045506221
0.78582763671875,0.28127798438072205,0.6636749505996704,7,0.2166748046875,Mumbai,Mumbai_r04_c03.tif,2020,2021,LIKELY_NO_CHANGE,SCATTERED_CHANGE,False,2020 -> 2024,2,PERSISTENT_CHANGE_SIGNAL,TEMPORAL_ONLY_EVIDENCE,0.0026702880859375,0.0032501220703125,0.0430755615234375,0.00457763671875,1.0,1.0,0.021635111872216867,False,-0.0045699626207351685,-0.008270177990198135,0.021352499723434448,1.1566820276497696,False,NONE_DETECTED,/content/drive/MyDrive/satellite_change_detection/masks/Mumbai/Mumbai_r04_c03_2020_2021.png,UNKNOWN,0.091,Mumbai_r04_c03,19.06430992905993,72.86569569759328
0.66070556640625,0.26537764072418213,0.468265563249588,4,0.36773681640625,Mumbai,Mumbai_r04_c03.tif,2021,2022,LIKELY_NO_CHANGE,SCATTERED_CHANGE,False,2020 -> 2024,2,PERSISTENT_CHANGE_SIGNAL,TEMPORAL_ONLY_EVIDENCE,0.0032501220703125,0.00384521484375,0.00457763671875,0.013031005859375,1.0,1.0,0.07462328996306648,False,0.026862680912017822,-0.029075786471366882,0.06363824009895325,1.4444444444444444,False,NONE_DETECTED,/content/drive/MyDrive/satellite_change_detection/masks/Mumbai/Mumbai_r04_c03_2021_2022.png,UNKNOWN,0.076,Mumbai_r04_c03,19.06430992905993,72.86569569759328
2.8289794921875,0.30283695459365845,0.6545541882514954,18,0.555419921875,Mumbai,Mumbai_r04_c03.tif,2022,2023,LOW_PRIORITY_REVIEW,SCATTERED_CHANGE,True,2020 -> 2024,2,PERSISTENT_CHANGE_SIGNAL,TEMPORAL_ONLY_EVIDENCE,0.00384521484375,0.0009307861328125,0.013031005859375,0.02178955078125,1.0,1.0,0.034371905723606155,False,-0.0984463095664978,0.014870576560497284,0.04457709193229675,1.1781609195402298,False,NONE_DETECTED,/content/drive/MyDrive/satellite_change_detection/masks/Mumbai/Mumbai_r04_c03_2022_2023.png,UNKNOWN,0.339,Mumbai_r04_c03,19.06430992905993,72.86569569759328
0.82550048828125,0.29391375184059143,0.5895619988441467,13,0.12664794921875,Mumbai,Mumbai_r04_c03.tif,2023,2024,LIKELY_NO_CHANGE,SCATTERED_CHANGE,False,2020 -> 2024,2,PERSISTENT_CHANGE_SIGNAL,TEMPORAL_ONLY_EVIDENCE,0.0009307861328125,0.001007080078125,0.02178955078125,0.0,1.0,1.0,0.10623614376282886,False,-0.0007984638214111328,0.009301111102104187,0.02832038700580597,1.0649350649350648,False,NONE_DETECTED,/content/drive/MyDrive/satellite_change_detection/masks/Mumbai/Mumbai_r04_c03_2023_2024.png,UNKNOWN,0.096,Mumbai_r04_c03,19.06430992905993,72.86569569759328
0.189208984375,0.32896316051483154,0.6082619428634644,3,0.08697509765625,Mumbai,Mumbai_r04_c03.tif,2024,2025,LIKELY_NO_CHANGE,SCATTERED_CHANGE,False,2020 -> 2024,2,PERSISTENT_CHANGE_SIGNAL,TEMPORAL_ONLY_EVIDENCE,0.001007080078125,0.0008544921875,0.0,0.000213623046875,1.0,1.0,0.05497071353477373,False,-0.03028758615255356,-0.009541060775518417,0.07362230122089386,1.1775700934579438,False,NONE_DETECTED,/content/drive/MyDrive/satellite_change_detection/masks/Mumbai/Mumbai_r04_c03_2024_2025.png,UNKNOWN,0.023,Mumbai_r04_c03,19.06430992905993,72.86569569759328
0.03814697265625,0.33614298701286316,0.4656146168708801,1,0.03814697265625,Mumbai,Mumbai_r04_c03.tif,2025,2026,LIKELY_NO_CHANGE,SCATTERED_CHANGE,False,2020 -> 2024,2,PERSISTENT_CHANGE_SIGNAL,TEMPORAL_ONLY_EVIDENCE,0.0008544921875,0.0008087158203125,0.000213623046875,0.0,1.0,1.0,0.01599123523288241,False,-0.0801529660820961,-0.031160928308963776,0.11394618451595306,1.0,False,NONE_DETECTED,/content/drive/MyDrive/satellite_change_detection/masks/Mumbai/Mumbai_r04_c03_2025_2026.png,UNKNOWN,0.005,Mumbai_r04_c03,19.06430992905993,72.86569569759328
0.1708984375,0.379584938287735,0.647625207901001,4,0.05340576171875,Mumbai,Mumbai_r04_c04.tif,2020,2021,LIKELY_NO_CHANGE,SCATTERED_CHANGE,False,No supported change interval,0,NO_SIGNIFICANT_CHANGE,LOW_PRIORITY_REVIEW,0.0001373291015625,0.0,0.0006256103515625,0.0,1.0,1.0,0.0410590304222785,False,0.006283000111579895,0.029763121157884598,0.005409032106399536,2.244186046511628,False,NONE_DETECTED,/content/drive/MyDrive/satellite_change_detection/masks/Mumbai/Mumbai_r04_c04_2020_2021.png,UNKNOWN,0.013,Mumbai_r04_c04,19.06458976746155,72.89001136779578
0.28228759765625,0.3124275505542755,0.6127769947052002,3,0.19073486328125,Mumbai,Mumbai_r04_c04.tif,2021,2022,LIKELY_NO_CHANGE,SCATTERED_CHANGE,False,No supported change interval,0,NO_SIGNIFICANT_CHANGE,LOW_PRIORITY_REVIEW,0.0,0.0001068115234375,0.0,4.57763671875e-05,1.0,1.0,0.05381605512432334,False,-0.05364948511123657,-0.026499658823013306,0.056931108236312866,3.3859649122807016,False,NONE_DETECTED,/content/drive/MyDrive/satellite_change_detection/masks/Mumbai/Mumbai_r04_c04_2021_2022.png,UNKNOWN,0.02,Mumbai_r04_c04,19.06458976746155,72.89001136779578
0.5157470703125,0.3296763300895691,0.7555110454559326,7,0.2044677734375,Mumbai,Mumbai_r04_c04.tif,2022,2023,LIKELY_NO_CHANGE,SCATTERED_CHANGE,False,No supported change interval,0,NO_SIGNIFICANT_CHANGE,LOW_PRIORITY_REVIEW,0.0001068115234375,0.0,4.57763671875e-05,9.1552734375e-05,1.0,1.0,0.027201264881697385,False,-0.020376980304718018,0.0020762234926223755,-0.009413450956344604,1.0,False,NONE_DETECTED,/content/drive/MyDrive/satellite_change_detection/masks/Mumbai/Mumbai_r04_c04_2022_2023.png,UNKNOWN,0.038,Mumbai_r04_c04,19.06458976746155,72.89001136779578
0.3204345703125,0.31573840975761414,0.815662145614624,4,0.164794921875,Mumbai,Mumbai_r04_c04.tif,2023,2024,LIKELY_NO_CHANGE,SCATTERED_CHANGE,False,No supported change interval,0,NO_SIGNIFICANT_CHANGE,LOW_PRIORITY_REVIEW,0.0,3.0517578125e-05,9.1552734375e-05,0.0,1.0,1.0,0.11340742373367585,False,-0.07568080723285675,-0.022125419229269028,0.12388879060745239,1.0925925925925926,False,NONE_DETECTED,/content/drive/MyDrive/satellite_change_detection/masks/Mumbai/Mumbai_r04_c04_2023_2024.png,UNKNOWN,0.023,Mumbai_r04_c04,19.06458976746155,72.89001136779578
0.24566650390625,0.3615495264530182,0.6633967161178589,3,0.0946044921875,Mumbai,Mumbai_r04_c04.tif,2024,2025,LIKELY_NO_CHANGE,SCATTERED_CHANGE,False,No supported change interval,0,NO_SIGNIFICANT_CHANGE,LOW_PRIORITY_REVIEW,3.0517578125e-05,0.0002288818359375,0.0,0.0002593994140625,1.0,1.0,0.03572533353971148,False,-0.07357394695281982,0.03852800652384758,0.013907074928283691,1.1428571428571428,False,NONE_DETECTED,/content/drive/MyDrive/satellite_change_detection/masks/Mumbai/Mumbai_r04_c04_2024_2025.png,UNKNOWN,0.019,Mumbai_r04_c04,19.06458976746155,72.89001136779578
0.26702880859375,0.31344079971313477,0.6594046354293823,4,0.11444091796875,Mumbai,Mumbai_r04_c04.tif,2025,2026,LIKELY_NO_CHANGE,SCATTERED_CHANGE,False,No supported change interval,0,NO_SIGNIFICANT_CHANGE,LOW_PRIORITY_REVIEW,0.0002288818359375,0.0002593994140625,0.0002593994140625,0.0,1.0,1.0,0.05127165624883575,False,0.011729717254638672,-0.044906534254550934,0.06144019961357117,2.418918918918919,False,NONE_DETECTED,/content/drive/MyDrive/satellite_change_detection/masks/Mumbai/Mumbai_r04_c04_2025_2026.png,UNKNOWN,0.019,Mumbai_r04_c04,19.06458976746155,72.89001136779578
0.20599365234375,0.3235476315021515,0.5797563791275024,3,0.10223388671875,Mumbai,Mumbai_r04_c05.tif,2020,2021,LIKELY_NO_CHANGE,SCATTERED_CHANGE,False,2020 -> 2026,1,SINGLE_INTERVAL_CHANGE,LOW_PRIORITY_REVIEW,7.62939453125e-05,1.52587890625e-05,0.0,0.0,1.0,1.0,0.030920906823786065,False,-0.03536728024482727,0.023543458431959152,0.004063427448272705,1.106951871657754,False,NONE_DETECTED,/content/drive/MyDrive/satellite_change_detection/masks/Mumbai/Mumbai_r04_c05_2020_2021.png,UNKNOWN,0.02,Mumbai_r04_c05,19.064866404728285,72.9143274608087
0.15411376953125,0.2945815622806549,0.4041590392589569,2,0.115966796875,Mumbai,Mumbai_r04_c05.tif,2021,2022,LIKELY_NO_CHANGE,SCATTERED_CHANGE,False,2020 -> 2026,1,SINGLE_INTERVAL_CHANGE,LOW_PRIORITY_REVIEW,1.52587890625e-05,3.0517578125e-05,0.0,1.52587890625e-05,1.0,1.0,0.05287202043088155,False,0.16365917026996613,-0.04833272099494934,-0.0702441930770874,1.3058823529411765,True,SEASONAL_VARIATION_LIKELY,/content/drive/MyDrive/satellite_change_detection/masks/Mumbai/Mumbai_r04_c05_2021_2022.png,UNKNOWN,0.013,Mumbai_r04_c05,19.064866404728285,72.9143274608087
0.8544921875,0.3293978273868561,0.6121503710746765,5,0.5401611328125,Mumbai,Mumbai_r04_c05.tif,2022,2023,LIKELY_NO_CHANGE,SCATTERED_CHANGE,False,2020 -> 2026,1,SINGLE_INTERVAL_CHANGE,LOW_PRIORITY_REVIEW,3.0517578125e-05,4.57763671875e-05,1.52587890625e-05,0.0,1.0,1.0,0.06642680538980805,False,-0.10978472232818604,0.04001899063587189,0.03274700045585632,1.2462686567164178,False,NONE_DETECTED,/content/drive/MyDrive/satellite_change_detection/masks/Mumbai/Mumbai_r04_c05_2022_2023.png,UNKNOWN,0.085,Mumbai_r04_c05,19.064866404728285,72.9143274608087
0.4638671875,0.32583338022232056,0.6326494216918945,5,0.13427734375,Mumbai,Mumbai_r04_c05.tif,2023,2024,LIKELY_NO_CHANGE,SCATTERED_CHANGE,False,2020 -> 2026,1,SINGLE_INTERVAL_CHANGE,LOW_PRIORITY_REVIEW,4.57763671875e-05,4.57763671875e-05,0.0,0.0,1.0,1.0,0.07228564812857216,False,-0.11245398223400116,0.023057719692587852,0.06597965955734253,1.2164179104477613,False,NONE_DETECTED,/content/drive/MyDrive/satellite_change_detection/masks/Mumbai/Mumbai_r04_c05_2023_2024.png,UNKNOWN,0.045,Mumbai_r04_c05,19.064866404728285,72.9143274608087
0.1068115234375,0.37660855054855347,0.6228390336036682,2,0.067138671875,Mumbai,Mumbai_r04_c05.tif,2024,2025,LIKELY_NO_CHANGE,SCATTERED_CHANGE,False,2020 -> 2026,1,SINGLE_INTERVAL_CHANGE,LOW_PRIORITY_REVIEW,4.57763671875e-05,0.0,0.0,0.0004730224609375,1.0,1.0,0.037311655395839534,False,0.0011313259601593018,-0.05332694202661514,0.014729142189025879,1.3397435897435896,False,NONE_DETECTED,/content/drive/MyDrive/satellite_change_detection/masks/Mumbai/Mumbai_r04_c05_2024_2025.png,UNKNOWN,0.011,Mumbai_r04_c05,19.064866404728285,72.9143274608087
0.482177734375,0.3243808150291443,0.5816863179206848,6,0.13885498046875,Mumbai,Mumbai_r04_c05.tif,2025,2026,LIKELY_NO_CHANGE,SCATTERED_CHANGE,False,2020 -> 2026,1,SINGLE_INTERVAL_CHANGE,LOW_PRIORITY_REVIEW,0.0,4.57763671875e-05,0.0004730224609375,0.0,1.0,1.0,0.04915817496907773,False,-0.0291559100151062,-0.010183818638324738,0.02647644281387329,1.4069767441860466,False,NONE_DETECTED,/content/drive/MyDrive/satellite_change_detection/masks/Mumbai/Mumbai_r04_c05_2025_2026.png,UNKNOWN,0.047,Mumbai_r04_c05,19.064866404728285,72.9143274608087
0.40283203125,0.25637534260749817,0.42444396018981934,7,0.10986328125,Mumbai,Mumbai_r04_c06.tif,2020,2021,LIKELY_NO_CHANGE,SCATTERED_CHANGE,False,2020 -> 2023,4,PERSISTENT_CHANGE_SIGNAL,TEMPORAL_ONLY_EVIDENCE,0.0001068115234375,7.62939453125e-05,0.0,0.0,1.0,1.0,0.04554939313843727,False,-0.021245121955871582,-0.08366011083126068,0.12114891409873962,1.6585365853658536,False,NONE_DETECTED,/content/drive/MyDrive/satellite_change_detection/masks/Mumbai/Mumbai_r04_c06_2020_2021.png,UNKNOWN,0.055,Mumbai_r04_c06,19.065139840621715,72.93864397177063
0.64697265625,0.27626943588256836,0.7438501119613647,7,0.14190673828125,Mumbai,Mumbai_r04_c06.tif,2021,2022,LIKELY_NO_CHANGE,SCATTERED_CHANGE,False,2020 -> 2023,4,PERSISTENT_CHANGE_SIGNAL,TEMPORAL_ONLY_EVIDENCE,7.62939453125e-05,4.57763671875e-05,0.0,0.0,1.0,1.0,0.17130327260117081,False,0.028066188097000122,-0.05450986325740814,0.02285870909690857,2.139784946236559,False,NONE_DETECTED,/content/drive/MyDrive/satellite_change_detection/masks/Mumbai/Mumbai_r04_c06_2021_2022.png,UNKNOWN,0.089,Mumbai_r04_c06,19.065139840621715,72.93864397177063
2.0355224609375,0.37812912464141846,0.7510257959365845,4,1.898193359375,Mumbai,Mumbai_r04_c06.tif,2022,2023,REVIEW_REQUIRED,SCATTERED_CHANGE,True,2020 -> 2023,4,PERSISTENT_CHANGE_SIGNAL,TEMPORAL_ONLY_EVIDENCE,4.57763671875e-05,0.0,0.0,3.0517578125e-05,1.0,1.0,0.051810744861694895,False,-0.27711546421051025,0.13362455368041992,0.07592666149139404,1.2302158273381294,False,NONE_DETECTED,/content/drive/MyDrive/satellite_change_detection/masks/Mumbai/Mumbai_r04_c06_2022_2023.png,CONSTRUCTION,0.32,Mumbai_r04_c06,19.065139840621715,72.93864397177063
0.73394775390625,0.25901857018470764,0.6873460412025452,8,0.31280517578125,Mumbai,Mumbai_r04_c06.tif,2023,2024,LIKELY_NO_CHANGE,SCATTERED_CHANGE,False,2020 -> 2023,4,PERSISTENT_CHANGE_SIGNAL,TEMPORAL_ONLY_EVIDENCE,0.0,1.52587890625e-05,3.0517578125e-05,0.0,1.0,1.0,0.16233049184920964,False,-0.04685366898775101,0.02227519452571869,0.04581892490386963,1.0119760479041917,False,NONE_DETECTED,/content/drive/MyDrive/satellite_change_detection/masks/Mumbai/Mumbai_r04_c06_2023_2024.png,UNKNOWN,0.101,Mumbai_r04_c06,19.065139840621715,72.93864397177063
0.22125244140625,0.23730531334877014,0.3972400426864624,4,0.0732421875,Mumbai,Mumbai_r04_c06.tif,2024,2025,LIKELY_NO_CHANGE,SCATTERED_CHANGE,False,2020 -> 2023,4,PERSISTENT_CHANGE_SIGNAL,TEMPORAL_ONLY_EVIDENCE,1.52587890625e-05,9.1552734375e-05,0.0,0.0,1.0,1.0,0.029292588971909887,False,0.03816324472427368,0.003922387957572937,-0.05468544363975525,3.4583333333333335,False,NONE_DETECTED,/content/drive/MyDrive/satellite_change_detection/masks/Mumbai/Mumbai_r04_c06_2024_2025.png,UNKNOWN,0.03,Mumbai_r04_c06,19.065139840621715,72.93864397177063
0.12969970703125,0.2517108619213104,0.37640854716300964,1,0.12969970703125,Mumbai,Mumbai_r04_c06.tif,2025,2026,LIKELY_NO_CHANGE,SCATTERED_CHANGE,False,2020 -> 2023,4,PERSISTENT_CHANGE_SIGNAL,TEMPORAL_ONLY_EVIDENCE,9.1552734375e-05,0.0,0.0,0.0,1.0,1.0,0.0795508987834715,False,0.1024085059762001,-0.027088038623332977,-0.04877448081970215,1.1,False,NONE_DETECTED,/content/drive/MyDrive/satellite_change_detection/masks/Mumbai/Mumbai_r04_c06_2025_2026.png,UNKNOWN,0.018,Mumbai_r04_c06,19.065139840621715,72.93864397177063
0.2960205078125,0.22516058385372162,0.32487794756889343,5,0.12054443359375,Mumbai,Mumbai_r04_c07.tif,2020,2021,LIKELY_NO_CHANGE,SCATTERED_CHANGE,False,No supported change interval,0,NO_SIGNIFICANT_CHANGE,LOW_PRIORITY_REVIEW,0.0,0.0,0.0,0.0,1.0,1.0,0.13752582178807737,False,0.020098648965358734,-0.01629532314836979,0.013133600354194641,1.84,False,NONE_DETECTED,/content/drive/MyDrive/satellite_change_detection/masks/Mumbai/Mumbai_r04_c07_2020_2021.png,UNKNOWN,0.019,Mumbai_r04_c07,19.06541007490617,72.96296089581968
1.11236572265625,0.2621399760246277,0.7205365300178528,7,0.45318603515625,Mumbai,Mumbai_r04_c07.tif,2021,2022,LOW_PRIORITY_REVIEW,SCATTERED_CHANGE,False,No supported change interval,0,NO_SIGNIFICANT_CHANGE,LOW_PRIORITY_REVIEW,0.0,0.0,0.0,0.0,1.0,1.0,0.12192899856964577,False,-0.04286417365074158,-0.019264698028564453,0.05796615034341812,2.13,False,NONE_DETECTED,/content/drive/MyDrive/satellite_change_detection/masks/Mumbai/Mumbai_r04_c07_2021_2022.png,UNKNOWN,0.076,Mumbai_r04_c07,19.06541007490617,72.96296089581968
0.0,0.0,0.0,0,0.0,Mumbai,Mumbai_r04_c07.tif,2022,2023,LIKELY_NO_CHANGE,SCATTERED_CHANGE,False,No supported change interval,0,NO_SIGNIFICANT_CHANGE,LOW_PRIORITY_REVIEW,0.0,0.0,0.0,0.0,1.0,1.0,0.1379413400187128,False,0.0,0.0,0.0,1.0,False,NONE_DETECTED,/content/drive/MyDrive/satellite_change_detection/masks/Mumbai/Mumbai_r04_c07_2022_2023.png,UNKNOWN,0.0,Mumbai_r04_c07,19.06541007490617,72.96296089581968
0.93231201171875,0.2503328025341034,0.5989806652069092,3,0.616455078125,Mumbai,Mumbai_r04_c07.tif,2023,2024,LIKELY_NO_CHANGE,SCATTERED_CHANGE,False,No supported change interval,0,NO_SIGNIFICANT_CHANGE,LOW_PRIORITY_REVIEW,0.0,0.0,0.0,0.0,1.0,1.0,0.06513984346881298,False,0.06342959403991699,0.04780479520559311,-0.1088828295469284,1.054054054054054,False,NONE_DETECTED,/content/drive/MyDrive/satellite_change_detection/masks/Mumbai/Mumbai_r04_c07_2023_2024.png,UNKNOWN,0.064,Mumbai_r04_c07,19.06541007490617,72.96296089581968
2.032470703125,0.290127694606781,0.8767017126083374,9,1.01165771484375,Mumbai,Mumbai_r04_c07.tif,2024,2025,REVIEW_REQUIRED,SCATTERED_CHANGE,True,No supported change interval,0,NO_SIGNIFICANT_CHANGE,REVIEW_REQUIRED,0.0,0.0,0.0,0.0,1.0,1.0,0.16881780454420367,False,-0.08632361888885498,-0.22197815775871277,0.2966161072254181,1.8492063492063493,False,NONE_DETECTED,/content/drive/MyDrive/satellite_change_detection/masks/Mumbai/Mumbai_r04_c07_2024_2025.png,WATER,0.151,Mumbai_r04_c07,19.06541007490617,72.96296089581968
0.48675537109375,0.20843248069286346,0.32795822620391846,3,0.3387451171875,Mumbai,Mumbai_r04_c07.tif,2025,2026,LIKELY_NO_CHANGE,SCATTERED_CHANGE,False,No supported change interval,0,NO_SIGNIFICANT_CHANGE,LOW_PRIORITY_REVIEW,0.0,0.0,0.0,0.0,1.0,1.0,0.02733622958006582,False,0.3264715373516083,0.26448702812194824,-0.543792724609375,3.5357142857142856,False,NONE_DETECTED,/content/drive/MyDrive/satellite_change_detection/masks/Mumbai/Mumbai_r04_c07_2025_2026.png,UNKNOWN,0.03,Mumbai_r04_c07,19.06541007490617,72.96296089581968
24.8687744140625,0.29616662859916687,0.7716622352600098,44,3.70025634765625,Mumbai,Mumbai_r05_c00.tif,2020,2021,REVIEW_REQUIRED,MODERATELY_CONNECTED,True,2020 -> 2021,6,PERSISTENT_CHANGE_SIGNAL,REVIEW_REQUIRED,0.0,0.0,0.0,0.0,1.0,1.0,107.18176058354189,True,0.05325949192047119,0.07653424143791199,-0.09915053844451904,1.0,False,MISALIGNMENT_SUSPECTED,/content/drive/MyDrive/satellite_change_detection/masks/Mumbai/Mumbai_r05_c00_2020_2021.png,UNKNOWN,0.3,Mumbai_r05_c00,19.04033211955128,72.79305713662089
28.72161865234375,0.3047538697719574,0.7370446920394897,46,13.9984130859375,Mumbai,Mumbai_r05_c00.tif,2021,2022,MODERATE_STRUCTURED_CHANGE,SPATIALLY_CONNECTED,True,2020 -> 2021,6,PERSISTENT_CHANGE_SIGNAL,REVIEW_REQUIRED,0.0,0.0,0.0,0.0,1.0,1.0,4.1680824637436364,True,-0.06324112415313721,-0.10489532351493835,0.11468464136123657,1.0,False,MISALIGNMENT_SUSPECTED,/content/drive/MyDrive/satellite_change_detection/masks/Mumbai/Mumbai_r05_c00_2021_2022.png,UNKNOWN,0.3,Mumbai_r05_c00,19.04033211955128,72.79305713662089
36.5386962890625,0.3110907971858978,0.7879310846328735,35,15.66925048828125,Mumbai,Mumbai_r05_c00.tif,2022,2023,MODERATE_STRUCTURED_CHANGE,SPATIALLY_CONNECTED,True,2020 -> 2021,6,PERSISTENT_CHANGE_SIGNAL,REVIEW_REQUIRED,0.0,0.0,0.0,0.0,1.0,1.0,30.940650779404688,True,-0.04958242177963257,0.06560312211513519,0.013334095478057861,1.0,False,MISALIGNMENT_SUSPECTED,/content/drive/MyDrive/satellite_change_detection/masks/Mumbai/Mumbai_r05_c00_2022_2023.png,UNKNOWN,0.3,Mumbai_r05_c00,19.04033211955128,72.79305713662089
36.59820556640625,0.2965858578681946,0.7451590895652771,32,15.3289794921875,Mumbai,Mumbai_r05_c00.tif,2023,2024,MODERATE_STRUCTURED_CHANGE,SPATIALLY_CONNECTED,True,2020 -> 2021,6,PERSISTENT_CHANGE_SIGNAL,REVIEW_REQUIRED,0.0,0.0,0.0,0.0,1.0,1.0,92.53349219253073,True,0.0598568320274353,-0.08769077062606812,0.00159376859664917,1.0,False,MISALIGNMENT_SUSPECTED,/content/drive/MyDrive/satellite_change_detection/masks/Mumbai/Mumbai_r05_c00_2023_2024.png,UNKNOWN,0.3,Mumbai_r05_c00,19.04033211955128,72.79305713662089
19.6868896484375,0.27772095799446106,0.8354231715202332,47,6.20574951171875,Mumbai,Mumbai_r05_c00.tif,2024,2025,MODERATE_STRUCTURED_CHANGE,MODERATELY_CONNECTED,True,2020 -> 2021,6,PERSISTENT_CHANGE_SIGNAL,REVIEW_REQUIRED,0.0,0.0,0.0,0.0,1.0,1.0,2.797423286487287,True,0.03177115321159363,0.003193110227584839,-0.03230631351470947,1.0,False,MISALIGNMENT_SUSPECTED,/content/drive/MyDrive/satellite_change_detection/masks/Mumbai/Mumbai_r05_c00_2024_2025.png,UNKNOWN,0.3,Mumbai_r05_c00,19.04033211955128,72.79305713662089
30.6121826171875,0.29029640555381775,0.805317223072052,56,8.52813720703125,Mumbai,Mumbai_r05_c00.tif,2025,2026,MODERATE_STRUCTURED_CHANGE,MODERATELY_CONNECTED,True,2020 -> 2021,6,PERSISTENT_CHANGE_SIGNAL,REVIEW_REQUIRED,0.0,0.0,0.0,0.0,1.0,1.0,62.6880051910245,True,0.05832013487815857,0.0012577176094055176,-0.0373530387878418,1.0,False,MISALIGNMENT_SUSPECTED,/content/drive/MyDrive/satellite_change_detection/masks/Mumbai/Mumbai_r05_c00_2025_2026.png,UNKNOWN,0.3,Mumbai_r05_c00,19.04033211955128,72.79305713662089
0.0,0.0,0.0,0,0.0,Mumbai,Mumbai_r05_c01.tif,2020,2021,LIKELY_NO_CHANGE,SCATTERED_CHANGE,False,No supported change interval,0,NO_SIGNIFICANT_CHANGE,LOW_PRIORITY_REVIEW,0.0001220703125,0.0001068115234375,0.0001068115234375,9.1552734375e-05,1.0,1.0,0.0670632310686267,False,0.0,0.0,0.0,1.0,False,NONE_DETECTED,/content/drive/MyDrive/satellite_change_detection/masks/Mumbai/Mumbai_r05_c01_2020_2021.png,UNKNOWN,0.0,Mumbai_r05_c01,19.040621182589405,72.81736814648116
0.0,0.0,0.0,0,0.0,Mumbai,Mumbai_r05_c01.tif,2021,2022,LIKELY_NO_CHANGE,SCATTERED_CHANGE,False,No supported change interval,0,NO_SIGNIFICANT_CHANGE,LOW_PRIORITY_REVIEW,0.0001068115234375,0.0001373291015625,9.1552734375e-05,0.0006866455078125,1.0,1.0,0.056862128723576245,False,0.0,0.0,0.0,1.0,False,NONE_DETECTED,/content/drive/MyDrive/satellite_change_detection/masks/Mumbai/Mumbai_r05_c01_2021_2022.png,UNKNOWN,0.0,Mumbai_r05_c01,19.040621182589405,72.81736814648116
0.32501220703125,0.27723899483680725,0.46283408999443054,2,0.2105712890625,Mumbai,Mumbai_r05_c01.tif,2022,2023,LIKELY_NO_CHANGE,SCATTERED_CHANGE,False,No supported change interval,0,NO_SIGNIFICANT_CHANGE,LOW_PRIORITY_REVIEW,0.0001373291015625,3.0517578125e-05,0.0006866455078125,0.0028076171875,1.0,1.0,0.02344151782541471,False,-0.1356029212474823,-0.026208940893411636,0.10334914922714233,1.2272727272727273,False,NONE_DETECTED,/content/drive/MyDrive/satellite_change_detection/masks/Mumbai/Mumbai_r05_c01_2022_2023.png,UNKNOWN,0.022,Mumbai_r05_c01,19.040621182589405,72.81736814648116
0.0,0.0,0.0,0,0.0,Mumbai,Mumbai_r05_c01.tif,2023,2024,LIKELY_NO_CHANGE,SCATTERED_CHANGE,False,No supported change interval,0,NO_SIGNIFICANT_CHANGE,LOW_PRIORITY_REVIEW,3.0517578125e-05,7.62939453125e-05,0.0028076171875,0.0,1.0,1.0,0.07455731103898895,False,0.0,0.0,0.0,1.0,False,NONE_DETECTED,/content/drive/MyDrive/satellite_change_detection/masks/Mumbai/Mumbai_r05_c01_2023_2024.png,UNKNOWN,0.0,Mumbai_r05_c01,19.040621182589405,72.81736814648116
0.2593994140625,0.40216997265815735,0.6788619160652161,2,0.18463134765625,Mumbai,Mumbai_r05_c01.tif,2024,2025,LIKELY_NO_CHANGE,SCATTERED_CHANGE,False,No supported change interval,0,NO_SIGNIFICANT_CHANGE,LOW_PRIORITY_REVIEW,7.62939453125e-05,3.0517578125e-05,0.0,0.0,1.0,1.0,0.04546958264826985,False,-0.2687402367591858,0.12443821877241135,0.08279570937156677,4.260869565217392,False,NONE_DETECTED,/content/drive/MyDrive/satellite_change_detection/masks/Mumbai/Mumbai_r05_c01_2024_2025.png,UNKNOWN,0.021,Mumbai_r05_c01,19.040621182589405,72.81736814648116
0.1495361328125,0.3593806028366089,0.6799448728561401,2,0.11138916015625,Mumbai,Mumbai_r05_c01.tif,2025,2026,LIKELY_NO_CHANGE,SCATTERED_CHANGE,False,No supported change interval,0,NO_SIGNIFICANT_CHANGE,LOW_PRIORITY_REVIEW,3.0517578125e-05,6.103515625e-05,0.0,0.0,1.0,1.0,0.031924919512261785,False,-0.05276919901371002,-0.038273222744464874,0.11900676786899567,4.230769230769231,False,NONE_DETECTED,/content/drive/MyDrive/satellite_change_detection/masks/Mumbai/Mumbai_r05_c01_2025_2026.png,UNKNOWN,0.011,Mumbai_r05_c01,19.040621182589405,72.81736814648116
0.31280517578125,0.38690945506095886,0.5875471234321594,3,0.189208984375,Mumbai,Mumbai_r05_c02.tif,2020,2021,LIKELY_NO_CHANGE,SCATTERED_CHANGE,False,No supported change interval,0,NO_SIGNIFICANT_CHANGE,LOW_PRIORITY_REVIEW,0.0003204345703125,0.000213623046875,0.0383148193359375,0.0191650390625,1.0,1.0,0.02464558355347569,False,0.00458797812461853,-0.06916545331478119,0.09064021706581116,1.1,False,NONE_DETECTED,/content/drive/MyDrive/satellite_change_detection/masks/Mumbai/Mumbai_r05_c02_2020_2021.png,UNKNOWN,0.025,Mumbai_r05_c02,19.04090704939516,72.8416795934549
0.0,0.0,0.0,0,0.0,Mumbai,Mumbai_r05_c02.tif,2021,2022,LIKELY_NO_CHANGE,SCATTERED_CHANGE,False,No supported change interval,0,NO_SIGNIFICANT_CHANGE,LOW_PRIORITY_REVIEW,0.000213623046875,0.000396728515625,0.0191650390625,0.02545166015625,1.0,1.0,0.024540466598803882,False,0.0,0.0,0.0,1.0,False,NONE_DETECTED,/content/drive/MyDrive/satellite_change_detection/masks/Mumbai/Mumbai_r05_c02_2021_2022.png,UNKNOWN,0.0,Mumbai_r05_c02,19.04090704939516,72.8416795934549
0.469970703125,0.2988808751106262,0.5415620803833008,3,0.341796875,Mumbai,Mumbai_r05_c02.tif,2022,2023,LIKELY_NO_CHANGE,SCATTERED_CHANGE,False,No supported change interval,0,NO_SIGNIFICANT_CHANGE,LOW_PRIORITY_REVIEW,0.000396728515625,9.1552734375e-05,0.02545166015625,0.08203125,1.0,1.0,0.0388899043180727,False,0.0030686110258102417,-0.005315260961651802,-0.031379491090774536,2.278688524590164,False,NONE_DETECTED,/content/drive/MyDrive/satellite_change_detection/masks/Mumbai/Mumbai_r05_c02_2022_2023.png,UNKNOWN,0.034,Mumbai_r05_c02,19.04090704939516,72.8416795934549
0.2227783203125,0.29888519644737244,0.679686427116394,3,0.1068115234375,Mumbai,Mumbai_r05_c02.tif,2023,2024,LIKELY_NO_CHANGE,SCATTERED_CHANGE,False,No supported change interval,0,NO_SIGNIFICANT_CHANGE,LOW_PRIORITY_REVIEW,9.1552734375e-05,7.62939453125e-05,0.08203125,0.0,1.0,1.0,0.11005846606143652,False,-0.004154924303293228,0.058501288294792175,-0.04019799083471298,1.4150943396226414,False,NONE_DETECTED,/content/drive/MyDrive/satellite_change_detection/masks/Mumbai/Mumbai_r05_c02_2023_2024.png,UNKNOWN,0.016,Mumbai_r05_c02,19.04090704939516,72.8416795934549
0.18768310546875,0.3982984125614166,0.6973453760147095,3,0.0762939453125,Mumbai,Mumbai_r05_c02.tif,2024,2025,LIKELY_NO_CHANGE,SCATTERED_CHANGE,False,No supported change interval,0,NO_SIGNIFICANT_CHANGE,LOW_PRIORITY_REVIEW,7.62939453125e-05,3.0517578125e-05,0.0,0.0,1.0,1.0,0.028889972373249778,False,-0.10754452645778656,-0.08750712126493454,0.22473113238811493,1.098901098901099,False,NONE_DETECTED,/content/drive/MyDrive/satellite_change_detection/masks/Mumbai/Mumbai_r05_c02_2024_2025.png,UNKNOWN,0.015,Mumbai_r05_c02,19.04090704939516,72.8416795934549
0.274658203125,0.3486024737358093,0.7769456505775452,2,0.23651123046875,Mumbai,Mumbai_r05_c02.tif,2025,2026,LIKELY_NO_CHANGE,SCATTERED_CHANGE,False,No supported change interval,0,NO_SIGNIFICANT_CHANGE,LOW_PRIORITY_REVIEW,3.0517578125e-05,1.52587890625e-05,0.0,0.0,1.0,1.0,0.029647240944589894,False,0.181576669216156,0.12061336636543274,-0.33521565794944763,6.416666666666667,False,NONE_DETECTED,/content/drive/MyDrive/satellite_change_detection/masks/Mumbai/Mumbai_r05_c02_2025_2026.png,UNKNOWN,0.021,Mumbai_r05_c02,19.04090704939516,72.8416795934549
0.384521484375,0.299576997756958,0.7076982259750366,6,0.09918212890625,Mumbai,Mumbai_r05_c03.tif,2020,2021,LIKELY_NO_CHANGE,SCATTERED_CHANGE,False,2020 -> 2025,2,PERSISTENT_CHANGE_SIGNAL,TEMPORAL_ONLY_EVIDENCE,0.00018310546875,0.0001220703125,0.0046844482421875,0.0001220703125,1.0,1.0,0.036990016928347254,False,0.045535072684288025,0.018245913088321686,-0.06075558066368103,2.042372881355932,False,NONE_DETECTED,/content/drive/MyDrive/satellite_change_detection/masks/Mumbai/Mumbai_r05_c03_2020_2021.png,UNKNOWN,0.045,Mumbai_r05_c03,19.04118971972223,72.86599147268527
0.433349609375,0.3098914325237274,0.6065114736557007,5,0.189208984375,Mumbai,Mumbai_r05_c03.tif,2021,2022,LIKELY_NO_CHANGE,SCATTERED_CHANGE,False,2020 -> 2025,2,PERSISTENT_CHANGE_SIGNAL,TEMPORAL_ONLY_EVIDENCE,0.0001220703125,0.0003814697265625,0.0001220703125,0.0021514892578125,1.0,1.0,0.022183194075766674,False,-0.11304344236850739,-0.06205941364169121,0.1778503656387329,1.036231884057971,False,NONE_DETECTED,/content/drive/MyDrive/satellite_change_detection/masks/Mumbai/Mumbai_r05_c03_2021_2022.png,WATER,0.051,Mumbai_r05_c03,19.04118971972223,72.86599147268527
1.361083984375,0.31921401619911194,0.6808695793151855,6,0.6744384765625,Mumbai,Mumbai_r05_c03.tif,2022,2023,LOW_PRIORITY_REVIEW,SCATTERED_CHANGE,False,2020 -> 2025,2,PERSISTENT_CHANGE_SIGNAL,TEMPORAL_ONLY_EVIDENCE,0.0003814697265625,0.000213623046875,0.0021514892578125,0.003631591796875,1.0,1.0,0.05457151773369193,False,-0.1109565794467926,0.002491392195224762,0.058037519454956055,1.5103448275862068,False,NONE_DETECTED,/content/drive/MyDrive/satellite_change_detection/masks/Mumbai/Mumbai_r05_c03_2022_2023.png,UNKNOWN,0.166,Mumbai_r05_c03,19.04118971972223,72.86599147268527
0.6103515625,0.29747992753982544,0.6928040981292725,7,0.18768310546875,Mumbai,Mumbai_r05_c03.tif,2023,2024,LIKELY_NO_CHANGE,SCATTERED_CHANGE,False,2020 -> 2025,2,PERSISTENT_CHANGE_SIGNAL,TEMPORAL_ONLY_EVIDENCE,0.000213623046875,6.103515625e-05,0.003631591796875,0.0,1.0,1.0,0.11740811429225315,False,-0.10837098956108093,0.0454474538564682,0.07967954874038696,1.3452380952380953,False,NONE_DETECTED,/content/drive/MyDrive/satellite_change_detection/masks/Mumbai/Mumbai_r05_c03_2023_2024.png,UNKNOWN,0.072,Mumbai_r05_c03,19.04118971972223,72.86599147268527
0.56915283203125,0.3023376166820526,0.6887181997299194,6,0.16632080078125,Mumbai,Mumbai_r05_c03.tif,2024,2025,LIKELY_NO_CHANGE,SCATTERED_CHANGE,False,2020 -> 2025,2,PERSISTENT_CHANGE_SIGNAL,TEMPORAL_ONLY_EVIDENCE,6.103515625e-05,0.0,0.0,7.62939453125e-05,1.0,1.0,0.038982888469311826,False,0.026456058025360107,-0.011313900351524353,-0.027022868394851685,1.1063829787234043,False,NONE_DETECTED,/content/drive/MyDrive/satellite_change_detection/masks/Mumbai/Mumbai_r05_c03_2024_2025.png,UNKNOWN,0.067,Mumbai_r05_c03,19.04118971972223,72.86599147268527
0.54779052734375,0.3141658306121826,0.6419730186462402,5,0.1708984375,Mumbai,Mumbai_r05_c03.tif,2025,2026,LIKELY_NO_CHANGE,SCATTERED_CHANGE,False,2020 -> 2025,2,PERSISTENT_CHANGE_SIGNAL,TEMPORAL_ONLY_EVIDENCE,0.0,4.57763671875e-05,7.62939453125e-05,0.0,1.0,1.0,0.05573870993645054,False,-0.00955481082201004,0.0053979381918907166,0.028720468282699585,2.769230769230769,False,NONE_DETECTED,/content/drive/MyDrive/satellite_change_detection/masks/Mumbai/Mumbai_r05_c03_2025_2026.png,UNKNOWN,0.065,Mumbai_r05_c03,19.04118971972223,72.86599147268527
1.3336181640625,0.4279826283454895,0.9474806189537048,10,0.55999755859375,Mumbai,Mumbai_r05_c04.tif,2020,2021,LOW_PRIORITY_REVIEW,SCATTERED_CHANGE,False,2020 -> 2023,4,PERSISTENT_CHANGE_SIGNAL,TEMPORAL_ONLY_EVIDENCE,0.00018310546875,0.0001983642578125,0.00103759765625,0.0,1.0,1.0,0.013614742152679151,False,0.07960113883018494,0.0170309916138649,-0.06896428763866425,3.044776119402985,False,NONE_DETECTED,/content/drive/MyDrive/satellite_change_detection/masks/Mumbai/Mumbai_r05_c04_2020_2021.png,UNKNOWN,0.204,Mumbai_r05_c04,19.041469193327067,72.89030377931482
1.2725830078125,0.42768847942352295,0.9595596790313721,6,0.5859375,Mumbai,Mumbai_r05_c04.tif,2021,2022,LOW_PRIORITY_REVIEW,SCATTERED_CHANGE,False,2020 -> 2023,4,PERSISTENT_CHANGE_SIGNAL,TEMPORAL_ONLY_EVIDENCE,0.0001983642578125,0.000396728515625,0.0,9.1552734375e-05,1.0,1.0,0.010907541341665557,False,-0.08637797832489014,-0.05597201734781265,0.13690923154354095,2.493150684931507,False,NONE_DETECTED,/content/drive/MyDrive/satellite_change_detection/masks/Mumbai/Mumbai_r05_c04_2021_2022.png,UNKNOWN,0.195,Mumbai_r05_c04,19.041469193327067,72.89030377931482
1.385498046875,0.4197070300579071,0.8345074653625488,11,0.48828125,Mumbai,Mumbai_r05_c04.tif,2022,2023,LOW_PRIORITY_REVIEW,SCATTERED_CHANGE,False,2020 -> 2023,4,PERSISTENT_CHANGE_SIGNAL,TEMPORAL_ONLY_EVIDENCE,0.000396728515625,0.00030517578125,9.1552734375e-05,0.00030517578125,1.0,1.0,0.1041263518365285,False,-0.23375220596790314,0.13787218928337097,0.1476116180419922,1.4431137724550898,False,NONE_DETECTED,/content/drive/MyDrive/satellite_change_detection/masks/Mumbai/Mumbai_r05_c04_2022_2023.png,CONSTRUCTION,0.211,Mumbai_r05_c04,19.041469193327067,72.89030377931482
0.95672607421875,0.37129276990890503,0.8160502910614014,8,0.27618408203125,Mumbai,Mumbai_r05_c04.tif,2023,2024,LIKELY_NO_CHANGE,SCATTERED_CHANGE,False,2020 -> 2023,4,PERSISTENT_CHANGE_SIGNAL,TEMPORAL_ONLY_EVIDENCE,0.00030517578125,0.0001220703125,0.00030517578125,0.0,1.0,1.0,0.12286908557014221,False,-0.012556612491607666,0.04821984842419624,-0.058217257261276245,1.4166666666666667,False,NONE_DETECTED,/content/drive/MyDrive/satellite_change_detection/masks/Mumbai/Mumbai_r05_c04_2023_2024.png,UNKNOWN,0.142,Mumbai_r05_c04,19.041469193327067,72.89030377931482
0.96893310546875,0.3051699101924896,0.7525836229324341,7,0.4180908203125,Mumbai,Mumbai_r05_c04.tif,2024,2025,LIKELY_NO_CHANGE,SCATTERED_CHANGE,False,2020 -> 2023,4,PERSISTENT_CHANGE_SIGNAL,TEMPORAL_ONLY_EVIDENCE,0.0001220703125,0.0002899169921875,0.0,9.1552734375e-05,1.0,1.0,0.036905724571897225,False,0.03960298001766205,0.014963984489440918,-0.02545228600502014,1.1297297297297297,False,NONE_DETECTED,/content/drive/MyDrive/satellite_change_detection/masks/Mumbai/Mumbai_r05_c04_2024_2025.png,UNKNOWN,0.138,Mumbai_r05_c04,19.041469193327067,72.89030377931482
0.87127685546875,0.5223734974861145,1.0,5,0.5706787109375,Mumbai,Mumbai_r05_c04.tif,2025,2026,LIKELY_NO_CHANGE,SCATTERED_CHANGE,False,2020 -> 2023,4,PERSISTENT_CHANGE_SIGNAL,TEMPORAL_ONLY_EVIDENCE,0.0002899169921875,0.00103759765625,9.1552734375e-05,0.0,1.0,1.0,0.06858474285491938,False,-0.19490426778793335,-0.026764802634716034,0.1211005449295044,1.3157894736842106,True,SEASONAL_VARIATION_LIKELY,/content/drive/MyDrive/satellite_change_detection/masks/Mumbai/Mumbai_r05_c04_2025_2026.png,UNKNOWN,0.123,Mumbai_r05_c04,19.041469193327067,72.89030377931482
0.0457763671875,0.3310531675815582,0.4284467101097107,1,0.0457763671875,Mumbai,Mumbai_r05_c05.tif,2020,2021,LIKELY_NO_CHANGE,SCATTERED_CHANGE,False,No supported change interval,0,NO_SIGNIFICANT_CHANGE,LOW_PRIORITY_REVIEW,1.52587890625e-05,4.57763671875e-05,0.0,0.0,1.0,1.0,0.025303428956547705,False,0.13299456238746643,0.05319743975996971,-0.1264885663986206,1.2,False,NONE_DETECTED,/content/drive/MyDrive/satellite_change_detection/masks/Mumbai/Mumbai_r05_c05_2020_2021.png,UNKNOWN,0.003,Mumbai_r05_c05,19.04174546996885,72.91461650848574
0.29144287109375,0.3843119442462921,0.7347723841667175,5,0.0732421875,Mumbai,Mumbai_r05_c05.tif,2021,2022,LIKELY_NO_CHANGE,SCATTERED_CHANGE,False,No supported change interval,0,NO_SIGNIFICANT_CHANGE,LOW_PRIORITY_REVIEW,4.57763671875e-05,0.00018310546875,0.0,4.57763671875e-05,1.0,1.0,0.049821297384357435,False,0.016151785850524902,-0.029011888429522514,-0.0020108968019485474,1.3928571428571428,False,NONE_DETECTED,/content/drive/MyDrive/satellite_change_detection/masks/Mumbai/Mumbai_r05_c05_2021_2022.png,UNKNOWN,0.023,Mumbai_r05_c05,19.04174546996885,72.91461650848574
0.39520263671875,0.32312485575675964,0.5897334814071655,5,0.09918212890625,Mumbai,Mumbai_r05_c05.tif,2022,2023,LIKELY_NO_CHANGE,SCATTERED_CHANGE,False,No supported change interval,0,NO_SIGNIFICANT_CHANGE,LOW_PRIORITY_REVIEW,0.00018310546875,1.52587890625e-05,4.57763671875e-05,0.0,1.0,1.0,0.04621464691930642,False,-0.05053527653217316,-0.027434665709733963,0.04053771495819092,1.0424528301886793,False,NONE_DETECTED,/content/drive/MyDrive/satellite_change_detection/masks/Mumbai/Mumbai_r05_c05_2022_2023.png,UNKNOWN,0.029,Mumbai_r05_c05,19.04174546996885,72.91461650848574
0.164794921875,0.4454016387462616,0.7924074530601501,2,0.09613037109375,Mumbai,Mumbai_r05_c05.tif,2023,2024,LIKELY_NO_CHANGE,SCATTERED_CHANGE,False,No supported change interval,0,NO_SIGNIFICANT_CHANGE,LOW_PRIORITY_REVIEW,1.52587890625e-05,0.0002593994140625,0.0,0.0,1.0,1.0,0.1013952466633918,False,0.023330241441726685,0.030768878757953644,0.08302921056747437,2.970149253731343,False,NONE_DETECTED,/content/drive/MyDrive/satellite_change_detection/masks/Mumbai/Mumbai_r05_c05_2023_2024.png,UNKNOWN,0.013,Mumbai_r05_c05,19.04174546996885,72.91461650848574
0.03814697265625,0.3051545321941376,0.49431705474853516,1,0.03814697265625,Mumbai,Mumbai_r05_c05.tif,2024,2025,LIKELY_NO_CHANGE,SCATTERED_CHANGE,False,No supported change interval,0,NO_SIGNIFICANT_CHANGE,LOW_PRIORITY_REVIEW,0.0002593994140625,0.0001220703125,0.0,0.000396728515625,1.0,1.0,0.06633652348336876,False,-0.021465681493282318,0.0022966712713241577,0.027456045150756836,1.0,False,NONE_DETECTED,/content/drive/MyDrive/satellite_change_detection/masks/Mumbai/Mumbai_r05_c05_2024_2025.png,UNKNOWN,0.003,Mumbai_r05_c05,19.04174546996885,72.91461650848574
0.03814697265625,0.2894662916660309,0.6324632167816162,1,0.03814697265625,Mumbai,Mumbai_r05_c05.tif,2025,2026,LIKELY_NO_CHANGE,SCATTERED_CHANGE,False,No supported change interval,0,NO_SIGNIFICANT_CHANGE,LOW_PRIORITY_REVIEW,0.0001220703125,0.0002593994140625,0.000396728515625,0.0,1.0,1.0,0.027854833056968776,False,-0.030578821897506714,-0.0028576345648616552,0.040594056248664856,1.0,False,NONE_DETECTED,/content/drive/MyDrive/satellite_change_detection/masks/Mumbai/Mumbai_r05_c05_2025_2026.png,UNKNOWN,0.003,Mumbai_r05_c05,19.04174546996885,72.91461650848574
0.03814697265625,0.3185387849807739,0.5079541802406311,1,0.03814697265625,Mumbai,Mumbai_r05_c06.tif,2020,2021,LIKELY_NO_CHANGE,SCATTERED_CHANGE,False,2020 -> 2024,3,PERSISTENT_CHANGE_SIGNAL,TEMPORAL_ONLY_EVIDENCE,0.0,1.52587890625e-05,0.0,0.0,1.0,1.0,0.0496682208389262,False,-0.1874718964099884,0.05523894727230072,0.06322824954986572,1.0,False,NONE_DETECTED,/content/drive/MyDrive/satellite_change_detection/masks/Mumbai/Mumbai_r05_c06_2020_2021.png,VEGETATION_LOSS,0.005,Mumbai_r05_c06,19.04201854940948,72.93892965533965
0.42877197265625,0.28201109170913696,0.561061441898346,7,0.13885498046875,Mumbai,Mumbai_r05_c06.tif,2021,2022,LIKELY_NO_CHANGE,SCATTERED_CHANGE,False,2020 -> 2024,3,PERSISTENT_CHANGE_SIGNAL,TEMPORAL_ONLY_EVIDENCE,1.52587890625e-05,0.0,0.0,0.0,1.0,1.0,0.03863943133723528,False,-0.02043437957763672,-0.053136274218559265,0.09012314677238464,2.2195121951219514,False,NONE_DETECTED,/content/drive/MyDrive/satellite_change_detection/masks/Mumbai/Mumbai_r05_c06_2021_2022.png,UNKNOWN,0.06,Mumbai_r05_c06,19.04201854940948,72.93892965533965
0.6805419921875,0.3453896641731262,0.7029566764831543,5,0.3387451171875,Mumbai,Mumbai_r05_c06.tif,2022,2023,LIKELY_NO_CHANGE,SCATTERED_CHANGE,False,2020 -> 2024,3,PERSISTENT_CHANGE_SIGNAL,TEMPORAL_ONLY_EVIDENCE,0.0,0.0,0.0,1.52587890625e-05,1.0,1.0,0.053365433875119946,False,-0.049270570278167725,-0.03128456324338913,0.07238009572029114,2.5714285714285716,False,NONE_DETECTED,/content/drive/MyDrive/satellite_change_detection/masks/Mumbai/Mumbai_r05_c06_2022_2023.png,UNKNOWN,0.1,Mumbai_r05_c06,19.04201854940948,72.93892965533965
0.2197265625,0.34376826882362366,0.5930677056312561,4,0.09002685546875,Mumbai,Mumbai_r05_c06.tif,2023,2024,LIKELY_NO_CHANGE,SCATTERED_CHANGE,False,2020 -> 2024,3,PERSISTENT_CHANGE_SIGNAL,TEMPORAL_ONLY_EVIDENCE,0.0,0.000152587890625,1.52587890625e-05,0.0,1.0,1.0,0.08481500968011527,False,-0.026620924472808838,0.0063143447041511536,0.017534688115119934,1.1794871794871795,False,NONE_DETECTED,/content/drive/MyDrive/satellite_change_detection/masks/Mumbai/Mumbai_r05_c06_2023_2024.png,UNKNOWN,0.032,Mumbai_r05_c06,19.04201854940948,72.93892965533965
0.4302978515625,0.30239132046699524,0.6566309928894043,3,0.2288818359375,Mumbai,Mumbai_r05_c06.tif,2024,2025,LIKELY_NO_CHANGE,SCATTERED_CHANGE,False,2020 -> 2024,3,PERSISTENT_CHANGE_SIGNAL,TEMPORAL_ONLY_EVIDENCE,0.000152587890625,0.0002288818359375,0.0,0.0001678466796875,1.0,1.0,0.06644226477997918,False,0.035183392465114594,-0.04177307337522507,0.03996773064136505,1.0887096774193548,False,NONE_DETECTED,/content/drive/MyDrive/satellite_change_detection/masks/Mumbai/Mumbai_r05_c06_2024_2025.png,UNKNOWN,0.061,Mumbai_r05_c06,19.04201854940948,72.93892965533965
0.3204345703125,0.28573575615882874,0.5907046794891357,4,0.12359619140625,Mumbai,Mumbai_r05_c06.tif,2025,2026,LIKELY_NO_CHANGE,SCATTERED_CHANGE,False,2020 -> 2024,3,PERSISTENT_CHANGE_SIGNAL,TEMPORAL_ONLY_EVIDENCE,0.0002288818359375,1.52587890625e-05,0.0001678466796875,0.0,1.0,1.0,0.05285213398063986,False,-0.002338998019695282,0.055439822375774384,-0.026037022471427917,1.9242424242424243,False,NONE_DETECTED,/content/drive/MyDrive/satellite_change_detection/masks/Mumbai/Mumbai_r05_c06_2025_2026.png,UNKNOWN,0.045,Mumbai_r05_c06,19.04201854940948,72.93892965533965
1.23748779296875,0.21085982024669647,0.5226503014564514,9,0.48065185546875,Mumbai,Mumbai_r05_c07.tif,2020,2021,LOW_PRIORITY_REVIEW,SCATTERED_CHANGE,False,2020 -> 2022,5,PERSISTENT_CHANGE_SIGNAL,TEMPORAL_ONLY_EVIDENCE,0.0016021728515625,0.0009918212890625,0.0,0.0,1.0,1.0,0.10831067941099719,False,-0.006926789879798889,0.01403479278087616,-0.0222475565969944,2.064516129032258,False,NONE_DETECTED,/content/drive/MyDrive/satellite_change_detection/masks/Mumbai/Mumbai_r05_c07_2020_2021.png,UNKNOWN,0.165,Mumbai_r05_c07,19.04228843141368,72.96324321501773
0.10223388671875,0.22149153053760529,0.2767723500728607,1,0.10223388671875,Mumbai,Mumbai_r05_c07.tif,2021,2022,LIKELY_NO_CHANGE,SCATTERED_CHANGE,False,2020 -> 2022,5,PERSISTENT_CHANGE_SIGNAL,TEMPORAL_ONLY_EVIDENCE,0.0009918212890625,0.0002288818359375,0.0,0.0,1.0,1.0,0.36909142084500685,False,-0.19861367344856262,-0.05690968036651611,0.21311692893505096,1.4285714285714286,False,NONE_DETECTED,/content/drive/MyDrive/satellite_change_detection/masks/Mumbai/Mumbai_r05_c07_2021_2022.png,WATER,0.014,Mumbai_r05_c07,19.04228843141368,72.96324321501773
0.79803466796875,0.2219913750886917,0.3570207357406616,3,0.59051513671875,Mumbai,Mumbai_r05_c07.tif,2022,2023,LIKELY_NO_CHANGE,SCATTERED_CHANGE,False,2020 -> 2022,5,PERSISTENT_CHANGE_SIGNAL,TEMPORAL_ONLY_EVIDENCE,0.0002288818359375,0.000152587890625,0.0,0.0,1.0,1.0,0.26238686739663764,False,0.27204471826553345,-0.1594870686531067,-0.005100339651107788,5.444444444444445,False,NONE_DETECTED,/content/drive/MyDrive/satellite_change_detection/masks/Mumbai/Mumbai_r05_c07_2022_2023.png,VEGETATION_GAIN,0.108,Mumbai_r05_c07,19.04228843141368,72.96324321501773
0.34637451171875,0.25104987621307373,0.44712695479393005,3,0.1251220703125,Mumbai,Mumbai_r05_c07.tif,2023,2024,LIKELY_NO_CHANGE,SCATTERED_CHANGE,False,2020 -> 2022,5,PERSISTENT_CHANGE_SIGNAL,TEMPORAL_ONLY_EVIDENCE,0.000152587890625,0.000213623046875,0.0,0.0,1.0,1.0,0.20923596998641758,False,0.018091708421707153,0.12248490750789642,-0.1397167593240738,1.7123287671232876,False,NONE_DETECTED,/content/drive/MyDrive/satellite_change_detection/masks/Mumbai/Mumbai_r05_c07_2023_2024.png,CONSTRUCTION,0.047,Mumbai_r05_c07,19.04228843141368,72.96324321501773
4.96673583984375,0.22927924990653992,0.46742957830429077,13,0.958251953125,Mumbai,Mumbai_r05_c07.tif,2024,2025,LOW_PRIORITY_REVIEW,SCATTERED_CHANGE,True,2020 -> 2022,5,PERSISTENT_CHANGE_SIGNAL,TEMPORAL_ONLY_EVIDENCE,0.000213623046875,0.00189208984375,0.0,0.0,1.0,1.0,0.2867654329488338,False,-0.019088327884674072,-0.11091774702072144,0.10456909239292145,1.9692307692307693,False,NONE_DETECTED,/content/drive/MyDrive/satellite_change_detection/masks/Mumbai/Mumbai_r05_c07_2024_2025.png,UNKNOWN,0.684,Mumbai_r05_c07,19.04228843141368,72.96324321501773
4.0374755859375,0.2780856788158417,0.5608624815940857,4,2.9876708984375,Mumbai,Mumbai_r05_c07.tif,2025,2026,REVIEW_REQUIRED,MODERATELY_CONNECTED,True,2020 -> 2022,5,PERSISTENT_CHANGE_SIGNAL,MODERATE_EVIDENCE,0.00189208984375,6.103515625e-05,0.0,0.0,1.0,1.0,0.2942243159250466,False,0.3110293745994568,0.18794511258602142,-0.43928536772727966,1.9593495934959348,False,NONE_DETECTED,/content/drive/MyDrive/satellite_change_detection/masks/Mumbai/Mumbai_r05_c07_2025_2026.png,WATER,0.617,Mumbai_r05_c07,19.04228843141368,72.96324321501773
44.4793701171875,0.3046005666255951,0.7862920761108398,26,24.4781494140625,Mumbai,Mumbai_r06_c00.tif,2020,2021,STRUCTURED_CHANGE,SPATIALLY_CONNECTED,True,2020 -> 2021,6,PERSISTENT_CHANGE_SIGNAL,REVIEW_REQUIRED,0.0,0.0,0.0,0.0,1.0,1.0,86.78261582133622,True,0.08480244874954224,-0.026029735803604126,-0.06925010681152344,1.0,False,MISALIGNMENT_SUSPECTED,/content/drive/MyDrive/satellite_change_detection/masks/Mumbai/Mumbai_r06_c00_2020_2021.png,UNKNOWN,0.3,Mumbai_r06_c00,19.01721296708748,72.79336255881613
30.77850341796875,0.3038800060749054,0.7777069807052612,39,8.447265625,Mumbai,Mumbai_r06_c00.tif,2021,2022,MODERATE_STRUCTURED_CHANGE,MODERATELY_CONNECTED,True,2020 -> 2021,6,PERSISTENT_CHANGE_SIGNAL,REVIEW_REQUIRED,0.0,0.0,0.0,0.0,1.0,1.0,130.94338838460234,True,-0.06053727865219116,-0.09566709399223328,0.10628896951675415,1.0,False,MISALIGNMENT_SUSPECTED,/content/drive/MyDrive/satellite_change_detection/masks/Mumbai/Mumbai_r06_c00_2021_2022.png,UNKNOWN,0.3,Mumbai_r06_c00,19.01721296708748,72.79336255881613
33.58154296875,0.2951474189758301,0.7125147581100464,33,17.144775390625,Mumbai,Mumbai_r06_c00.tif,2022,2023,MODERATE_STRUCTURED_CHANGE,SPATIALLY_CONNECTED,True,2020 -> 2021,6,PERSISTENT_CHANGE_SIGNAL,REVIEW_REQUIRED,0.0,0.0,0.0,0.0,1.0,1.0,131.81185458941974,True,-0.03908783197402954,0.04372796416282654,0.020357370376586914,1.0,False,MISALIGNMENT_SUSPECTED,/content/drive/MyDrive/satellite_change_detection/masks/Mumbai/Mumbai_r06_c00_2022_2023.png,UNKNOWN,0.3,Mumbai_r06_c00,19.01721296708748,72.79336255881613
40.38848876953125,0.31143274903297424,0.8598777055740356,33,11.40289306640625,Mumbai,Mumbai_r06_c00.tif,2023,2024,MODERATE_STRUCTURED_CHANGE,SPATIALLY_CONNECTED,True,2020 -> 2021,6,PERSISTENT_CHANGE_SIGNAL,REVIEW_REQUIRED,0.0,0.0,0.0,0.0,1.0,1.0,131.7134826065307,True,0.0551876425743103,-0.004543915390968323,-0.039594829082489014,1.0,False,MISALIGNMENT_SUSPECTED,/content/drive/MyDrive/satellite_change_detection/masks/Mumbai/Mumbai_r06_c00_2023_2024.png,UNKNOWN,0.3,Mumbai_r06_c00,19.01721296708748,72.79336255881613
39.2578125,0.3119930028915405,0.8829712271690369,29,29.17938232421875,Mumbai,Mumbai_r06_c00.tif,2024,2025,STRUCTURED_CHANGE,SPATIALLY_CONNECTED,True,2020 -> 2021,6,PERSISTENT_CHANGE_SIGNAL,REVIEW_REQUIRED,0.0,0.0,0.0,0.0,1.0,1.0,69.4788116665513,True,0.01831883192062378,-0.060306161642074585,0.018064498901367188,1.0,False,MISALIGNMENT_SUSPECTED,/content/drive/MyDrive/satellite_change_detection/masks/Mumbai/Mumbai_r06_c00_2024_2025.png,UNKNOWN,0.3,Mumbai_r06_c00,19.01721296708748,72.79336255881613
46.1517333984375,0.31884482502937317,0.8818693161010742,29,25.0244140625,Mumbai,Mumbai_r06_c00.tif,2025,2026,STRUCTURED_CHANGE,SPATIALLY_CONNECTED,True,2020 -> 2021,6,PERSISTENT_CHANGE_SIGNAL,REVIEW_REQUIRED,0.0,0.0,0.0,0.0,1.0,1.0,28.63214495221243,True,0.056026384234428406,0.022598952054977417,-0.049072265625,1.0,False,MISALIGNMENT_SUSPECTED,/content/drive/MyDrive/satellite_change_detection/masks/Mumbai/Mumbai_r06_c00_2025_2026.png,UNKNOWN,0.3,Mumbai_r06_c00,19.01721296708748,72.79336255881613
0.19378662109375,0.3236769139766693,0.5144373178482056,2,0.1556396484375,Mumbai,Mumbai_r06_c01.tif,2020,2021,LIKELY_NO_CHANGE,SCATTERED_CHANGE,False,2020 -> 2025,2,PERSISTENT_CHANGE_SIGNAL,TEMPORAL_ONLY_EVIDENCE,0.0004119873046875,0.0001678466796875,0.007720947265625,0.0056610107421875,1.0,1.0,0.032669846209766235,False,0.20330101251602173,0.21911422908306122,-0.444894403219223,1.2142857142857142,False,NONE_DETECTED,/content/drive/MyDrive/satellite_change_detection/masks/Mumbai/Mumbai_r06_c01_2020_2021.png,WATER,0.023,Mumbai_r06_c01,19.017501652916312,72.8176702107857
0.82244873046875,0.3641602694988251,0.7565646171569824,2,0.74310302734375,Mumbai,Mumbai_r06_c01.tif,2021,2022,LIKELY_NO_CHANGE,SCATTERED_CHANGE,False,2020 -> 2025,2,PERSISTENT_CHANGE_SIGNAL,TEMPORAL_ONLY_EVIDENCE,0.0001678466796875,0.000335693359375,0.0056610107421875,0.008209228515625,1.0,1.0,0.022789153384062462,False,0.22740595042705536,0.053678590804338455,-0.3541404604911804,1.0930232558139534,False,NONE_DETECTED,/content/drive/MyDrive/satellite_change_detection/masks/Mumbai/Mumbai_r06_c01_2021_2022.png,WATER,0.104,Mumbai_r06_c01,19.017501652916312,72.8176702107857
0.29296875,0.3169359266757965,0.6861090660095215,3,0.1861572265625,Mumbai,Mumbai_r06_c01.tif,2022,2023,LIKELY_NO_CHANGE,SCATTERED_CHANGE,False,2020 -> 2025,2,PERSISTENT_CHANGE_SIGNAL,TEMPORAL_ONLY_EVIDENCE,0.000335693359375,0.00030517578125,0.008209228515625,0.016387939453125,1.0,1.0,0.033466599987571774,False,-0.009814463555812836,-0.006144233047962189,-0.017425671219825745,10.125,False,NONE_DETECTED,/content/drive/MyDrive/satellite_change_detection/masks/Mumbai/Mumbai_r06_c01_2022_2023.png,UNKNOWN,0.035,Mumbai_r06_c01,19.017501652916312,72.8176702107857
0.3143310546875,0.3381766974925995,0.6698418855667114,3,0.152587890625,Mumbai,Mumbai_r06_c01.tif,2023,2024,LIKELY_NO_CHANGE,SCATTERED_CHANGE,False,2020 -> 2025,2,PERSISTENT_CHANGE_SIGNAL,TEMPORAL_ONLY_EVIDENCE,0.00030517578125,0.000213623046875,0.016387939453125,0.0038604736328125,1.0,1.0,0.05285336742648202,False,-0.061907313764095306,0.03376951441168785,0.07065173983573914,9.0,False,NONE_DETECTED,/content/drive/MyDrive/satellite_change_detection/masks/Mumbai/Mumbai_r06_c01_2023_2024.png,UNKNOWN,0.038,Mumbai_r06_c01,19.017501652916312,72.8176702107857
0.4425048828125,0.2880638837814331,0.7114777565002441,6,0.1007080078125,Mumbai,Mumbai_r06_c01.tif,2024,2025,LIKELY_NO_CHANGE,SCATTERED_CHANGE,False,2020 -> 2025,2,PERSISTENT_CHANGE_SIGNAL,TEMPORAL_ONLY_EVIDENCE,0.000213623046875,0.0001068115234375,0.0038604736328125,0.00543212890625,1.0,1.0,0.08119277532614942,False,0.04094475507736206,-0.013214481063187122,-0.019361764192581177,1.2818791946308725,False,NONE_DETECTED,/content/drive/MyDrive/satellite_change_detection/masks/Mumbai/Mumbai_r06_c01_2024_2025.png,UNKNOWN,0.051,Mumbai_r06_c01,19.017501652916312,72.8176702107857
0.799560546875,0.30405858159065247,0.7485628128051758,4,0.44403076171875,Mumbai,Mumbai_r06_c01.tif,2025,2026,LIKELY_NO_CHANGE,SCATTERED_CHANGE,False,2020 -> 2025,2,PERSISTENT_CHANGE_SIGNAL,TEMPORAL_ONLY_EVIDENCE,0.0001068115234375,0.000152587890625,0.00543212890625,0.0026092529296875,1.0,1.0,0.01880545505473561,False,-0.10847106575965881,0.056175000965595245,-0.006504476070404053,3.8536585365853657,False,NONE_DETECTED,/content/drive/MyDrive/satellite_change_detection/masks/Mumbai/Mumbai_r06_c01_2025_2026.png,UNKNOWN,0.095,Mumbai_r06_c01,19.017501652916312,72.8176702107857
0.3173828125,0.40101051330566406,0.6788679361343384,1,0.3173828125,Mumbai,Mumbai_r06_c02.tif,2020,2021,LIKELY_NO_CHANGE,SCATTERED_CHANGE,False,No supported change interval,0,NO_SIGNIFICANT_CHANGE,LOW_PRIORITY_REVIEW,0.000885009765625,0.0003204345703125,0.0077056884765625,0.0030975341796875,1.0,1.0,0.024572673650956056,False,0.06551527976989746,-0.08626002073287964,0.06911256909370422,1.0588235294117647,False,NONE_DETECTED,/content/drive/MyDrive/satellite_change_detection/masks/Mumbai/Mumbai_r06_c02_2020_2021.png,UNKNOWN,0.026,Mumbai_r06_c02,19.01778714668241,72.84197829959089
0.35552978515625,0.26656046509742737,0.4183262288570404,1,0.35552978515625,Mumbai,Mumbai_r06_c02.tif,2021,2022,LIKELY_NO_CHANGE,SCATTERED_CHANGE,False,No supported change interval,0,NO_SIGNIFICANT_CHANGE,LOW_PRIORITY_REVIEW,0.0003204345703125,0.0012664794921875,0.0030975341796875,0.0062408447265625,1.0,1.0,0.07570164703910846,False,0.006166800856590271,-0.0246259868144989,-0.07022807002067566,1.2941176470588236,False,NONE_DETECTED,/content/drive/MyDrive/satellite_change_detection/masks/Mumbai/Mumbai_r06_c02_2021_2022.png,UNKNOWN,0.024,Mumbai_r06_c02,19.01778714668241,72.84197829959089
0.36773681640625,0.26754868030548096,0.3866882920265198,3,0.238037109375,Mumbai,Mumbai_r06_c02.tif,2022,2023,LIKELY_NO_CHANGE,SCATTERED_CHANGE,False,No supported change interval,0,NO_SIGNIFICANT_CHANGE,LOW_PRIORITY_REVIEW,0.0012664794921875,0.0004730224609375,0.0062408447265625,0.0198211669921875,1.0,1.0,0.05034680286230199,False,-0.01941843330860138,-0.02131793648004532,0.034790098667144775,1.2142857142857142,False,NONE_DETECTED,/content/drive/MyDrive/satellite_change_detection/masks/Mumbai/Mumbai_r06_c02_2022_2023.png,UNKNOWN,0.025,Mumbai_r06_c02,19.01778714668241,72.84197829959089
0.14801025390625,0.33496400713920593,0.7267520427703857,3,0.0640869140625,Mumbai,Mumbai_r06_c02.tif,2023,2024,LIKELY_NO_CHANGE,SCATTERED_CHANGE,False,No supported change interval,0,NO_SIGNIFICANT_CHANGE,LOW_PRIORITY_REVIEW,0.0004730224609375,0.0003509521484375,0.0198211669921875,0.0010986328125,1.0,1.0,0.08750375748126898,False,0.053220897912979126,0.014988653361797333,-0.027408897876739502,1.91,False,NONE_DETECTED,/content/drive/MyDrive/satellite_change_detection/masks/Mumbai/Mumbai_r06_c02_2023_2024.png,UNKNOWN,0.011,Mumbai_r06_c02,19.01778714668241,72.84197829959089
0.0,0.0,0.0,0,0.0,Mumbai,Mumbai_r06_c02.tif,2024,2025,LIKELY_NO_CHANGE,SCATTERED_CHANGE,False,No supported change interval,0,NO_SIGNIFICANT_CHANGE,LOW_PRIORITY_REVIEW,0.0003509521484375,0.00054931640625,0.0010986328125,0.001556396484375,1.0,1.0,0.007810069515131923,False,0.0,0.0,0.0,1.0,False,NONE_DETECTED,/content/drive/MyDrive/satellite_change_detection/masks/Mumbai/Mumbai_r06_c02_2024_2025.png,UNKNOWN,0.0,Mumbai_r06_c02,19.01778714668241,72.84197829959089
0.19989013671875,0.31509292125701904,0.5789958238601685,1,0.19989013671875,Mumbai,Mumbai_r06_c02.tif,2025,2026,LIKELY_NO_CHANGE,SCATTERED_CHANGE,False,No supported change interval,0,NO_SIGNIFICANT_CHANGE,LOW_PRIORITY_REVIEW,0.00054931640625,0.00079345703125,0.001556396484375,0.0003509521484375,1.0,1.0,0.024503779758887345,False,-0.12977123260498047,0.09114568680524826,0.037101030349731445,1.3846153846153846,False,NONE_DETECTED,/content/drive/MyDrive/satellite_change_detection/masks/Mumbai/Mumbai_r06_c02_2025_2026.png,UNKNOWN,0.014,Mumbai_r06_c02,19.01778714668241,72.84197829959089
0.99334716796875,0.2487967610359192,0.6254528760910034,5,0.5340576171875,Mumbai,Mumbai_r06_c03.tif,2020,2021,LIKELY_NO_CHANGE,SCATTERED_CHANGE,False,2020 -> 2023,4,PERSISTENT_CHANGE_SIGNAL,TEMPORAL_ONLY_EVIDENCE,0.004974365234375,0.0008544921875,0.0012969970703125,1.52587890625e-05,1.0,1.0,0.05598681558358807,False,-0.022207066416740417,-0.03304608166217804,0.07469284534454346,2.0306122448979593,False,NONE_DETECTED,/content/drive/MyDrive/satellite_change_detection/masks/Mumbai/Mumbai_r06_c03_2020_2021.png,UNKNOWN,0.137,Mumbai_r06_c03,19.018069448139837,72.86628682037791
1.03912353515625,0.2913827896118164,0.6378686428070068,5,0.50048828125,Mumbai,Mumbai_r06_c03.tif,2021,2022,LOW_PRIORITY_REVIEW,SCATTERED_CHANGE,False,2020 -> 2023,4,PERSISTENT_CHANGE_SIGNAL,TEMPORAL_ONLY_EVIDENCE,0.0008544921875,0.0027923583984375,1.52587890625e-05,0.00091552734375,1.0,1.0,0.06193147076009869,False,0.053411081433296204,0.0045672133564949036,-0.06480389833450317,2.3255813953488373,False,NONE_DETECTED,/content/drive/MyDrive/satellite_change_detection/masks/Mumbai/Mumbai_r06_c03_2021_2022.png,UNKNOWN,0.147,Mumbai_r06_c03,19.018069448139837,72.86628682037791
1.09710693359375,0.29958388209342957,0.6401203870773315,4,0.83160400390625,Mumbai,Mumbai_r06_c03.tif,2022,2023,LOW_PRIORITY_REVIEW,SCATTERED_CHANGE,False,2020 -> 2023,4,PERSISTENT_CHANGE_SIGNAL,TEMPORAL_ONLY_EVIDENCE,0.0027923583984375,0.003021240234375,0.00091552734375,0.0030364990234375,1.0,1.0,0.07971014904343267,False,-0.19210627675056458,0.0534830316901207,0.09563302993774414,1.054054054054054,False,NONE_DETECTED,/content/drive/MyDrive/satellite_change_detection/masks/Mumbai/Mumbai_r06_c03_2022_2023.png,VEGETATION_LOSS,0.158,Mumbai_r06_c03,19.018069448139837,72.86628682037791
0.439453125,0.2789292335510254,0.47095540165901184,6,0.14801025390625,Mumbai,Mumbai_r06_c03.tif,2023,2024,LIKELY_NO_CHANGE,SCATTERED_CHANGE,False,2020 -> 2023,4,PERSISTENT_CHANGE_SIGNAL,TEMPORAL_ONLY_EVIDENCE,0.003021240234375,0.0030975341796875,0.0030364990234375,0.0,1.0,1.0,0.08277800594292893,False,-0.07529786974191666,0.006641551852226257,0.12187722325325012,2.260869565217391,False,NONE_DETECTED,/content/drive/MyDrive/satellite_change_detection/masks/Mumbai/Mumbai_r06_c03_2023_2024.png,UNKNOWN,0.061,Mumbai_r06_c03,19.018069448139837,72.86628682037791
3.70941162109375,0.4621856212615967,0.9760445356369019,7,3.0853271484375,Mumbai,Mumbai_r06_c03.tif,2024,2025,REVIEW_REQUIRED,MODERATELY_CONNECTED,True,2020 -> 2023,4,PERSISTENT_CHANGE_SIGNAL,MODERATE_EVIDENCE,0.0030975341796875,0.001068115234375,0.0,1.52587890625e-05,1.0,1.0,0.07931705705919004,False,0.04999194294214249,0.3412623405456543,-0.43624579906463623,2.051282051282051,False,NONE_DETECTED,/content/drive/MyDrive/satellite_change_detection/masks/Mumbai/Mumbai_r06_c03_2024_2025.png,WATER,0.614,Mumbai_r06_c03,19.018069448139837,72.86628682037791
0.6988525390625,0.2772025763988495,0.7622430920600891,10,0.12664794921875,Mumbai,Mumbai_r06_c03.tif,2025,2026,LIKELY_NO_CHANGE,SCATTERED_CHANGE,False,2020 -> 2023,4,PERSISTENT_CHANGE_SIGNAL,TEMPORAL_ONLY_EVIDENCE,0.001068115234375,0.0007781982421875,1.52587890625e-05,0.0,1.0,1.0,0.04438704916639525,False,-0.016830727458000183,-0.05031223222613335,0.10280708968639374,1.7642857142857142,False,NONE_DETECTED,/content/drive/MyDrive/satellite_change_detection/masks/Mumbai/Mumbai_r06_c03_2025_2026.png,UNKNOWN,0.097,Mumbai_r06_c03,19.018069448139837,72.86628682037791
0.55999755859375,0.2543226480484009,0.379461407661438,4,0.3265380859375,Mumbai,Mumbai_r06_c04.tif,2020,2021,LIKELY_NO_CHANGE,SCATTERED_CHANGE,False,2020 -> 2025,2,PERSISTENT_CHANGE_SIGNAL,TEMPORAL_ONLY_EVIDENCE,0.0067291259765625,0.001220703125,0.00067138671875,0.0,1.0,1.0,0.05639206894835012,False,0.07260508835315704,0.013341367244720459,-0.061898261308670044,3.546875,False,NONE_DETECTED,/content/drive/MyDrive/satellite_change_detection/masks/Mumbai/Mumbai_r06_c04_2020_2021.png,UNKNOWN,0.064,Mumbai_r06_c04,19.01834855704536,72.89059576829243
0.29296875,0.3014516532421112,0.5368194580078125,4,0.091552734375,Mumbai,Mumbai_r06_c04.tif,2021,2022,LIKELY_NO_CHANGE,SCATTERED_CHANGE,False,2020 -> 2025,2,PERSISTENT_CHANGE_SIGNAL,TEMPORAL_ONLY_EVIDENCE,0.001220703125,0.00341796875,0.0,3.0517578125e-05,1.0,1.0,0.08936579020917826,False,-0.035901494324207306,0.03164921700954437,0.002100646495819092,1.384,False,NONE_DETECTED,/content/drive/MyDrive/satellite_change_detection/masks/Mumbai/Mumbai_r06_c04_2021_2022.png,UNKNOWN,0.034,Mumbai_r06_c04,19.01834855704536,72.89059576829243
0.70037841796875,0.32221704721450806,0.6008473038673401,5,0.41351318359375,Mumbai,Mumbai_r06_c04.tif,2022,2023,LIKELY_NO_CHANGE,SCATTERED_CHANGE,False,2020 -> 2025,2,PERSISTENT_CHANGE_SIGNAL,TEMPORAL_ONLY_EVIDENCE,0.00341796875,0.0012054443359375,3.0517578125e-05,0.000274658203125,1.0,1.0,0.04285921263420571,False,-0.14704571664333344,-0.006151888519525528,0.11842900514602661,1.038647342995169,False,NONE_DETECTED,/content/drive/MyDrive/satellite_change_detection/masks/Mumbai/Mumbai_r06_c04_2022_2023.png,UNKNOWN,0.085,Mumbai_r06_c04,19.01834855704536,72.89059576829243
0.50048828125,0.31413260102272034,0.6180826425552368,6,0.24566650390625,Mumbai,Mumbai_r06_c04.tif,2023,2024,LIKELY_NO_CHANGE,SCATTERED_CHANGE,False,2020 -> 2025,2,PERSISTENT_CHANGE_SIGNAL,TEMPORAL_ONLY_EVIDENCE,0.0012054443359375,0.0020599365234375,0.000274658203125,0.0,1.0,1.0,0.10762835423966019,False,-0.16603562235832214,0.0035964827984571457,0.16158358752727509,1.2054054054054053,True,SEASONAL_VARIATION_LIKELY,/content/drive/MyDrive/satellite_change_detection/masks/Mumbai/Mumbai_r06_c04_2023_2024.png,UNKNOWN,0.054,Mumbai_r06_c04,19.01834855704536,72.89059576829243
3.302001953125,0.46317577362060547,0.9911110997200012,7,2.471923828125,Mumbai,Mumbai_r06_c04.tif,2024,2025,REVIEW_REQUIRED,MODERATELY_CONNECTED,True,2020 -> 2025,2,PERSISTENT_CHANGE_SIGNAL,MODERATE_EVIDENCE,0.0020599365234375,0.000335693359375,0.0,0.0,1.0,1.0,0.09237682176599982,False,0.09357795119285583,0.38700559735298157,-0.5160956978797913,1.0244897959183674,False,NONE_DETECTED,/content/drive/MyDrive/satellite_change_detection/masks/Mumbai/Mumbai_r06_c04_2024_2025.png,WATER,0.459,Mumbai_r06_c04,19.01834855704536,72.89059576829243
1.27410888671875,0.25271397829055786,0.48224180936813354,11,0.27313232421875,Mumbai,Mumbai_r06_c04.tif,2025,2026,LOW_PRIORITY_REVIEW,SCATTERED_CHANGE,False,2020 -> 2025,2,PERSISTENT_CHANGE_SIGNAL,TEMPORAL_ONLY_EVIDENCE,0.000335693359375,0.000335693359375,0.0,0.0,1.0,1.0,0.0828975342322818,False,0.009260550141334534,0.048866286873817444,-0.04427185654640198,1.0698689956331877,False,NONE_DETECTED,/content/drive/MyDrive/satellite_change_detection/masks/Mumbai/Mumbai_r06_c04_2025_2026.png,UNKNOWN,0.144,Mumbai_r06_c04,19.01834855704536,72.89059576829243
0.05340576171875,0.2781387269496918,0.3546794056892395,1,0.05340576171875,Mumbai,Mumbai_r06_c05.tif,2020,2021,LIKELY_NO_CHANGE,SCATTERED_CHANGE,False,No supported change interval,0,NO_SIGNIFICANT_CHANGE,LOW_PRIORITY_REVIEW,0.0004425048828125,0.0014190673828125,0.0,0.0,1.0,1.0,0.019208190060759706,False,0.26601678133010864,-0.15828554332256317,-0.03427627682685852,1.0,False,NONE_DETECTED,/content/drive/MyDrive/satellite_change_detection/masks/Mumbai/Mumbai_r06_c05_2020_2021.png,UNKNOWN,0.004,Mumbai_r06_c05,19.01862447315855,72.91490513847968
0.091552734375,0.6858975887298584,0.9538918733596802,1,0.091552734375,Mumbai,Mumbai_r06_c05.tif,2021,2022,LIKELY_NO_CHANGE,SCATTERED_CHANGE,False,No supported change interval,0,NO_SIGNIFICANT_CHANGE,LOW_PRIORITY_REVIEW,0.0014190673828125,0.0012359619140625,0.0,0.0,1.0,1.0,0.06647829553215029,False,-0.005212131887674332,-0.07249119132757187,0.13207387924194336,1.0,False,NONE_DETECTED,/content/drive/MyDrive/satellite_change_detection/masks/Mumbai/Mumbai_r06_c05_2021_2022.png,UNKNOWN,0.007,Mumbai_r06_c05,19.01862447315855,72.91490513847968
0.0762939453125,0.20936988294124603,0.27939555048942566,1,0.0762939453125,Mumbai,Mumbai_r06_c05.tif,2022,2023,LIKELY_NO_CHANGE,SCATTERED_CHANGE,False,No supported change interval,0,NO_SIGNIFICANT_CHANGE,LOW_PRIORITY_REVIEW,0.0012359619140625,6.103515625e-05,0.0,0.000335693359375,1.0,1.0,0.02875586251848776,False,-0.005908891558647156,-0.028107136487960815,-0.006649583578109741,2.0,False,NONE_DETECTED,/content/drive/MyDrive/satellite_change_detection/masks/Mumbai/Mumbai_r06_c05_2022_2023.png,UNKNOWN,0.005,Mumbai_r06_c05,19.01862447315855,72.91490513847968
0.0,0.0,0.0,0,0.0,Mumbai,Mumbai_r06_c05.tif,2023,2024,LIKELY_NO_CHANGE,SCATTERED_CHANGE,False,No supported change interval,0,NO_SIGNIFICANT_CHANGE,LOW_PRIORITY_REVIEW,6.103515625e-05,0.00042724609375,0.000335693359375,0.0,1.0,1.0,0.05777774618617312,False,0.0,0.0,0.0,1.0,False,NONE_DETECTED,/content/drive/MyDrive/satellite_change_detection/masks/Mumbai/Mumbai_r06_c05_2023_2024.png,UNKNOWN,0.0,Mumbai_r06_c05,19.01862447315855,72.91490513847968
0.23956298828125,0.353210985660553,0.7588552832603455,2,0.201416015625,Mumbai,Mumbai_r06_c05.tif,2024,2025,LIKELY_NO_CHANGE,SCATTERED_CHANGE,False,No supported change interval,0,NO_SIGNIFICANT_CHANGE,LOW_PRIORITY_REVIEW,0.00042724609375,0.000152587890625,0.0,4.57763671875e-05,1.0,1.0,0.08120653084441527,False,-0.03400889039039612,0.07600167393684387,-0.17526313662528992,1.8545454545454545,False,NONE_DETECTED,/content/drive/MyDrive/satellite_change_detection/masks/Mumbai/Mumbai_r06_c05_2024_2025.png,UNKNOWN,0.018,Mumbai_r06_c05,19.01862447315855,72.91490513847968
0.3662109375,0.3337577283382416,0.7190613150596619,4,0.177001953125,Mumbai,Mumbai_r06_c05.tif,2025,2026,LIKELY_NO_CHANGE,SCATTERED_CHANGE,False,No supported change interval,0,NO_SIGNIFICANT_CHANGE,LOW_PRIORITY_REVIEW,0.000152587890625,0.0021820068359375,4.57763671875e-05,0.0,1.0,1.0,0.06330521723775,False,-0.020741045475006104,-0.04701825603842735,0.1246657446026802,1.620253164556962,False,NONE_DETECTED,/content/drive/MyDrive/satellite_change_detection/masks/Mumbai/Mumbai_r06_c05_2025_2026.png,UNKNOWN,0.027,Mumbai_r06_c05,19.01862447315855,72.91490513847968
0.25482177734375,0.18381626904010773,0.23802712559700012,5,0.06256103515625,Mumbai,Mumbai_r06_c06.tif,2020,2021,LIKELY_NO_CHANGE,SCATTERED_CHANGE,False,2020 -> 2023,3,PERSISTENT_CHANGE_SIGNAL,TEMPORAL_ONLY_EVIDENCE,0.0,0.0,0.0,0.0,1.0,1.0,0.029066977471680848,False,-0.15053728222846985,0.18928539752960205,-0.06708071380853653,1.5703703703703704,False,NONE_DETECTED,/content/drive/MyDrive/satellite_change_detection/masks/Mumbai/Mumbai_r06_c06_2020_2021.png,CONSTRUCTION,0.033,Mumbai_r06_c06,19.018897196241664,72.93921492608435
0.0457763671875,0.1920367181301117,0.2279677838087082,1,0.0457763671875,Mumbai,Mumbai_r06_c06.tif,2021,2022,LIKELY_NO_CHANGE,SCATTERED_CHANGE,False,2020 -> 2023,3,PERSISTENT_CHANGE_SIGNAL,TEMPORAL_ONLY_EVIDENCE,0.0,0.0,0.0,0.0,1.0,1.0,0.1200555982140949,False,0.10512248426675797,-0.10976830869913101,0.0660691112279892,1.2,False,NONE_DETECTED,/content/drive/MyDrive/satellite_change_detection/masks/Mumbai/Mumbai_r06_c06_2021_2022.png,UNKNOWN,0.006,Mumbai_r06_c06,19.018897196241664,72.93921492608435
2.4658203125,0.23030942678451538,0.411239355802536,6,1.3427734375,Mumbai,Mumbai_r06_c06.tif,2022,2023,REVIEW_REQUIRED,SCATTERED_CHANGE,True,2020 -> 2023,3,PERSISTENT_CHANGE_SIGNAL,TEMPORAL_ONLY_EVIDENCE,0.0,0.0,0.0,0.0,1.0,1.0,0.057245227253278554,False,-0.07221971452236176,0.12890353798866272,-0.07357876002788544,1.5565217391304347,False,NONE_DETECTED,/content/drive/MyDrive/satellite_change_detection/masks/Mumbai/Mumbai_r06_c06_2022_2023.png,CONSTRUCTION,0.345,Mumbai_r06_c06,19.018897196241664,72.93921492608435
0.0,0.0,0.0,0,0.0,Mumbai,Mumbai_r06_c06.tif,2023,2024,LIKELY_NO_CHANGE,SCATTERED_CHANGE,False,2020 -> 2023,3,PERSISTENT_CHANGE_SIGNAL,TEMPORAL_ONLY_EVIDENCE,0.0,0.0,0.0,0.0,1.0,1.0,0.0461668996102161,False,0.0,0.0,0.0,1.0,False,NONE_DETECTED,/content/drive/MyDrive/satellite_change_detection/masks/Mumbai/Mumbai_r06_c06_2023_2024.png,UNKNOWN,0.0,Mumbai_r06_c06,19.018897196241664,72.93921492608435
8.62579345703125,0.23193036019802094,0.5139016509056091,8,4.89501953125,Mumbai,Mumbai_r06_c06.tif,2024,2025,REVIEW_REQUIRED,MODERATELY_CONNECTED,True,2020 -> 2023,3,PERSISTENT_CHANGE_SIGNAL,MODERATE_EVIDENCE,0.0,0.0,0.0,0.0,1.0,1.0,0.07814021507888104,False,-0.08017349243164062,-0.2517107129096985,0.28580981492996216,1.1101321585903083,False,NONE_DETECTED,/content/drive/MyDrive/satellite_change_detection/masks/Mumbai/Mumbai_r06_c06_2024_2025.png,WATER,0.788,Mumbai_r06_c06,19.018897196241664,72.93921492608435
4.80194091796875,0.2597508728504181,0.4355216920375824,1,4.80194091796875,Mumbai,Mumbai_r06_c06.tif,2025,2026,REVIEW_REQUIRED,MODERATELY_CONNECTED,True,2020 -> 2023,3,PERSISTENT_CHANGE_SIGNAL,MODERATE_EVIDENCE,0.0,0.0,0.0,0.0,1.0,1.0,0.10096251664918618,False,0.3312970995903015,0.28577283024787903,-0.5380878448486328,1.414012738853503,False,NONE_DETECTED,/content/drive/MyDrive/satellite_change_detection/masks/Mumbai/Mumbai_r06_c06_2025_2026.png,WATER,0.768,Mumbai_r06_c06,19.018897196241664,72.93921492608435
0.0,0.0,0.0,0,0.0,Mumbai,Mumbai_r06_c07.tif,2020,2021,LIKELY_NO_CHANGE,SCATTERED_CHANGE,False,2020 -> 2023,2,PERSISTENT_CHANGE_SIGNAL,TEMPORAL_ONLY_EVIDENCE,0.0,0.0,0.0,0.0,1.0,1.0,0.12680530759703726,False,0.0,0.0,0.0,1.0,False,NONE_DETECTED,/content/drive/MyDrive/satellite_change_detection/masks/Mumbai/Mumbai_r06_c07_2020_2021.png,UNKNOWN,0.0,Mumbai_r06_c07,19.019166726059737,72.96352512625077
0.0,0.0,0.0,0,0.0,Mumbai,Mumbai_r06_c07.tif,2021,2022,LIKELY_NO_CHANGE,SCATTERED_CHANGE,False,2020 -> 2023,2,PERSISTENT_CHANGE_SIGNAL,TEMPORAL_ONLY_EVIDENCE,0.0,0.0,0.0,0.0,1.0,1.0,0.20227895865217427,False,0.0,0.0,0.0,1.0,False,NONE_DETECTED,/content/drive/MyDrive/satellite_change_detection/masks/Mumbai/Mumbai_r06_c07_2021_2022.png,UNKNOWN,0.0,Mumbai_r06_c07,19.019166726059737,72.96352512625077
0.445556640625,0.23518867790699005,0.369241327047348,3,0.27618408203125,Mumbai,Mumbai_r06_c07.tif,2022,2023,LIKELY_NO_CHANGE,SCATTERED_CHANGE,False,2020 -> 2023,2,PERSISTENT_CHANGE_SIGNAL,TEMPORAL_ONLY_EVIDENCE,0.0,0.0,0.0,0.0,1.0,1.0,0.04132766328419843,False,0.21944744884967804,-0.06497451663017273,-0.08563220500946045,1.0204081632653061,False,NONE_DETECTED,/content/drive/MyDrive/satellite_change_detection/masks/Mumbai/Mumbai_r06_c07_2022_2023.png,VEGETATION_GAIN,0.05,Mumbai_r06_c07,19.019166726059737,72.96352512625077
0.92620849609375,0.20506037771701813,0.39494311809539795,5,0.26092529296875,Mumbai,Mumbai_r06_c07.tif,2023,2024,LIKELY_NO_CHANGE,SCATTERED_CHANGE,False,2020 -> 2023,2,PERSISTENT_CHANGE_SIGNAL,TEMPORAL_ONLY_EVIDENCE,0.0,0.0,0.0,0.0,1.0,1.0,0.12927843698950278,False,-0.13927672803401947,0.04402583837509155,0.08358832448720932,1.1734693877551021,False,NONE_DETECTED,/content/drive/MyDrive/satellite_change_detection/masks/Mumbai/Mumbai_r06_c07_2023_2024.png,UNKNOWN,0.1,Mumbai_r06_c07,19.019166726059737,72.96352512625077
1.18865966796875,0.22662855684757233,0.40463787317276,4,1.04217529296875,Mumbai,Mumbai_r06_c07.tif,2024,2025,REVIEW_REQUIRED,SCATTERED_CHANGE,False,2020 -> 2023,2,PERSISTENT_CHANGE_SIGNAL,TEMPORAL_ONLY_EVIDENCE,0.0,0.0,0.0,0.0,1.0,1.0,0.19985506086753063,False,-0.21766534447669983,-0.17008528113365173,0.29538798332214355,1.1025641025641026,False,NONE_DETECTED,/content/drive/MyDrive/satellite_change_detection/masks/Mumbai/Mumbai_r06_c07_2024_2025.png,WATER,0.136,Mumbai_r06_c07,19.019166726059737,72.96352512625077
3.2623291015625,0.3456583321094513,0.6116575002670288,1,3.2623291015625,Mumbai,Mumbai_r06_c07.tif,2025,2026,REVIEW_REQUIRED,MODERATELY_CONNECTED,True,2020 -> 2023,2,PERSISTENT_CHANGE_SIGNAL,MODERATE_EVIDENCE,0.0,0.0,0.0,0.0,1.0,1.0,0.19336514013688513,False,0.3342834711074829,0.1724463403224945,-0.4471443295478821,1.1546391752577319,False,NONE_DETECTED,/content/drive/MyDrive/satellite_change_detection/masks/Mumbai/Mumbai_r06_c07_2025_2026.png,WATER,0.449,Mumbai_r06_c07,19.019166726059737,72.96352512625077
23.7091064453125,0.28689950704574585,0.6971508264541626,54,3.1219482421875,Mumbai,Mumbai_r07_c00.tif,2020,2021,REVIEW_REQUIRED,MODERATELY_CONNECTED,True,2020 -> 2021,6,PERSISTENT_CHANGE_SIGNAL,MODERATE_EVIDENCE,0.0,0.0,0.0,0.0,1.0,1.0,0.4383846640748776,False,0.050043463706970215,0.03440229594707489,-0.08404093980789185,1.0,False,NONE_DETECTED,/content/drive/MyDrive/satellite_change_detection/masks/Mumbai/Mumbai_r07_c00_2020_2021.png,UNKNOWN,0.771,Mumbai_r07_c00,18.99409375214672,72.79366753932229
38.79852294921875,0.29978519678115845,0.7615783214569092,37,12.22991943359375,Mumbai,Mumbai_r07_c00.tif,2021,2022,MODERATE_STRUCTURED_CHANGE,SPATIALLY_CONNECTED,True,2020 -> 2021,6,PERSISTENT_CHANGE_SIGNAL,REVIEW_REQUIRED,0.0,0.0,0.0,0.0,1.0,1.0,78.12406132335738,True,-0.048338502645492554,-0.09556445479393005,0.09756326675415039,1.0,False,MISALIGNMENT_SUSPECTED,/content/drive/MyDrive/satellite_change_detection/masks/Mumbai/Mumbai_r07_c00_2021_2022.png,UNKNOWN,0.3,Mumbai_r07_c00,18.99409375214672,72.79366753932229
31.549072265625,0.2853009104728699,0.8021104335784912,57,7.92694091796875,Mumbai,Mumbai_r07_c00.tif,2022,2023,MODERATE_STRUCTURED_CHANGE,MODERATELY_CONNECTED,True,2020 -> 2021,6,PERSISTENT_CHANGE_SIGNAL,REVIEW_REQUIRED,0.0,0.0,0.0,0.0,1.0,1.0,110.73220950978065,True,-0.026863127946853638,0.028332218527793884,0.00938326120376587,1.0,False,MISALIGNMENT_SUSPECTED,/content/drive/MyDrive/satellite_change_detection/masks/Mumbai/Mumbai_r07_c00_2022_2023.png,UNKNOWN,0.3,Mumbai_r07_c00,18.99409375214672,72.79366753932229
26.2603759765625,0.2989956736564636,0.988095223903656,51,4.00543212890625,Mumbai,Mumbai_r07_c00.tif,2023,2024,REVIEW_REQUIRED,MODERATELY_CONNECTED,True,2020 -> 2021,6,PERSISTENT_CHANGE_SIGNAL,REVIEW_REQUIRED,0.0,0.0,0.0,0.0,1.0,1.0,97.80962622220147,True,0.037866681814193726,-0.016500413417816162,-0.006880819797515869,1.0,False,MISALIGNMENT_SUSPECTED,/content/drive/MyDrive/satellite_change_detection/masks/Mumbai/Mumbai_r07_c00_2023_2024.png,UNKNOWN,0.3,Mumbai_r07_c00,18.99409375214672,72.79366753932229
22.320556640625,0.28297528624534607,0.7170846462249756,52,5.88531494140625,Mumbai,Mumbai_r07_c00.tif,2024,2025,MODERATE_STRUCTURED_CHANGE,MODERATELY_CONNECTED,True,2020 -> 2021,6,PERSISTENT_CHANGE_SIGNAL,REVIEW_REQUIRED,0.0,0.0,0.0,0.0,1.0,1.0,7.418873995315434,True,0.010364443063735962,-0.026755422353744507,-6.026029586791992e-05,1.0,False,MISALIGNMENT_SUSPECTED,/content/drive/MyDrive/satellite_change_detection/masks/Mumbai/Mumbai_r07_c00_2024_2025.png,UNKNOWN,0.3,Mumbai_r07_c00,18.99409375214672,72.79366753932229
48.68621826171875,0.3413465917110443,0.8619383573532104,35,26.812744140625,Mumbai,Mumbai_r07_c00.tif,2025,2026,STRUCTURED_CHANGE,SPATIALLY_CONNECTED,True,2020 -> 2021,6,PERSISTENT_CHANGE_SIGNAL,REVIEW_REQUIRED,0.0,0.0,0.0,0.0,1.0,1.0,80.30182255548435,True,0.0304507315158844,0.01193244755268097,-0.03268313407897949,1.0,False,MISALIGNMENT_SUSPECTED,/content/drive/MyDrive/satellite_change_detection/masks/Mumbai/Mumbai_r07_c00_2025_2026.png,UNKNOWN,0.3,Mumbai_r07_c00,18.99409375214672,72.79366753932229
1.7333984375,0.2986306846141815,0.6480811834335327,7,0.9735107421875,Mumbai,Mumbai_r07_c01.tif,2020,2021,LOW_PRIORITY_REVIEW,SCATTERED_CHANGE,False,2020 -> 2022,5,PERSISTENT_CHANGE_SIGNAL,TEMPORAL_ONLY_EVIDENCE,0.001800537109375,0.001190185546875,0.0119171142578125,0.006195068359375,1.0,1.0,0.04580719526411436,False,0.19004526734352112,0.13568882644176483,-0.4129394292831421,1.6842105263157894,False,NONE_DETECTED,/content/drive/MyDrive/satellite_change_detection/masks/Mumbai/Mumbai_r07_c01_2020_2021.png,WATER,0.251,Mumbai_r07_c01,18.994382060866904,72.81797183825448
0.78582763671875,0.26052385568618774,0.5993233919143677,2,0.7110595703125,Mumbai,Mumbai_r07_c01.tif,2021,2022,LIKELY_NO_CHANGE,SCATTERED_CHANGE,False,2020 -> 2022,5,PERSISTENT_CHANGE_SIGNAL,TEMPORAL_ONLY_EVIDENCE,0.001190185546875,0.001983642578125,0.006195068359375,0.00628662109375,1.0,1.0,0.08084716461299535,False,0.0793999582529068,0.11924207210540771,-0.26505547761917114,3.0,False,NONE_DETECTED,/content/drive/MyDrive/satellite_change_detection/masks/Mumbai/Mumbai_r07_c01_2021_2022.png,WATER,0.11,Mumbai_r07_c01,18.994382060866904,72.81797183825448
2.6611328125,0.3250698745250702,0.5259267091751099,8,2.08892822265625,Mumbai,Mumbai_r07_c01.tif,2022,2023,REVIEW_REQUIRED,MODERATELY_CONNECTED,True,2020 -> 2022,5,PERSISTENT_CHANGE_SIGNAL,MODERATE_EVIDENCE,0.001983642578125,0.0009918212890625,0.00628662109375,0.02899169921875,1.0,1.0,0.04183564044849443,False,-0.3458796739578247,0.20427292585372925,0.04850545525550842,1.2248803827751196,False,NONE_DETECTED,/content/drive/MyDrive/satellite_change_detection/masks/Mumbai/Mumbai_r07_c01_2022_2023.png,CONSTRUCTION,0.407,Mumbai_r07_c01,18.994382060866904,72.81797183825448
0.48675537109375,0.2941491901874542,0.4987032413482666,5,0.2410888671875,Mumbai,Mumbai_r07_c01.tif,2023,2024,LIKELY_NO_CHANGE,SCATTERED_CHANGE,False,2020 -> 2022,5,PERSISTENT_CHANGE_SIGNAL,TEMPORAL_ONLY_EVIDENCE,0.0009918212890625,0.0012969970703125,0.02899169921875,0.005462646484375,1.0,1.0,0.07339208397468022,False,-0.049799613654613495,0.017478112131357193,0.09439399838447571,1.6730769230769231,False,NONE_DETECTED,/content/drive/MyDrive/satellite_change_detection/masks/Mumbai/Mumbai_r07_c01_2023_2024.png,UNKNOWN,0.068,Mumbai_r07_c01,18.994382060866904,72.81797183825448
0.47149658203125,0.28634294867515564,0.5741032958030701,4,0.2960205078125,Mumbai,Mumbai_r07_c01.tif,2024,2025,LIKELY_NO_CHANGE,SCATTERED_CHANGE,False,2020 -> 2022,5,PERSISTENT_CHANGE_SIGNAL,TEMPORAL_ONLY_EVIDENCE,0.0012969970703125,0.0003814697265625,0.005462646484375,0.0080108642578125,1.0,1.0,0.03586173658448296,False,-0.2525385320186615,0.17636710405349731,0.03084966540336609,2.4027777777777777,False,NONE_DETECTED,/content/drive/MyDrive/satellite_change_detection/masks/Mumbai/Mumbai_r07_c01_2024_2025.png,CONSTRUCTION,0.066,Mumbai_r07_c01,18.994382060866904,72.81797183825448
0.1678466796875,0.22377926111221313,0.3701956272125244,4,0.0457763671875,Mumbai,Mumbai_r07_c01.tif,2025,2026,LIKELY_NO_CHANGE,SCATTERED_CHANGE,False,2020 -> 2022,5,PERSISTENT_CHANGE_SIGNAL,TEMPORAL_ONLY_EVIDENCE,0.0003814697265625,0.0016021728515625,0.0080108642578125,0.0044097900390625,1.0,1.0,0.06984336989295863,False,-0.00858432799577713,0.041992977261543274,-0.02937343716621399,1.14,False,NONE_DETECTED,/content/drive/MyDrive/satellite_change_detection/masks/Mumbai/Mumbai_r07_c01_2025_2026.png,UNKNOWN,0.022,Mumbai_r07_c01,18.994382060866904,72.81797183825448
0.0,0.0,0.0,0,0.0,Mumbai,Mumbai_r07_c02.tif,2020,2021,LIKELY_NO_CHANGE,SCATTERED_CHANGE,False,No supported change interval,0,NO_SIGNIFICANT_CHANGE,LOW_PRIORITY_REVIEW,0.0008544921875,0.000335693359375,0.0090179443359375,0.0019989013671875,1.0,1.0,0.018264462173271944,False,0.0,0.0,0.0,1.0,False,NONE_DETECTED,/content/drive/MyDrive/satellite_change_detection/masks/Mumbai/Mumbai_r07_c02_2020_2021.png,UNKNOWN,0.0,Mumbai_r07_c02,18.99466718169289,72.84227657374494
0.335693359375,0.47154930233955383,0.805506706237793,3,0.23651123046875,Mumbai,Mumbai_r07_c02.tif,2021,2022,LIKELY_NO_CHANGE,SCATTERED_CHANGE,False,No supported change interval,0,NO_SIGNIFICANT_CHANGE,LOW_PRIORITY_REVIEW,0.000335693359375,0.0013427734375,0.0019989013671875,0.0065765380859375,1.0,1.0,0.03651710974334011,False,-0.041594862937927246,-0.149306520819664,0.18532828986644745,1.0,False,NONE_DETECTED,/content/drive/MyDrive/satellite_change_detection/masks/Mumbai/Mumbai_r07_c02_2021_2022.png,UNKNOWN,0.027,Mumbai_r07_c02,18.99466718169289,72.84227657374494
0.31890869140625,0.33461955189704895,0.6787601709365845,6,0.08087158203125,Mumbai,Mumbai_r07_c02.tif,2022,2023,LIKELY_NO_CHANGE,SCATTERED_CHANGE,False,No supported change interval,0,NO_SIGNIFICANT_CHANGE,LOW_PRIORITY_REVIEW,0.0013427734375,0.000701904296875,0.0065765380859375,0.0238037109375,1.0,1.0,0.06354995074521065,False,-0.07974249124526978,-0.014098770916461945,0.0802561342716217,1.1148325358851674,False,NONE_DETECTED,/content/drive/MyDrive/satellite_change_detection/masks/Mumbai/Mumbai_r07_c02_2022_2023.png,UNKNOWN,0.024,Mumbai_r07_c02,18.99466718169289,72.84227657374494
0.0823974609375,0.2761894464492798,0.4922266900539398,2,0.04425048828125,Mumbai,Mumbai_r07_c02.tif,2023,2024,LIKELY_NO_CHANGE,SCATTERED_CHANGE,False,No supported change interval,0,NO_SIGNIFICANT_CHANGE,LOW_PRIORITY_REVIEW,0.000701904296875,0.0002288818359375,0.0238037109375,0.0003814697265625,1.0,1.0,0.09672080034483493,False,0.19137534499168396,-0.07230118662118912,-0.08050957322120667,1.6818181818181819,False,NONE_DETECTED,/content/drive/MyDrive/satellite_change_detection/masks/Mumbai/Mumbai_r07_c02_2023_2024.png,UNKNOWN,0.006,Mumbai_r07_c02,18.99466718169289,72.84227657374494
0.164794921875,0.3646063208580017,0.7058736085891724,2,0.10528564453125,Mumbai,Mumbai_r07_c02.tif,2024,2025,LIKELY_NO_CHANGE,SCATTERED_CHANGE,False,No supported change interval,0,NO_SIGNIFICANT_CHANGE,LOW_PRIORITY_REVIEW,0.0002288818359375,0.000152587890625,0.0003814697265625,0.0015716552734375,1.0,1.0,0.0503919569720194,False,-0.0036632195115089417,-0.014678090810775757,0.029113754630088806,6.25,False,NONE_DETECTED,/content/drive/MyDrive/satellite_change_detection/masks/Mumbai/Mumbai_r07_c02_2024_2025.png,UNKNOWN,0.013,Mumbai_r07_c02,18.99466718169289,72.84227657374494
0.970458984375,0.33072906732559204,0.7325837016105652,7,0.46844482421875,Mumbai,Mumbai_r07_c02.tif,2025,2026,LIKELY_NO_CHANGE,SCATTERED_CHANGE,False,No supported change interval,0,NO_SIGNIFICANT_CHANGE,LOW_PRIORITY_REVIEW,0.000152587890625,0.0005340576171875,0.0015716552734375,0.0004425048828125,1.0,1.0,0.026961673469632904,False,-0.06229351460933685,-0.0062530264258384705,0.04752218723297119,1.1,False,NONE_DETECTED,/content/drive/MyDrive/satellite_change_detection/masks/Mumbai/Mumbai_r07_c02_2025_2026.png,UNKNOWN,0.073,Mumbai_r07_c02,18.99466718169289,72.84227657374494
0.41961669921875,0.3067091405391693,0.7774463891983032,3,0.1983642578125,Mumbai,Mumbai_r07_c03.tif,2020,2021,LIKELY_NO_CHANGE,SCATTERED_CHANGE,False,2020 -> 2026,1,SINGLE_INTERVAL_CHANGE,LOW_PRIORITY_REVIEW,0.0,3.0517578125e-05,3.0517578125e-05,0.0,1.0,1.0,0.04000243119074754,False,0.09716391563415527,0.02578740566968918,-0.13146787881851196,2.25,False,NONE_DETECTED,/content/drive/MyDrive/satellite_change_detection/masks/Mumbai/Mumbai_r07_c03_2020_2021.png,UNKNOWN,0.04,Mumbai_r07_c03,18.99494911437908,72.86658174094293
0.18310546875,0.2721961438655853,0.4623377025127411,3,0.08392333984375,Mumbai,Mumbai_r07_c03.tif,2021,2022,LIKELY_NO_CHANGE,SCATTERED_CHANGE,False,2020 -> 2026,1,SINGLE_INTERVAL_CHANGE,LOW_PRIORITY_REVIEW,3.0517578125e-05,4.57763671875e-05,0.0,1.52587890625e-05,1.0,1.0,0.2260147296761393,False,0.029460683465003967,0.10572788864374161,-0.14596116542816162,1.1584158415841583,False,NONE_DETECTED,/content/drive/MyDrive/satellite_change_detection/masks/Mumbai/Mumbai_r07_c03_2021_2022.png,UNKNOWN,0.017,Mumbai_r07_c03,18.99494911437908,72.86658174094293
0.23345947265625,0.28379014134407043,0.8287228345870972,3,0.152587890625,Mumbai,Mumbai_r07_c03.tif,2022,2023,LIKELY_NO_CHANGE,SCATTERED_CHANGE,False,2020 -> 2026,1,SINGLE_INTERVAL_CHANGE,LOW_PRIORITY_REVIEW,4.57763671875e-05,0.0,1.52587890625e-05,7.62939453125e-05,1.0,1.0,0.13725020983568142,False,0.06150007247924805,0.03204897791147232,-0.1023368090391159,6.564102564102564,False,NONE_DETECTED,/content/drive/MyDrive/satellite_change_detection/masks/Mumbai/Mumbai_r07_c03_2022_2023.png,UNKNOWN,0.022,Mumbai_r07_c03,18.99494911437908,72.86658174094293
1.42822265625,0.3132360279560089,0.744875967502594,9,0.63934326171875,Mumbai,Mumbai_r07_c03.tif,2023,2024,LOW_PRIORITY_REVIEW,SCATTERED_CHANGE,False,2020 -> 2026,1,SINGLE_INTERVAL_CHANGE,LOW_PRIORITY_REVIEW,0.0,0.0,7.62939453125e-05,0.0,1.0,1.0,0.09857001375201575,False,-0.062126994132995605,-0.016987619921565056,0.09377647936344147,1.3333333333333333,False,NONE_DETECTED,/content/drive/MyDrive/satellite_change_detection/masks/Mumbai/Mumbai_r07_c03_2023_2024.png,UNKNOWN,0.14,Mumbai_r07_c03,18.99494911437908,72.86658174094293
0.45013427734375,0.27265143394470215,0.8743892908096313,3,0.27923583984375,Mumbai,Mumbai_r07_c03.tif,2024,2025,LIKELY_NO_CHANGE,SCATTERED_CHANGE,False,2020 -> 2026,1,SINGLE_INTERVAL_CHANGE,LOW_PRIORITY_REVIEW,0.0,0.0,0.0,0.0,1.0,1.0,0.08845471838909781,False,-0.06099553406238556,0.014213422313332558,0.03723914921283722,1.3647058823529412,False,NONE_DETECTED,/content/drive/MyDrive/satellite_change_detection/masks/Mumbai/Mumbai_r07_c03_2024_2025.png,UNKNOWN,0.041,Mumbai_r07_c03,18.99494911437908,72.86658174094293
0.274658203125,0.28657007217407227,0.5220844745635986,3,0.164794921875,Mumbai,Mumbai_r07_c03.tif,2025,2026,LIKELY_NO_CHANGE,SCATTERED_CHANGE,False,2020 -> 2026,1,SINGLE_INTERVAL_CHANGE,LOW_PRIORITY_REVIEW,0.0,4.57763671875e-05,0.0,0.0,1.0,1.0,0.04276562873535634,False,-0.1049954891204834,-0.023209773004055023,0.13051672279834747,3.5217391304347827,False,NONE_DETECTED,/content/drive/MyDrive/satellite_change_detection/masks/Mumbai/Mumbai_r07_c03_2025_2026.png,UNKNOWN,0.025,Mumbai_r07_c03,18.99494911437908,72.86658174094293
0.225830078125,0.18062910437583923,0.2370355725288391,3,0.1251220703125,Mumbai,Mumbai_r07_c04.tif,2020,2021,LIKELY_NO_CHANGE,SCATTERED_CHANGE,False,No supported change interval,0,NO_SIGNIFICANT_CHANGE,LOW_PRIORITY_REVIEW,1.52587890625e-05,0.0001220703125,0.0,0.0,1.0,1.0,0.08995920945056969,False,0.1312199831008911,0.2750338017940521,-0.43479010462760925,3.36,False,NONE_DETECTED,/content/drive/MyDrive/satellite_change_detection/masks/Mumbai/Mumbai_r07_c04_2020_2021.png,UNKNOWN,0.013,Mumbai_r07_c04,18.99522785868263,72.8908873349972
1.4617919921875,0.19956059753894806,0.7038675546646118,7,1.092529296875,Mumbai,Mumbai_r07_c04.tif,2021,2022,REVIEW_REQUIRED,SCATTERED_CHANGE,False,No supported change interval,0,NO_SIGNIFICANT_CHANGE,REVIEW_REQUIRED,0.0001220703125,0.0001068115234375,0.0,0.0,1.0,1.0,0.05698876176264513,False,-0.06262524425983429,-0.12252052128314972,0.19729143381118774,1.7235772357723578,False,NONE_DETECTED,/content/drive/MyDrive/satellite_change_detection/masks/Mumbai/Mumbai_r07_c04_2021_2022.png,WATER,0.096,Mumbai_r07_c04,18.99522785868263,72.8908873349972
0.24261474609375,0.2494516223669052,0.6176242828369141,3,0.10528564453125,Mumbai,Mumbai_r07_c04.tif,2022,2023,LIKELY_NO_CHANGE,SCATTERED_CHANGE,False,No supported change interval,0,NO_SIGNIFICANT_CHANGE,LOW_PRIORITY_REVIEW,0.0001068115234375,9.1552734375e-05,0.0,0.0,1.0,1.0,0.018256698006784096,False,-0.23882892727851868,0.06110993027687073,0.18517839908599854,1.9210526315789473,False,NONE_DETECTED,/content/drive/MyDrive/satellite_change_detection/masks/Mumbai/Mumbai_r07_c04_2022_2023.png,UNKNOWN,0.016,Mumbai_r07_c04,18.99522785868263,72.8908873349972
2.1148681640625,0.24459059536457062,0.6181979775428772,8,0.57525634765625,Mumbai,Mumbai_r07_c04.tif,2023,2024,LOW_PRIORITY_REVIEW,SCATTERED_CHANGE,True,No supported change interval,0,NO_SIGNIFICANT_CHANGE,LOW_PRIORITY_REVIEW,9.1552734375e-05,0.0,0.0,0.0,1.0,1.0,0.1501032692637483,False,-0.08168268948793411,0.037313222885131836,0.03522437810897827,1.3558282208588956,False,NONE_DETECTED,/content/drive/MyDrive/satellite_change_detection/masks/Mumbai/Mumbai_r07_c04_2023_2024.png,UNKNOWN,0.142,Mumbai_r07_c04,18.99522785868263,72.8908873349972
0.0,0.0,0.0,0,0.0,Mumbai,Mumbai_r07_c04.tif,2024,2025,LIKELY_NO_CHANGE,SCATTERED_CHANGE,False,No supported change interval,0,NO_SIGNIFICANT_CHANGE,LOW_PRIORITY_REVIEW,0.0,1.52587890625e-05,0.0,3.0517578125e-05,1.0,1.0,0.09914627236919912,False,0.0,0.0,0.0,1.0,False,NONE_DETECTED,/content/drive/MyDrive/satellite_change_detection/masks/Mumbai/Mumbai_r07_c04_2024_2025.png,UNKNOWN,0.0,Mumbai_r07_c04,18.99522785868263,72.8908873349972
0.81634521484375,0.2485085427761078,0.971115231513977,4,0.40435791015625,Mumbai,Mumbai_r07_c04.tif,2025,2026,LIKELY_NO_CHANGE,SCATTERED_CHANGE,False,No supported change interval,0,NO_SIGNIFICANT_CHANGE,LOW_PRIORITY_REVIEW,1.52587890625e-05,0.0,3.0517578125e-05,0.0,1.0,1.0,0.043998247287076825,False,0.17644788324832916,0.1440104842185974,-0.2831265926361084,1.6504065040650406,False,NONE_DETECTED,/content/drive/MyDrive/satellite_change_detection/masks/Mumbai/Mumbai_r07_c04_2025_2026.png,UNKNOWN,0.055,Mumbai_r07_c04,18.99522785868263,72.8908873349972
0.19378662109375,0.24483439326286316,0.7474972009658813,2,0.1556396484375,Mumbai,Mumbai_r07_c05.tif,2020,2021,LIKELY_NO_CHANGE,SCATTERED_CHANGE,False,2020 -> 2023,1,SINGLE_INTERVAL_CHANGE,LOW_PRIORITY_REVIEW,6.103515625e-05,1.52587890625e-05,0.0,0.0,1.0,1.0,0.06356869837588336,False,0.039726100862026215,0.12292759120464325,-0.21458788216114044,1.3636363636363635,False,NONE_DETECTED,/content/drive/MyDrive/satellite_change_detection/masks/Mumbai/Mumbai_r07_c05_2020_2021.png,UNKNOWN,0.017,Mumbai_r07_c05,18.99550341436344,72.91519335105605
0.26092529296875,0.39641356468200684,0.6841561794281006,3,0.13275146484375,Mumbai,Mumbai_r07_c05.tif,2021,2022,LIKELY_NO_CHANGE,SCATTERED_CHANGE,False,2020 -> 2023,1,SINGLE_INTERVAL_CHANGE,LOW_PRIORITY_REVIEW,1.52587890625e-05,6.103515625e-05,0.0,0.0,1.0,1.0,0.058183533968263215,False,-0.13065612316131592,0.11497070640325546,-0.030690934509038925,2.101449275362319,False,NONE_DETECTED,/content/drive/MyDrive/satellite_change_detection/masks/Mumbai/Mumbai_r07_c05_2021_2022.png,UNKNOWN,0.027,Mumbai_r07_c05,18.99550341436344,72.91519335105605
2.13470458984375,0.32521918416023254,0.8294665813446045,7,1.10931396484375,Mumbai,Mumbai_r07_c05.tif,2022,2023,REVIEW_REQUIRED,SCATTERED_CHANGE,True,2020 -> 2023,1,SINGLE_INTERVAL_CHANGE,REVIEW_REQUIRED,6.103515625e-05,0.0,0.0,0.0,1.0,1.0,0.06484773001194448,False,0.2038705050945282,0.12242412567138672,-0.2947303056716919,1.1295336787564767,False,NONE_DETECTED,/content/drive/MyDrive/satellite_change_detection/masks/Mumbai/Mumbai_r07_c05_2022_2023.png,WATER,0.216,Mumbai_r07_c05,18.99550341436344,72.91519335105605
6.88629150390625,0.24270786345005035,0.7197912335395813,8,3.40728759765625,Mumbai,Mumbai_r07_c05.tif,2023,2024,REVIEW_REQUIRED,MODERATELY_CONNECTED,True,2020 -> 2023,1,SINGLE_INTERVAL_CHANGE,REVIEW_REQUIRED,0.0,0.0001678466796875,0.0,0.0,1.0,1.0,0.14954520554599948,False,-0.18968388438224792,0.04840715229511261,0.10405157506465912,1.173913043478261,False,NONE_DETECTED,/content/drive/MyDrive/satellite_change_detection/masks/Mumbai/Mumbai_r07_c05_2023_2024.png,VEGETATION_LOSS,0.523,Mumbai_r07_c05,18.99550341436344,72.91519335105605
0.0,0.0,0.0,0,0.0,Mumbai,Mumbai_r07_c05.tif,2024,2025,LIKELY_NO_CHANGE,SCATTERED_CHANGE,False,2020 -> 2023,1,SINGLE_INTERVAL_CHANGE,LOW_PRIORITY_REVIEW,0.0001678466796875,6.103515625e-05,0.0,4.57763671875e-05,1.0,1.0,0.016568116034345496,False,0.0,0.0,0.0,1.0,False,NONE_DETECTED,/content/drive/MyDrive/satellite_change_detection/masks/Mumbai/Mumbai_r07_c05_2024_2025.png,UNKNOWN,0.0,Mumbai_r07_c05,18.99550341436344,72.91519335105605
0.23345947265625,0.2362259477376938,0.3554515540599823,2,0.12359619140625,Mumbai,Mumbai_r07_c05.tif,2025,2026,LIKELY_NO_CHANGE,SCATTERED_CHANGE,False,2020 -> 2023,1,SINGLE_INTERVAL_CHANGE,LOW_PRIORITY_REVIEW,6.103515625e-05,0.0002288818359375,4.57763671875e-05,0.0,1.0,1.0,0.0900513515079251,False,-0.1012139618396759,0.3314657211303711,-0.19825729727745056,2.3780487804878048,False,NONE_DETECTED,/content/drive/MyDrive/satellite_change_detection/masks/Mumbai/Mumbai_r07_c05_2025_2026.png,UNKNOWN,0.02,Mumbai_r07_c05,18.99550341436344,72.91519335105605
0.823974609375,0.3788631856441498,0.9295499324798584,7,0.19989013671875,Mumbai,Mumbai_r07_c06.tif,2020,2021,LIKELY_NO_CHANGE,SCATTERED_CHANGE,False,2020 -> 2023,4,PERSISTENT_CHANGE_SIGNAL,TEMPORAL_ONLY_EVIDENCE,0.0,0.0,0.0,0.0,1.0,1.0,0.13622272499260019,False,0.15202705562114716,0.13290035724639893,-0.2637520134449005,1.7534246575342465,False,NONE_DETECTED,/content/drive/MyDrive/satellite_change_detection/masks/Mumbai/Mumbai_r07_c06_2020_2021.png,WATER,0.123,Mumbai_r07_c06,18.995775781184136,72.93949978426727
0.64239501953125,0.3892013728618622,0.9293835759162903,7,0.2655029296875,Mumbai,Mumbai_r07_c06.tif,2021,2022,LIKELY_NO_CHANGE,SCATTERED_CHANGE,False,2020 -> 2023,4,PERSISTENT_CHANGE_SIGNAL,TEMPORAL_ONLY_EVIDENCE,0.0,0.0,0.0,0.0,1.0,1.0,0.015077144910104945,False,0.06675279140472412,0.10814112424850464,-0.1701929271221161,1.1236559139784945,False,NONE_DETECTED,/content/drive/MyDrive/satellite_change_detection/masks/Mumbai/Mumbai_r07_c06_2021_2022.png,WATER,0.097,Mumbai_r07_c06,18.995775781184136,72.93949978426727
12.09259033203125,0.29118841886520386,0.9620844721794128,14,4.8187255859375,Mumbai,Mumbai_r07_c06.tif,2022,2023,REVIEW_REQUIRED,MODERATELY_CONNECTED,True,2020 -> 2023,4,PERSISTENT_CHANGE_SIGNAL,MODERATE_EVIDENCE,0.0,0.0,0.0,0.0,1.0,1.0,0.3702277712046116,False,0.07082556188106537,-0.12371918559074402,0.033037543296813965,1.0,False,NONE_DETECTED,/content/drive/MyDrive/satellite_change_detection/masks/Mumbai/Mumbai_r07_c06_2022_2023.png,UNKNOWN,0.816,Mumbai_r07_c06,18.995775781184136,72.93949978426727
4.0069580078125,0.3367737829685211,0.8757692575454712,5,2.95257568359375,Mumbai,Mumbai_r07_c06.tif,2023,2024,REVIEW_REQUIRED,MODERATELY_CONNECTED,True,2020 -> 2023,4,PERSISTENT_CHANGE_SIGNAL,MODERATE_EVIDENCE,0.0,0.0,0.0,0.0,1.0,1.0,0.30284776429526955,False,-0.03739237040281296,0.092547208070755,-0.053994208574295044,1.5430463576158941,False,NONE_DETECTED,/content/drive/MyDrive/satellite_change_detection/masks/Mumbai/Mumbai_r07_c06_2023_2024.png,UNKNOWN,0.635,Mumbai_r07_c06,18.995775781184136,72.93949978426727
1.3580322265625,0.437801331281662,0.9468554854393005,4,0.52642822265625,Mumbai,Mumbai_r07_c06.tif,2024,2025,LOW_PRIORITY_REVIEW,SCATTERED_CHANGE,False,2020 -> 2023,4,PERSISTENT_CHANGE_SIGNAL,TEMPORAL_ONLY_EVIDENCE,0.0,0.0,0.0,0.0,1.0,1.0,0.3333913305018043,False,-0.09729381650686264,-0.0944632887840271,0.16415882110595703,1.0171673819742488,False,NONE_DETECTED,/content/drive/MyDrive/satellite_change_detection/masks/Mumbai/Mumbai_r07_c06_2024_2025.png,WATER,0.207,Mumbai_r07_c06,18.995775781184136,72.93949978426727
2.07672119140625,0.37230661511421204,0.7605903148651123,2,1.96075439453125,Mumbai,Mumbai_r07_c06.tif,2025,2026,REVIEW_REQUIRED,SCATTERED_CHANGE,True,2020 -> 2023,4,PERSISTENT_CHANGE_SIGNAL,TEMPORAL_ONLY_EVIDENCE,0.0,0.0,0.0,0.0,1.0,1.0,0.18441189404582897,False,0.22393208742141724,0.1711241602897644,-0.32930633425712585,1.1818181818181819,False,NONE_DETECTED,/content/drive/MyDrive/satellite_change_detection/masks/Mumbai/Mumbai_r07_c06_2025_2026.png,WATER,0.326,Mumbai_r07_c06,18.995775781184136,72.93949978426727
48.67095947265625,0.3056623041629791,0.9264705777168274,28,20.64971923828125,Mumbai,Mumbai_r07_c07.tif,2020,2021,STRUCTURED_CHANGE,SPATIALLY_CONNECTED,True,2020 -> 2021,6,PERSISTENT_CHANGE_SIGNAL,REVIEW_REQUIRED,0.0,0.0,0.0,0.0,1.0,1.0,2.1619776974600957,True,0.03154495358467102,-0.04081892967224121,-0.013122200965881348,1.0,False,MISALIGNMENT_SUSPECTED,/content/drive/MyDrive/satellite_change_detection/masks/Mumbai/Mumbai_r07_c07_2020_2021.png,UNKNOWN,0.3,Mumbai_r07_c07,18.99604495891009,72.9638066297782
34.64813232421875,0.27226999402046204,0.9209810495376587,31,12.8387451171875,Mumbai,Mumbai_r07_c07.tif,2021,2022,MODERATE_STRUCTURED_CHANGE,SPATIALLY_CONNECTED,True,2020 -> 2021,6,PERSISTENT_CHANGE_SIGNAL,STRONG_EVIDENCE,0.0,0.0,0.0,0.0,1.0,1.0,0.9935549833534765,False,-0.010337680578231812,0.06570976972579956,-0.043145954608917236,1.0,False,NONE_DETECTED,/content/drive/MyDrive/satellite_change_detection/masks/Mumbai/Mumbai_r07_c07_2021_2022.png,UNKNOWN,0.936,Mumbai_r07_c07,18.99604495891009,72.9638066297782
25.616455078125,0.2607775032520294,0.9661005735397339,22,15.55328369140625,Mumbai,Mumbai_r07_c07.tif,2022,2023,MODERATE_STRUCTURED_CHANGE,SPATIALLY_CONNECTED,True,2020 -> 2021,6,PERSISTENT_CHANGE_SIGNAL,STRONG_EVIDENCE,0.0,0.0,0.0,0.0,1.0,1.0,0.7550569498550089,False,-0.008816689252853394,-0.17254945635795593,0.1279538869857788,1.0,False,NONE_DETECTED,/content/drive/MyDrive/satellite_change_detection/masks/Mumbai/Mumbai_r07_c07_2022_2023.png,UNKNOWN,0.93,Mumbai_r07_c07,18.99604495891009,72.9638066297782
7.135009765625,0.287727028131485,0.8983488082885742,24,3.52630615234375,Mumbai,Mumbai_r07_c07.tif,2023,2024,REVIEW_REQUIRED,MODERATELY_CONNECTED,True,2020 -> 2021,6,PERSISTENT_CHANGE_SIGNAL,MODERATE_EVIDENCE,0.0,0.0,0.0,0.0,1.0,1.0,1.5850159826975796,False,0.004397779703140259,0.08283424377441406,-0.07849442958831787,1.0,False,NONE_DETECTED,/content/drive/MyDrive/satellite_change_detection/masks/Mumbai/Mumbai_r07_c07_2023_2024.png,UNKNOWN,0.782,Mumbai_r07_c07,18.99604495891009,72.9638066297782
5.1300048828125,0.28898394107818604,0.7169322371482849,20,2.59552001953125,Mumbai,Mumbai_r07_c07.tif,2024,2025,REVIEW_REQUIRED,MODERATELY_CONNECTED,True,2020 -> 2021,6,PERSISTENT_CHANGE_SIGNAL,MODERATE_EVIDENCE,0.0,0.0,0.0,0.0,1.0,1.0,0.4825647624039086,False,-0.09674221277236938,0.014734119176864624,0.050667762756347656,1.0199203187250996,False,NONE_DETECTED,/content/drive/MyDrive/satellite_change_detection/masks/Mumbai/Mumbai_r07_c07_2024_2025.png,UNKNOWN,0.759,Mumbai_r07_c07,18.99604495891009,72.9638066297782
5.02777099609375,0.25654852390289307,0.9360554814338684,19,1.1962890625,Mumbai,Mumbai_r07_c07.tif,2025,2026,REVIEW_REQUIRED,SCATTERED_CHANGE,True,2020 -> 2021,6,PERSISTENT_CHANGE_SIGNAL,TEMPORAL_ONLY_EVIDENCE,0.0,0.0,0.0,0.0,1.0,1.0,0.6290476762303733,False,0.00872763991355896,0.08053204417228699,-0.049468159675598145,1.0252100840336134,False,NONE_DETECTED,/content/drive/MyDrive/satellite_change_detection/masks/Mumbai/Mumbai_r07_c07_2025_2026.png,UNKNOWN,0.708,Mumbai_r07_c07,18.99604495891009,72.9638066297782
